[TsDigitalMultiMeterViewer Ver.19.0.0 : Auto save Log-1 [@HID Multimeter] : Date 00:00:00];Geoelectric Helix Radar;Geoelectric Helix Radar
 Elapsed time | Main Value               | Mode  | Date Time
   1:27'27"38 ; DC    ;  66,160 ;     mV ;       ; 00:00:00
   1:27'27"79 ; DC    ;  66,180 ;     mV ;       ; 00:00:00
   1:27'28"15 ; DC    ;  66,190 ;     mV ;       ; 00:00:00
   1:27'28"50 ; DC    ;  66,180 ;     mV ;       ; 00:00:01
   1:27'28"92 ; DC    ;  66,190 ;     mV ;       ; 00:00:01
   1:27'29"32 ; DC    ;  66,190 ;     mV ;       ; 00:00:01
   1:27'29"69 ; DC    ;  66,200 ;     mV ;       ; 00:00:02
   1:27'30"15 ; DC    ;  66,220 ;     mV ;       ; 00:00:02
   1:27'30"51 ; DC    ;  66,220 ;     mV ;       ; 00:00:03
   1:27'30"91 ; DC    ;  66,200 ;     mV ;       ; 00:00:03
   1:27'31"27 ; DC    ;  66,190 ;     mV ;       ; 00:00:03
   1:27'31"66 ; DC    ;  66,230 ;     mV ;       ; 00:00:04
   1:27'32"02 ; DC    ;  66,220 ;     mV ;       ; 00:00:04
   1:27'32"35 ; DC    ;  66,230 ;     mV ;       ; 00:00:05
   1:27'32"69 ; DC    ;  66,270 ;     mV ;       ; 00:00:05
   1:27'33"05 ; DC    ;  66,190 ;     mV ;       ; 00:00:05
   1:27'33"39 ; DC    ;  66,250 ;     mV ;       ; 00:00:06
   1:27'33"75 ; DC    ;  66,190 ;     mV ;       ; 00:00:06
   1:27'34"10 ; DC    ;  66,270 ;     mV ;       ; 00:00:06
   1:27'34"46 ; DC    ;  66,300 ;     mV ;       ; 00:00:07
   1:27'34"79 ; DC    ;  66,280 ;     mV ;       ; 00:00:07
   1:27'35"19 ; DC    ;  66,300 ;     mV ;       ; 00:00:07
   1:27'35"56 ; DC    ;  66,310 ;     mV ;       ; 00:00:08
   1:27'35"91 ; DC    ;  66,310 ;     mV ;       ; 00:00:08
   1:27'36"27 ; DC    ;  66,300 ;     mV ;       ; 00:00:08
   1:27'36"61 ; DC    ;  66,320 ;     mV ;       ; 00:00:09
   1:27'36"94 ; DC    ;  66,310 ;     mV ;       ; 00:00:09
   1:27'37"27 ; DC    ;  66,350 ;     mV ;       ; 00:00:09
   1:27'37"60 ; DC    ;  66,330 ;     mV ;       ; 00:00:10
   1:27'37"93 ; DC    ;  66,340 ;     mV ;       ; 00:00:10
   1:27'38"26 ; DC    ;  66,360 ;     mV ;       ; 00:00:10
   1:27'38"58 ; DC    ;  66,360 ;     mV ;       ; 00:00:11
   1:27'38"91 ; DC    ;  66,360 ;     mV ;       ; 00:00:11
   1:27'39"25 ; DC    ;  66,390 ;     mV ;       ; 00:00:11
   1:27'39"63 ; DC    ;  66,390 ;     mV ;       ; 00:00:12
   1:27'39"99 ; DC    ;  66,390 ;     mV ;       ; 00:00:12
   1:27'40"34 ; DC    ;  66,390 ;     mV ;       ; 00:00:13
   1:27'40"66 ; DC    ;  66,390 ;     mV ;       ; 00:00:13
   1:27'41"01 ; DC    ;  66,420 ;     mV ;       ; 00:00:13
   1:27'41"35 ; DC    ;  66,440 ;     mV ;       ; 00:00:14
   1:27'41"69 ; DC    ;  66,410 ;     mV ;       ; 00:00:14
   1:27'42"03 ; DC    ;  66,440 ;     mV ;       ; 00:00:14
   1:27'42"36 ; DC    ;  66,420 ;     mV ;       ; 00:00:15
   1:27'42"69 ; DC    ;  66,440 ;     mV ;       ; 00:00:15
   1:27'43"04 ; DC    ;  66,420 ;     mV ;       ; 00:00:15
   1:27'43"37 ; DC    ;  66,410 ;     mV ;       ; 00:00:16
   1:27'43"71 ; DC    ;  66,440 ;     mV ;       ; 00:00:16
   1:27'44"05 ; DC    ;  66,450 ;     mV ;       ; 00:00:16
   1:27'44"39 ; DC    ;  66,430 ;     mV ;       ; 00:00:17
   1:27'44"73 ; DC    ;  66,440 ;     mV ;       ; 00:00:17
   1:27'45"10 ; DC    ;  66,430 ;     mV ;       ; 00:00:17
   1:27'45"45 ; DC    ;  66,430 ;     mV ;       ; 00:00:18
   1:27'45"79 ; DC    ;  66,450 ;     mV ;       ; 00:00:18
   1:27'46"13 ; DC    ;  66,460 ;     mV ;       ; 00:00:18
   1:27'46"46 ; DC    ;  66,450 ;     mV ;       ; 00:00:19
   1:27'46"81 ; DC    ;  66,490 ;     mV ;       ; 00:00:19
   1:27'47"17 ; DC    ;  66,480 ;     mV ;       ; 00:00:19
   1:27'47"49 ; DC    ;  66,500 ;     mV ;       ; 00:00:20
   1:27'47"82 ; DC    ;  66,460 ;     mV ;       ; 00:00:20
   1:27'48"16 ; DC    ;  66,480 ;     mV ;       ; 00:00:20
   1:27'48"49 ; DC    ;  66,470 ;     mV ;       ; 00:00:21
   1:27'48"82 ; DC    ;  66,500 ;     mV ;       ; 00:00:21
   1:27'49"14 ; DC    ;  66,480 ;     mV ;       ; 00:00:21
   1:27'49"48 ; DC    ;  66,530 ;     mV ;       ; 00:00:22
   1:27'49"81 ; DC    ;  66,500 ;     mV ;       ; 00:00:22
   1:27'50"17 ; DC    ;  66,560 ;     mV ;       ; 00:00:22
   1:27'50"53 ; DC    ;  66,530 ;     mV ;       ; 00:00:23
   1:27'50"87 ; DC    ;  66,570 ;     mV ;       ; 00:00:23
   1:27'51"22 ; DC    ;  66,520 ;     mV ;       ; 00:00:23
   1:27'51"61 ; DC    ;  66,530 ;     mV ;       ; 00:00:24
   1:27'51"95 ; DC    ;  66,530 ;     mV ;       ; 00:00:24
   1:27'52"31 ; DC    ;  66,520 ;     mV ;       ; 00:00:24
   1:27'52"65 ; DC    ;  66,530 ;     mV ;       ; 00:00:25
   1:27'53"04 ; DC    ;  66,540 ;     mV ;       ; 00:00:25
   1:27'53"43 ; DC    ;  66,560 ;     mV ;       ; 00:00:26
   1:27'53"79 ; DC    ;  66,550 ;     mV ;       ; 00:00:26
   1:27'54"14 ; DC    ;  66,580 ;     mV ;       ; 00:00:26
   1:27'54"50 ; DC    ;  66,550 ;     mV ;       ; 00:00:27
   1:27'54"84 ; DC    ;  66,570 ;     mV ;       ; 00:00:27
   1:27'55"20 ; DC    ;  66,600 ;     mV ;       ; 00:00:27
   1:27'55"54 ; DC    ;  66,590 ;     mV ;       ; 00:00:28
   1:27'55"90 ; DC    ;  66,610 ;     mV ;       ; 00:00:28
   1:27'56"26 ; DC    ;  66,600 ;     mV ;       ; 00:00:28
   1:27'56"61 ; DC    ;  66,630 ;     mV ;       ; 00:00:29
   1:27'56"96 ; DC    ;  66,630 ;     mV ;       ; 00:00:29
   1:27'57"29 ; DC    ;  66,650 ;     mV ;       ; 00:00:29
   1:27'57"62 ; DC    ;  66,640 ;     mV ;       ; 00:00:30
   1:27'57"94 ; DC    ;  66,650 ;     mV ;       ; 00:00:30
   1:27'58"29 ; DC    ;  66,640 ;     mV ;       ; 00:00:30
   1:27'58"64 ; DC    ;  66,650 ;     mV ;       ; 00:00:31
   1:27'58"97 ; DC    ;  66,630 ;     mV ;       ; 00:00:31
   1:27'59"38 ; DC    ;  66,640 ;     mV ;       ; 00:00:32
   1:27'59"73 ; DC    ;  66,640 ;     mV ;       ; 00:00:32
   1:28'00"13 ; DC    ;  66,630 ;     mV ;       ; 00:00:32
   1:28'00"46 ; DC    ;  66,630 ;     mV ;       ; 00:00:33
   1:28'00"88 ; DC    ;  66,640 ;     mV ;       ; 00:00:33
   1:28'01"21 ; DC    ;  66,620 ;     mV ;       ; 00:00:33
   1:28'01"55 ; DC    ;  66,660 ;     mV ;       ; 00:00:34
   1:28'01"89 ; DC    ;  66,620 ;     mV ;       ; 00:00:34
   1:28'02"26 ; DC    ;  66,660 ;     mV ;       ; 00:00:34
   1:28'02"61 ; DC    ;  66,660 ;     mV ;       ; 00:00:35
   1:28'03"05 ; DC    ;  66,650 ;     mV ;       ; 00:00:35
   1:28'03"41 ; DC    ;  66,650 ;     mV ;       ; 00:00:36
   1:28'03"78 ; DC    ;  66,640 ;     mV ;       ; 00:00:36
   1:28'04"12 ; DC    ;  66,650 ;     mV ;       ; 00:00:36
   1:28'04"48 ; DC    ;  66,630 ;     mV ;       ; 00:00:37
   1:28'04"82 ; DC    ;  66,670 ;     mV ;       ; 00:00:37
   1:28'05"17 ; DC    ;  66,650 ;     mV ;       ; 00:00:37
   1:28'05"53 ; DC    ;  66,710 ;     mV ;       ; 00:00:38
   1:28'05"95 ; DC    ;  66,740 ;     mV ;       ; 00:00:38
   1:28'06"31 ; DC    ;  66,690 ;     mV ;       ; 00:00:38
   1:28'06"68 ; DC    ;  66,710 ;     mV ;       ; 00:00:39
   1:28'07"02 ; DC    ;  66,700 ;     mV ;       ; 00:00:39
   1:28'07"36 ; DC    ;  66,670 ;     mV ;       ; 00:00:40
   1:28'07"73 ; DC    ;  66,690 ;     mV ;       ; 00:00:40
   1:28'08"07 ; DC    ;  66,710 ;     mV ;       ; 00:00:40
   1:28'08"40 ; DC    ;  66,690 ;     mV ;       ; 00:00:41
   1:28'08"77 ; DC    ;  66,710 ;     mV ;       ; 00:00:41
   1:28'09"10 ; DC    ;  66,700 ;     mV ;       ; 00:00:41
   1:28'09"44 ; DC    ;  66,710 ;     mV ;       ; 00:00:42
   1:28'09"78 ; DC    ;  66,730 ;     mV ;       ; 00:00:42
   1:28'10"12 ; DC    ;  66,730 ;     mV ;       ; 00:00:42
   1:28'10"44 ; DC    ;  66,700 ;     mV ;       ; 00:00:43
   1:28'10"78 ; DC    ;  66,730 ;     mV ;       ; 00:00:43
   1:28'11"14 ; DC    ;  66,720 ;     mV ;       ; 00:00:43
   1:28'11"48 ; DC    ;  66,710 ;     mV ;       ; 00:00:44
   1:28'11"86 ; DC    ;  66,730 ;     mV ;       ; 00:00:44
   1:28'12"20 ; DC    ;  66,760 ;     mV ;       ; 00:00:44
   1:28'12"54 ; DC    ;  66,730 ;     mV ;       ; 00:00:45
   1:28'12"87 ; DC    ;  66,770 ;     mV ;       ; 00:00:45
   1:28'13"19 ; DC    ;  66,740 ;     mV ;       ; 00:00:45
   1:28'13"53 ; DC    ;  66,750 ;     mV ;       ; 00:00:46
   1:28'13"85 ; DC    ;  66,740 ;     mV ;       ; 00:00:46
   1:28'14"18 ; DC    ;  66,730 ;     mV ;       ; 00:00:46
   1:28'14"52 ; DC    ;  66,740 ;     mV ;       ; 00:00:47
   1:28'14"86 ; DC    ;  66,730 ;     mV ;       ; 00:00:47
   1:28'15"25 ; DC    ;  66,720 ;     mV ;       ; 00:00:47
   1:28'15"59 ; DC    ;  66,740 ;     mV ;       ; 00:00:48
   1:28'15"92 ; DC    ;  66,730 ;     mV ;       ; 00:00:48
   1:28'16"25 ; DC    ;  66,730 ;     mV ;       ; 00:00:48
   1:28'16"57 ; DC    ;  66,750 ;     mV ;       ; 00:00:49
   1:28'16"89 ; DC    ;  66,720 ;     mV ;       ; 00:00:49
   1:28'17"23 ; DC    ;  66,750 ;     mV ;       ; 00:00:49
   1:28'17"58 ; DC    ;  66,750 ;     mV ;       ; 00:00:50
   1:28'17"90 ; DC    ;  66,760 ;     mV ;       ; 00:00:50
   1:28'18"25 ; DC    ;  66,790 ;     mV ;       ; 00:00:50
   1:28'18"65 ; DC    ;  66,770 ;     mV ;       ; 00:00:51
   1:28'18"99 ; DC    ;  66,780 ;     mV ;       ; 00:00:51
   1:28'19"32 ; DC    ;  66,770 ;     mV ;       ; 00:00:51
   1:28'19"68 ; DC    ;  66,770 ;     mV ;       ; 00:00:52
   1:28'20"01 ; DC    ;  66,770 ;     mV ;       ; 00:00:52
   1:28'20"34 ; DC    ;  66,780 ;     mV ;       ; 00:00:53
   1:28'20"66 ; DC    ;  66,790 ;     mV ;       ; 00:00:53
   1:28'21"00 ; DC    ;  66,810 ;     mV ;       ; 00:00:53
   1:28'21"37 ; DC    ;  66,800 ;     mV ;       ; 00:00:54
   1:28'21"74 ; DC    ;  66,820 ;     mV ;       ; 00:00:54
   1:28'22"09 ; DC    ;  66,800 ;     mV ;       ; 00:00:54
   1:28'22"41 ; DC    ;  66,820 ;     mV ;       ; 00:00:55
   1:28'22"74 ; DC    ;  66,830 ;     mV ;       ; 00:00:55
   1:28'23"09 ; DC    ;  66,820 ;     mV ;       ; 00:00:55
   1:28'23"49 ; DC    ;  66,840 ;     mV ;       ; 00:00:56
   1:28'23"84 ; DC    ;  66,850 ;     mV ;       ; 00:00:56
   1:28'24"18 ; DC    ;  66,820 ;     mV ;       ; 00:00:56
   1:28'24"51 ; DC    ;  66,860 ;     mV ;       ; 00:00:57
   1:28'24"85 ; DC    ;  66,850 ;     mV ;       ; 00:00:57
   1:28'25"27 ; DC    ;  66,850 ;     mV ;       ; 00:00:57
   1:28'25"66 ; DC    ;  66,880 ;     mV ;       ; 00:00:58
   1:28'26"01 ; DC    ;  66,880 ;     mV ;       ; 00:00:58
   1:28'26"33 ; DC    ;  66,870 ;     mV ;       ; 00:00:59
   1:28'26"67 ; DC    ;  66,880 ;     mV ;       ; 00:00:59
   1:28'26"99 ; DC    ;  66,860 ;     mV ;       ; 00:00:59
   1:28'27"32 ; DC    ;  66,920 ;     mV ;       ; 00:00:59
   1:28'27"67 ; DC    ;  66,860 ;     mV ;       ; 00:01:00
   1:28'27"99 ; DC    ;  66,870 ;     mV ;       ; 00:01:00
   1:28'28"34 ; DC    ;  66,880 ;     mV ;       ; 00:01:01
   1:28'28"83 ; DC    ;  66,910 ;     mV ;       ; 00:01:01
   1:28'29"24 ; DC    ;  66,920 ;     mV ;       ; 00:01:01
   1:28'29"66 ; DC    ;  66,900 ;     mV ;       ; 00:01:02
   1:28'30"06 ; DC    ;  66,870 ;     mV ;       ; 00:01:02
   1:28'30"41 ; DC    ;  66,880 ;     mV ;       ; 00:01:03
   1:28'30"77 ; DC    ;  66,910 ;     mV ;       ; 00:01:03
   1:28'31"10 ; DC    ;  66,920 ;     mV ;       ; 00:01:03
   1:28'31"43 ; DC    ;  66,900 ;     mV ;       ; 00:01:04
   1:28'31"77 ; DC    ;  66,900 ;     mV ;       ; 00:01:04
   1:28'32"16 ; DC    ;  66,850 ;     mV ;       ; 00:01:04
   1:28'32"53 ; DC    ;  66,910 ;     mV ;       ; 00:01:05
   1:28'32"89 ; DC    ;  66,870 ;     mV ;       ; 00:01:05
   1:28'33"23 ; DC    ;  66,900 ;     mV ;       ; 00:01:05
   1:28'33"73 ; DC    ;  66,910 ;     mV ;       ; 00:01:06
   1:28'34"07 ; DC    ;  66,900 ;     mV ;       ; 00:01:06
   1:28'34"48 ; DC    ;  66,880 ;     mV ;       ; 00:01:07
   1:28'34"90 ; DC    ;  66,930 ;     mV ;       ; 00:01:07
   1:28'35"28 ; DC    ;  66,920 ;     mV ;       ; 00:01:07
   1:28'35"64 ; DC    ;  66,940 ;     mV ;       ; 00:01:08
   1:28'35"98 ; DC    ;  66,870 ;     mV ;       ; 00:01:08
   1:28'36"31 ; DC    ;  66,930 ;     mV ;       ; 00:01:08
   1:28'36"65 ; DC    ;  66,900 ;     mV ;       ; 00:01:09
   1:28'36"98 ; DC    ;  66,930 ;     mV ;       ; 00:01:09
   1:28'37"31 ; DC    ;  66,900 ;     mV ;       ; 00:01:09
   1:28'37"65 ; DC    ;  66,930 ;     mV ;       ; 00:01:10
   1:28'37"97 ; DC    ;  66,920 ;     mV ;       ; 00:01:10
   1:28'38"44 ; DC    ;  66,970 ;     mV ;       ; 00:01:11
   1:28'38"79 ; DC    ;  66,940 ;     mV ;       ; 00:01:11
   1:28'39"14 ; DC    ;  66,970 ;     mV ;       ; 00:01:11
   1:28'39"49 ; DC    ;  66,940 ;     mV ;       ; 00:01:12
   1:28'39"85 ; DC    ;  66,970 ;     mV ;       ; 00:01:12
   1:28'40"22 ; DC    ;  66,950 ;     mV ;       ; 00:01:12
   1:28'40"58 ; DC    ;  66,980 ;     mV ;       ; 00:01:13
   1:28'40"95 ; DC    ;  66,950 ;     mV ;       ; 00:01:13
   1:28'41"33 ; DC    ;  66,940 ;     mV ;       ; 00:01:14
   1:28'41"72 ; DC    ;  66,950 ;     mV ;       ; 00:01:14
   1:28'42"18 ; DC    ;  66,950 ;     mV ;       ; 00:01:14
   1:28'42"57 ; DC    ;  66,990 ;     mV ;       ; 00:01:15
   1:28'42"95 ; DC    ;  66,960 ;     mV ;       ; 00:01:15
   1:28'43"31 ; DC    ;  66,990 ;     mV ;       ; 00:01:15
   1:28'43"69 ; DC    ;  66,960 ;     mV ;       ; 00:01:16
   1:28'44"04 ; DC    ;  66,980 ;     mV ;       ; 00:01:16
   1:28'44"40 ; DC    ;  67,000 ;     mV ;       ; 00:01:17
   1:28'44"79 ; DC    ;  67,000 ;     mV ;       ; 00:01:17
   1:28'45"17 ; DC    ;  67,010 ;     mV ;       ; 00:01:17
   1:28'45"61 ; DC    ;  67,000 ;     mV ;       ; 00:01:18
   1:28'46"02 ; DC    ;  67,010 ;     mV ;       ; 00:01:18
   1:28'46"42 ; DC    ;  67,010 ;     mV ;       ; 00:01:19
   1:28'46"76 ; DC    ;  67,000 ;     mV ;       ; 00:01:19
   1:28'47"08 ; DC    ;  67,040 ;     mV ;       ; 00:01:19
   1:28'47"46 ; DC    ;  67,030 ;     mV ;       ; 00:01:20
   1:28'47"80 ; DC    ;  67,030 ;     mV ;       ; 00:01:20
   1:28'48"14 ; DC    ;  67,050 ;     mV ;       ; 00:01:20
   1:28'48"48 ; DC    ;  67,030 ;     mV ;       ; 00:01:21
   1:28'48"89 ; DC    ;  67,020 ;     mV ;       ; 00:01:21
   1:28'49"32 ; DC    ;  67,060 ;     mV ;       ; 00:01:21
   1:28'49"66 ; DC    ;  67,030 ;     mV ;       ; 00:01:22
   1:28'49"99 ; DC    ;  67,000 ;     mV ;       ; 00:01:22
   1:28'50"35 ; DC    ;  67,040 ;     mV ;       ; 00:01:23
   1:28'50"70 ; DC    ;  67,020 ;     mV ;       ; 00:01:23
   1:28'51"02 ; DC    ;  67,070 ;     mV ;       ; 00:01:23
   1:28'51"36 ; DC    ;  67,040 ;     mV ;       ; 00:01:24
   1:28'51"70 ; DC    ;  67,050 ;     mV ;       ; 00:01:24
   1:28'52"04 ; DC    ;  67,070 ;     mV ;       ; 00:01:24
   1:28'52"38 ; DC    ;  67,060 ;     mV ;       ; 00:01:25
   1:28'52"71 ; DC    ;  67,020 ;     mV ;       ; 00:01:25
   1:28'53"04 ; DC    ;  67,030 ;     mV ;       ; 00:01:25
   1:28'53"38 ; DC    ;  67,030 ;     mV ;       ; 00:01:26
   1:28'53"72 ; DC    ;  67,060 ;     mV ;       ; 00:01:26
   1:28'54"06 ; DC    ;  67,040 ;     mV ;       ; 00:01:26
   1:28'54"39 ; DC    ;  67,060 ;     mV ;       ; 00:01:27
   1:28'54"71 ; DC    ;  67,060 ;     mV ;       ; 00:01:27
   1:28'55"05 ; DC    ;  67,080 ;     mV ;       ; 00:01:27
   1:28'55"39 ; DC    ;  67,050 ;     mV ;       ; 00:01:28
   1:28'55"75 ; DC    ;  67,070 ;     mV ;       ; 00:01:28
   1:28'56"09 ; DC    ;  67,060 ;     mV ;       ; 00:01:28
   1:28'56"42 ; DC    ;  67,070 ;     mV ;       ; 00:01:29
   1:28'56"74 ; DC    ;  67,070 ;     mV ;       ; 00:01:29
   1:28'57"07 ; DC    ;  67,070 ;     mV ;       ; 00:01:29
   1:28'57"44 ; DC    ;  67,050 ;     mV ;       ; 00:01:30
   1:28'57"77 ; DC    ;  67,030 ;     mV ;       ; 00:01:30
   1:28'58"11 ; DC    ;  67,070 ;     mV ;       ; 00:01:30
   1:28'58"43 ; DC    ;  67,080 ;     mV ;       ; 00:01:31
   1:28'58"79 ; DC    ;  67,090 ;     mV ;       ; 00:01:31
   1:28'59"14 ; DC    ;  67,090 ;     mV ;       ; 00:01:31
   1:28'59"47 ; DC    ;  67,120 ;     mV ;       ; 00:01:32
   1:28'59"80 ; DC    ;  67,100 ;     mV ;       ; 00:01:32
   1:29'00"14 ; DC    ;  67,120 ;     mV ;       ; 00:01:32
   1:29'00"48 ; DC    ;  67,100 ;     mV ;       ; 00:01:33
   1:29'00"81 ; DC    ;  67,120 ;     mV ;       ; 00:01:33
   1:29'01"13 ; DC    ;  67,150 ;     mV ;       ; 00:01:33
   1:29'01"47 ; DC    ;  67,130 ;     mV ;       ; 00:01:34
   1:29'01"81 ; DC    ;  67,170 ;     mV ;       ; 00:01:34
   1:29'02"20 ; DC    ;  67,120 ;     mV ;       ; 00:01:34
   1:29'02"55 ; DC    ;  67,150 ;     mV ;       ; 00:01:35
   1:29'02"90 ; DC    ;  67,130 ;     mV ;       ; 00:01:35
   1:29'03"21 ; DC    ;  67,120 ;     mV ;       ; 00:01:35
   1:29'03"55 ; DC    ;  67,140 ;     mV ;       ; 00:01:36
   1:29'03"88 ; DC    ;  67,130 ;     mV ;       ; 00:01:36
   1:29'04"22 ; DC    ;  67,130 ;     mV ;       ; 00:01:36
   1:29'04"56 ; DC    ;  67,150 ;     mV ;       ; 00:01:37
   1:29'04"89 ; DC    ;  67,130 ;     mV ;       ; 00:01:37
   1:29'05"21 ; DC    ;  67,150 ;     mV ;       ; 00:01:37
   1:29'05"64 ; DC    ;  67,140 ;     mV ;       ; 00:01:38
   1:29'05"99 ; DC    ;  67,130 ;     mV ;       ; 00:01:38
   1:29'06"32 ; DC    ;  67,160 ;     mV ;       ; 00:01:38
   1:29'06"67 ; DC    ;  67,140 ;     mV ;       ; 00:01:39
   1:29'06"99 ; DC    ;  67,140 ;     mV ;       ; 00:01:39
   1:29'07"32 ; DC    ;  67,160 ;     mV ;       ; 00:01:39
   1:29'07"65 ; DC    ;  67,120 ;     mV ;       ; 00:01:40
   1:29'07"99 ; DC    ;  67,140 ;     mV ;       ; 00:01:40
   1:29'08"33 ; DC    ;  67,120 ;     mV ;       ; 00:01:40
   1:29'08"65 ; DC    ;  67,140 ;     mV ;       ; 00:01:41
   1:29'09"04 ; DC    ;  67,140 ;     mV ;       ; 00:01:41
   1:29'09"40 ; DC    ;  67,170 ;     mV ;       ; 00:01:42
   1:29'09"74 ; DC    ;  67,130 ;     mV ;       ; 00:01:42
   1:29'10"07 ; DC    ;  67,180 ;     mV ;       ; 00:01:42
   1:29'10"39 ; DC    ;  67,140 ;     mV ;       ; 00:01:43
   1:29'10"73 ; DC    ;  67,130 ;     mV ;       ; 00:01:43
   1:29'11"06 ; DC    ;  67,140 ;     mV ;       ; 00:01:43
   1:29'11"38 ; DC    ;  67,120 ;     mV ;       ; 00:01:44
   1:29'11"71 ; DC    ;  67,130 ;     mV ;       ; 00:01:44
   1:29'12"05 ; DC    ;  67,160 ;     mV ;       ; 00:01:44
   1:29'12"43 ; DC    ;  67,150 ;     mV ;       ; 00:01:45
   1:29'12"83 ; DC    ;  67,190 ;     mV ;       ; 00:01:45
   1:29'13"16 ; DC    ;  67,190 ;     mV ;       ; 00:01:45
   1:29'13"50 ; DC    ;  67,160 ;     mV ;       ; 00:01:46
   1:29'13"85 ; DC    ;  67,190 ;     mV ;       ; 00:01:46
   1:29'14"18 ; DC    ;  67,170 ;     mV ;       ; 00:01:46
   1:29'14"50 ; DC    ;  67,190 ;     mV ;       ; 00:01:47
   1:29'14"85 ; DC    ;  67,170 ;     mV ;       ; 00:01:47
   1:29'15"17 ; DC    ;  67,160 ;     mV ;       ; 00:01:47
   1:29'15"49 ; DC    ;  67,180 ;     mV ;       ; 00:01:48
   1:29'15"90 ; DC    ;  67,190 ;     mV ;       ; 00:01:48
   1:29'16"27 ; DC    ;  67,180 ;     mV ;       ; 00:01:48
   1:29'16"66 ; DC    ;  67,160 ;     mV ;       ; 00:01:49
   1:29'17"00 ; DC    ;  67,170 ;     mV ;       ; 00:01:49
   1:29'17"32 ; DC    ;  67,190 ;     mV ;       ; 00:01:49
   1:29'17"65 ; DC    ;  67,180 ;     mV ;       ; 00:01:50
   1:29'17"98 ; DC    ;  67,200 ;     mV ;       ; 00:01:50
   1:29'18"30 ; DC    ;  67,190 ;     mV ;       ; 00:01:50
   1:29'18"63 ; DC    ;  67,230 ;     mV ;       ; 00:01:51
   1:29'18"98 ; DC    ;  67,190 ;     mV ;       ; 00:01:51
   1:29'19"33 ; DC    ;  67,180 ;     mV ;       ; 00:01:51
   1:29'19"67 ; DC    ;  67,190 ;     mV ;       ; 00:01:52
   1:29'20"01 ; DC    ;  67,180 ;     mV ;       ; 00:01:52
   1:29'20"38 ; DC    ;  67,170 ;     mV ;       ; 00:01:53
   1:29'20"72 ; DC    ;  67,200 ;     mV ;       ; 00:01:53
   1:29'21"09 ; DC    ;  67,160 ;     mV ;       ; 00:01:53
   1:29'21"51 ; DC    ;  67,190 ;     mV ;       ; 00:01:54
   1:29'21"91 ; DC    ;  67,210 ;     mV ;       ; 00:01:54
   1:29'22"25 ; DC    ;  67,180 ;     mV ;       ; 00:01:54
   1:29'22"67 ; DC    ;  67,200 ;     mV ;       ; 00:01:55
   1:29'23"06 ; DC    ;  67,200 ;     mV ;       ; 00:01:55
   1:29'23"38 ; DC    ;  67,190 ;     mV ;       ; 00:01:56
   1:29'23"76 ; DC    ;  67,220 ;     mV ;       ; 00:01:56
   1:29'24"22 ; DC    ;  67,190 ;     mV ;       ; 00:01:56
   1:29'24"63 ; DC    ;  67,240 ;     mV ;       ; 00:01:57
   1:29'25"01 ; DC    ;  67,230 ;     mV ;       ; 00:01:57
   1:29'25"36 ; DC    ;  67,240 ;     mV ;       ; 00:01:58
   1:29'25"78 ; DC    ;  67,240 ;     mV ;       ; 00:01:58
   1:29'26"22 ; DC    ;  67,230 ;     mV ;       ; 00:01:58
   1:29'26"59 ; DC    ;  67,250 ;     mV ;       ; 00:01:59
   1:29'26"91 ; DC    ;  67,250 ;     mV ;       ; 00:01:59
   1:29'27"24 ; DC    ;  67,240 ;     mV ;       ; 00:01:59
   1:29'27"58 ; DC    ;  67,260 ;     mV ;       ; 00:02:00
   1:29'27"90 ; DC    ;  67,250 ;     mV ;       ; 00:02:00
   1:29'28"26 ; DC    ;  67,270 ;     mV ;       ; 00:02:00
   1:29'28"63 ; DC    ;  67,260 ;     mV ;       ; 00:02:01
   1:29'28"99 ; DC    ;  67,270 ;     mV ;       ; 00:02:01
   1:29'29"37 ; DC    ;  67,290 ;     mV ;       ; 00:02:02
   1:29'29"81 ; DC    ;  67,260 ;     mV ;       ; 00:02:02
   1:29'30"20 ; DC    ;  67,280 ;     mV ;       ; 00:02:02
   1:29'30"57 ; DC    ;  67,270 ;     mV ;       ; 00:02:03
   1:29'30"89 ; DC    ;  67,250 ;     mV ;       ; 00:02:03
   1:29'31"22 ; DC    ;  67,270 ;     mV ;       ; 00:02:03
   1:29'31"58 ; DC    ;  67,270 ;     mV ;       ; 00:02:04
   1:29'31"98 ; DC    ;  67,290 ;     mV ;       ; 00:02:04
   1:29'32"33 ; DC    ;  67,260 ;     mV ;       ; 00:02:04
   1:29'32"69 ; DC    ;  67,300 ;     mV ;       ; 00:02:05
   1:29'33"13 ; DC    ;  67,280 ;     mV ;       ; 00:02:05
   1:29'33"54 ; DC    ;  67,300 ;     mV ;       ; 00:02:06
   1:29'33"88 ; DC    ;  67,290 ;     mV ;       ; 00:02:06
   1:29'34"26 ; DC    ;  67,280 ;     mV ;       ; 00:02:06
   1:29'34"60 ; DC    ;  67,280 ;     mV ;       ; 00:02:07
   1:29'34"98 ; DC    ;  67,260 ;     mV ;       ; 00:02:07
   1:29'35"33 ; DC    ;  67,290 ;     mV ;       ; 00:02:08
   1:29'35"66 ; DC    ;  67,280 ;     mV ;       ; 00:02:08
   1:29'35"99 ; DC    ;  67,300 ;     mV ;       ; 00:02:08
   1:29'36"33 ; DC    ;  67,310 ;     mV ;       ; 00:02:08
   1:29'36"75 ; DC    ;  67,320 ;     mV ;       ; 00:02:09
   1:29'37"16 ; DC    ;  67,320 ;     mV ;       ; 00:02:09
   1:29'37"57 ; DC    ;  67,310 ;     mV ;       ; 00:02:10
   1:29'37"93 ; DC    ;  67,300 ;     mV ;       ; 00:02:10
   1:29'38"30 ; DC    ;  67,330 ;     mV ;       ; 00:02:10
   1:29'38"66 ; DC    ;  67,350 ;     mV ;       ; 00:02:11
   1:29'39"04 ; DC    ;  67,330 ;     mV ;       ; 00:02:11
   1:29'39"40 ; DC    ;  67,340 ;     mV ;       ; 00:02:12
   1:29'39"77 ; DC    ;  67,320 ;     mV ;       ; 00:02:12
   1:29'40"20 ; DC    ;  67,330 ;     mV ;       ; 00:02:12
   1:29'40"62 ; DC    ;  67,320 ;     mV ;       ; 00:02:13
   1:29'41"05 ; DC    ;  67,350 ;     mV ;       ; 00:02:13
   1:29'41"44 ; DC    ;  67,320 ;     mV ;       ; 00:02:14
   1:29'41"81 ; DC    ;  67,290 ;     mV ;       ; 00:02:14
   1:29'42"20 ; DC    ;  67,310 ;     mV ;       ; 00:02:14
   1:29'42"55 ; DC    ;  67,320 ;     mV ;       ; 00:02:15
   1:29'42"89 ; DC    ;  67,320 ;     mV ;       ; 00:02:15
   1:29'43"23 ; DC    ;  67,320 ;     mV ;       ; 00:02:15
   1:29'43"55 ; DC    ;  67,340 ;     mV ;       ; 00:02:16
   1:29'43"94 ; DC    ;  67,320 ;     mV ;       ; 00:02:16
   1:29'44"27 ; DC    ;  67,350 ;     mV ;       ; 00:02:16
   1:29'44"62 ; DC    ;  67,350 ;     mV ;       ; 00:02:17
   1:29'44"96 ; DC    ;  67,320 ;     mV ;       ; 00:02:17
   1:29'45"30 ; DC    ;  67,330 ;     mV ;       ; 00:02:17
   1:29'45"65 ; DC    ;  67,340 ;     mV ;       ; 00:02:18
   1:29'45"99 ; DC    ;  67,330 ;     mV ;       ; 00:02:18
   1:29'46"34 ; DC    ;  67,330 ;     mV ;       ; 00:02:19
   1:29'46"70 ; DC    ;  67,330 ;     mV ;       ; 00:02:19
   1:29'47"07 ; DC    ;  67,320 ;     mV ;       ; 00:02:19
   1:29'47"46 ; DC    ;  67,330 ;     mV ;       ; 00:02:20
   1:29'47"83 ; DC    ;  67,320 ;     mV ;       ; 00:02:20
   1:29'48"17 ; DC    ;  67,310 ;     mV ;       ; 00:02:20
   1:29'48"51 ; DC    ;  67,290 ;     mV ;       ; 00:02:21
   1:29'48"85 ; DC    ;  67,310 ;     mV ;       ; 00:02:21
   1:29'49"18 ; DC    ;  67,280 ;     mV ;       ; 00:02:21
   1:29'49"51 ; DC    ;  67,290 ;     mV ;       ; 00:02:22
   1:29'49"84 ; DC    ;  67,280 ;     mV ;       ; 00:02:22
   1:29'50"17 ; DC    ;  67,310 ;     mV ;       ; 00:02:22
   1:29'50"51 ; DC    ;  67,300 ;     mV ;       ; 00:02:23
   1:29'50"89 ; DC    ;  67,340 ;     mV ;       ; 00:02:23
   1:29'51"23 ; DC    ;  67,340 ;     mV ;       ; 00:02:23
   1:29'51"55 ; DC    ;  67,330 ;     mV ;       ; 00:02:24
   1:29'51"89 ; DC    ;  67,330 ;     mV ;       ; 00:02:24
   1:29'52"21 ; DC    ;  67,310 ;     mV ;       ; 00:02:24
   1:29'52"54 ; DC    ;  67,340 ;     mV ;       ; 00:02:25
   1:29'52"86 ; DC    ;  67,350 ;     mV ;       ; 00:02:25
   1:29'53"19 ; DC    ;  67,320 ;     mV ;       ; 00:02:25
   1:29'53"55 ; DC    ;  67,350 ;     mV ;       ; 00:02:26
   1:29'53"89 ; DC    ;  67,330 ;     mV ;       ; 00:02:26
   1:29'54"29 ; DC    ;  67,340 ;     mV ;       ; 00:02:26
   1:29'54"70 ; DC    ;  67,340 ;     mV ;       ; 00:02:27
   1:29'55"02 ; DC    ;  67,320 ;     mV ;       ; 00:02:27
   1:29'55"35 ; DC    ;  67,320 ;     mV ;       ; 00:02:28
   1:29'55"69 ; DC    ;  67,350 ;     mV ;       ; 00:02:28
   1:29'56"03 ; DC    ;  67,300 ;     mV ;       ; 00:02:28
   1:29'56"37 ; DC    ;  67,330 ;     mV ;       ; 00:02:29
   1:29'56"70 ; DC    ;  67,320 ;     mV ;       ; 00:02:29
   1:29'57"04 ; DC    ;  67,330 ;     mV ;       ; 00:02:29
   1:29'57"38 ; DC    ;  67,330 ;     mV ;       ; 00:02:30
   1:29'57"82 ; DC    ;  67,350 ;     mV ;       ; 00:02:30
   1:29'58"18 ; DC    ;  67,350 ;     mV ;       ; 00:02:30
   1:29'58"52 ; DC    ;  67,330 ;     mV ;       ; 00:02:31
   1:29'58"86 ; DC    ;  67,330 ;     mV ;       ; 00:02:31
   1:29'59"19 ; DC    ;  67,310 ;     mV ;       ; 00:02:31
   1:29'59"51 ; DC    ;  67,320 ;     mV ;       ; 00:02:32
   1:29'59"84 ; DC    ;  67,310 ;     mV ;       ; 00:02:32
   1:30'00"18 ; DC    ;  67,310 ;     mV ;       ; 00:02:32
   1:30'00"50 ; DC    ;  67,330 ;     mV ;       ; 00:02:33
   1:30'00"86 ; DC    ;  67,330 ;     mV ;       ; 00:02:33
   1:30'01"26 ; DC    ;  67,310 ;     mV ;       ; 00:02:33
   1:30'01"62 ; DC    ;  67,340 ;     mV ;       ; 00:02:34
   1:30'01"96 ; DC    ;  67,300 ;     mV ;       ; 00:02:34
   1:30'02"31 ; DC    ;  67,320 ;     mV ;       ; 00:02:34
   1:30'02"65 ; DC    ;  67,350 ;     mV ;       ; 00:02:35
   1:30'02"99 ; DC    ;  67,330 ;     mV ;       ; 00:02:35
   1:30'03"34 ; DC    ;  67,350 ;     mV ;       ; 00:02:36
   1:30'03"69 ; DC    ;  67,330 ;     mV ;       ; 00:02:36
   1:30'04"07 ; DC    ;  67,350 ;     mV ;       ; 00:02:36
   1:30'04"43 ; DC    ;  67,350 ;     mV ;       ; 00:02:37
   1:30'04"83 ; DC    ;  67,350 ;     mV ;       ; 00:02:37
   1:30'05"17 ; DC    ;  67,330 ;     mV ;       ; 00:02:37
   1:30'05"49 ; DC    ;  67,370 ;     mV ;       ; 00:02:38
   1:30'05"83 ; DC    ;  67,320 ;     mV ;       ; 00:02:38
   1:30'06"17 ; DC    ;  67,360 ;     mV ;       ; 00:02:38
   1:30'06"51 ; DC    ;  67,350 ;     mV ;       ; 00:02:39
   1:30'06"84 ; DC    ;  67,350 ;     mV ;       ; 00:02:39
   1:30'07"20 ; DC    ;  67,340 ;     mV ;       ; 00:02:39
   1:30'07"55 ; DC    ;  67,350 ;     mV ;       ; 00:02:40
   1:30'07"90 ; DC    ;  67,340 ;     mV ;       ; 00:02:40
   1:30'08"27 ; DC    ;  67,360 ;     mV ;       ; 00:02:40
   1:30'08"63 ; DC    ;  67,370 ;     mV ;       ; 00:02:41
   1:30'08"97 ; DC    ;  67,360 ;     mV ;       ; 00:02:41
   1:30'09"31 ; DC    ;  67,350 ;     mV ;       ; 00:02:41
   1:30'09"67 ; DC    ;  67,390 ;     mV ;       ; 00:02:42
   1:30'10"06 ; DC    ;  67,360 ;     mV ;       ; 00:02:42
   1:30'10"40 ; DC    ;  67,370 ;     mV ;       ; 00:02:43
   1:30'10"73 ; DC    ;  67,380 ;     mV ;       ; 00:02:43
   1:30'11"07 ; DC    ;  67,360 ;     mV ;       ; 00:02:43
   1:30'11"44 ; DC    ;  67,380 ;     mV ;       ; 00:02:44
   1:30'11"78 ; DC    ;  67,360 ;     mV ;       ; 00:02:44
   1:30'12"10 ; DC    ;  67,360 ;     mV ;       ; 00:02:44
   1:30'12"43 ; DC    ;  67,390 ;     mV ;       ; 00:02:45
   1:30'12"77 ; DC    ;  67,370 ;     mV ;       ; 00:02:45
   1:30'13"11 ; DC    ;  67,380 ;     mV ;       ; 00:02:45
   1:30'13"43 ; DC    ;  67,390 ;     mV ;       ; 00:02:46
   1:30'13"76 ; DC    ;  67,370 ;     mV ;       ; 00:02:46
   1:30'14"08 ; DC    ;  67,390 ;     mV ;       ; 00:02:46
   1:30'14"42 ; DC    ;  67,370 ;     mV ;       ; 00:02:47
   1:30'14"76 ; DC    ;  67,380 ;     mV ;       ; 00:02:47
   1:30'15"14 ; DC    ;  67,380 ;     mV ;       ; 00:02:47
   1:30'15"46 ; DC    ;  67,380 ;     mV ;       ; 00:02:48
   1:30'15"79 ; DC    ;  67,380 ;     mV ;       ; 00:02:48
   1:30'16"13 ; DC    ;  67,410 ;     mV ;       ; 00:02:48
   1:30'16"47 ; DC    ;  67,370 ;     mV ;       ; 00:02:49
   1:30'16"81 ; DC    ;  67,400 ;     mV ;       ; 00:02:49
   1:30'17"13 ; DC    ;  67,360 ;     mV ;       ; 00:02:49
   1:30'17"47 ; DC    ;  67,350 ;     mV ;       ; 00:02:50
   1:30'17"81 ; DC    ;  67,340 ;     mV ;       ; 00:02:50
   1:30'18"16 ; DC    ;  67,350 ;     mV ;       ; 00:02:50
   1:30'18"56 ; DC    ;  67,340 ;     mV ;       ; 00:02:51
   1:30'18"89 ; DC    ;  67,360 ;     mV ;       ; 00:02:51
   1:30'19"23 ; DC    ;  67,350 ;     mV ;       ; 00:02:51
   1:30'19"56 ; DC    ;  67,360 ;     mV ;       ; 00:02:52
   1:30'19"88 ; DC    ;  67,350 ;     mV ;       ; 00:02:52
   1:30'20"21 ; DC    ;  67,380 ;     mV ;       ; 00:02:52
   1:30'20"53 ; DC    ;  67,350 ;     mV ;       ; 00:02:53
   1:30'20"87 ; DC    ;  67,390 ;     mV ;       ; 00:02:53
   1:30'21"19 ; DC    ;  67,380 ;     mV ;       ; 00:02:53
   1:30'21"53 ; DC    ;  67,380 ;     mV ;       ; 00:02:54
   1:30'21"91 ; DC    ;  67,350 ;     mV ;       ; 00:02:54
   1:30'22"26 ; DC    ;  67,380 ;     mV ;       ; 00:02:54
   1:30'22"60 ; DC    ;  67,350 ;     mV ;       ; 00:02:55
   1:30'22"93 ; DC    ;  67,370 ;     mV ;       ; 00:02:55
   1:30'23"26 ; DC    ;  67,380 ;     mV ;       ; 00:02:55
   1:30'23"59 ; DC    ;  67,340 ;     mV ;       ; 00:02:56
   1:30'23"91 ; DC    ;  67,360 ;     mV ;       ; 00:02:56
   1:30'24"24 ; DC    ;  67,340 ;     mV ;       ; 00:02:56
   1:30'24"58 ; DC    ;  67,350 ;     mV ;       ; 00:02:57
   1:30'24"92 ; DC    ;  67,330 ;     mV ;       ; 00:02:57
   1:30'25"32 ; DC    ;  67,350 ;     mV ;       ; 00:02:57
   1:30'25"65 ; DC    ;  67,360 ;     mV ;       ; 00:02:58
   1:30'25"99 ; DC    ;  67,350 ;     mV ;       ; 00:02:58
   1:30'26"32 ; DC    ;  67,360 ;     mV ;       ; 00:02:58
   1:30'26"64 ; DC    ;  67,370 ;     mV ;       ; 00:02:59
   1:30'26"99 ; DC    ;  67,380 ;     mV ;       ; 00:02:59
   1:30'27"35 ; DC    ;  67,380 ;     mV ;       ; 00:03:00
   1:30'27"69 ; DC    ;  67,380 ;     mV ;       ; 00:03:00
   1:30'28"03 ; DC    ;  67,390 ;     mV ;       ; 00:03:00
   1:30'28"38 ; DC    ;  67,400 ;     mV ;       ; 00:03:01
   1:30'28"80 ; DC    ;  67,360 ;     mV ;       ; 00:03:01
   1:30'29"18 ; DC    ;  67,400 ;     mV ;       ; 00:03:01
   1:30'29"52 ; DC    ;  67,390 ;     mV ;       ; 00:03:02
   1:30'29"86 ; DC    ;  67,420 ;     mV ;       ; 00:03:02
   1:30'30"20 ; DC    ;  67,450 ;     mV ;       ; 00:03:02
   1:30'30"53 ; DC    ;  67,420 ;     mV ;       ; 00:03:03
   1:30'30"87 ; DC    ;  67,470 ;     mV ;       ; 00:03:03
   1:30'31"22 ; DC    ;  67,440 ;     mV ;       ; 00:03:03
   1:30'31"56 ; DC    ;  67,470 ;     mV ;       ; 00:03:04
   1:30'31"90 ; DC    ;  67,430 ;     mV ;       ; 00:03:04
   1:30'32"32 ; DC    ;  67,440 ;     mV ;       ; 00:03:04
   1:30'32"67 ; DC    ;  67,430 ;     mV ;       ; 00:03:05
   1:30'33"01 ; DC    ;  67,400 ;     mV ;       ; 00:03:05
   1:30'33"36 ; DC    ;  67,410 ;     mV ;       ; 00:03:06
   1:30'33"70 ; DC    ;  67,410 ;     mV ;       ; 00:03:06
   1:30'34"08 ; DC    ;  67,390 ;     mV ;       ; 00:03:06
   1:30'34"43 ; DC    ;  67,350 ;     mV ;       ; 00:03:07
   1:30'34"89 ; DC    ;  67,380 ;     mV ;       ; 00:03:07
   1:30'35"23 ; DC    ;  67,350 ;     mV ;       ; 00:03:07
   1:30'35"60 ; DC    ;  67,380 ;     mV ;       ; 00:03:08
   1:30'36"03 ; DC    ;  67,390 ;     mV ;       ; 00:03:08
   1:30'36"44 ; DC    ;  67,360 ;     mV ;       ; 00:03:09
   1:30'36"79 ; DC    ;  67,360 ;     mV ;       ; 00:03:09
   1:30'37"12 ; DC    ;  67,360 ;     mV ;       ; 00:03:09
   1:30'37"46 ; DC    ;  67,390 ;     mV ;       ; 00:03:10
   1:30'37"85 ; DC    ;  67,380 ;     mV ;       ; 00:03:10
   1:30'38"23 ; DC    ;  67,380 ;     mV ;       ; 00:03:10
   1:30'38"57 ; DC    ;  67,390 ;     mV ;       ; 00:03:11
   1:30'38"90 ; DC    ;  67,380 ;     mV ;       ; 00:03:11
   1:30'39"24 ; DC    ;  67,330 ;     mV ;       ; 00:03:11
   1:30'39"58 ; DC    ;  67,360 ;     mV ;       ; 00:03:12
   1:30'39"90 ; DC    ;  67,340 ;     mV ;       ; 00:03:12
   1:30'40"22 ; DC    ;  67,360 ;     mV ;       ; 00:03:12
   1:30'40"56 ; DC    ;  67,340 ;     mV ;       ; 00:03:13
   1:30'40"89 ; DC    ;  67,350 ;     mV ;       ; 00:03:13
   1:30'41"23 ; DC    ;  67,350 ;     mV ;       ; 00:03:13
   1:30'41"56 ; DC    ;  67,360 ;     mV ;       ; 00:03:14
   1:30'41"88 ; DC    ;  67,340 ;     mV ;       ; 00:03:14
   1:30'42"21 ; DC    ;  67,360 ;     mV ;       ; 00:03:14
   1:30'42"56 ; DC    ;  67,350 ;     mV ;       ; 00:03:15
   1:30'42"92 ; DC    ;  67,380 ;     mV ;       ; 00:03:15
   1:30'43"26 ; DC    ;  67,370 ;     mV ;       ; 00:03:15
   1:30'43"66 ; DC    ;  67,380 ;     mV ;       ; 00:03:16
   1:30'44"00 ; DC    ;  67,380 ;     mV ;       ; 00:03:16
   1:30'44"33 ; DC    ;  67,380 ;     mV ;       ; 00:03:16
   1:30'44"67 ; DC    ;  67,350 ;     mV ;       ; 00:03:17
   1:30'44"99 ; DC    ;  67,370 ;     mV ;       ; 00:03:17
   1:30'45"32 ; DC    ;  67,340 ;     mV ;       ; 00:03:17
   1:30'45"65 ; DC    ;  67,370 ;     mV ;       ; 00:03:18
   1:30'46"00 ; DC    ;  67,360 ;     mV ;       ; 00:03:18
   1:30'46"34 ; DC    ;  67,380 ;     mV ;       ; 00:03:19
   1:30'46"69 ; DC    ;  67,360 ;     mV ;       ; 00:03:19
   1:30'47"05 ; DC    ;  67,380 ;     mV ;       ; 00:03:19
   1:30'47"42 ; DC    ;  67,360 ;     mV ;       ; 00:03:20
   1:30'47"78 ; DC    ;  67,400 ;     mV ;       ; 00:03:20
   1:30'48"10 ; DC    ;  67,390 ;     mV ;       ; 00:03:20
   1:30'48"43 ; DC    ;  67,400 ;     mV ;       ; 00:03:21
   1:30'48"77 ; DC    ;  67,400 ;     mV ;       ; 00:03:21
   1:30'49"11 ; DC    ;  67,380 ;     mV ;       ; 00:03:21
   1:30'49"43 ; DC    ;  67,410 ;     mV ;       ; 00:03:22
   1:30'49"76 ; DC    ;  67,410 ;     mV ;       ; 00:03:22
   1:30'50"10 ; DC    ;  67,410 ;     mV ;       ; 00:03:22
   1:30'50"44 ; DC    ;  67,430 ;     mV ;       ; 00:03:23
   1:30'50"78 ; DC    ;  67,400 ;     mV ;       ; 00:03:23
   1:30'51"12 ; DC    ;  67,420 ;     mV ;       ; 00:03:23
   1:30'51"53 ; DC    ;  67,420 ;     mV ;       ; 00:03:24
   1:30'51"91 ; DC    ;  67,380 ;     mV ;       ; 00:03:24
   1:30'52"25 ; DC    ;  67,410 ;     mV ;       ; 00:03:24
   1:30'52"59 ; DC    ;  67,380 ;     mV ;       ; 00:03:25
   1:30'52"93 ; DC    ;  67,400 ;     mV ;       ; 00:03:25
   1:30'53"27 ; DC    ;  67,380 ;     mV ;       ; 00:03:25
   1:30'53"60 ; DC    ;  67,360 ;     mV ;       ; 00:03:26
   1:30'53"96 ; DC    ;  67,380 ;     mV ;       ; 00:03:26
   1:30'54"30 ; DC    ;  67,400 ;     mV ;       ; 00:03:26
   1:30'54"62 ; DC    ;  67,380 ;     mV ;       ; 00:03:27
   1:30'54"95 ; DC    ;  67,360 ;     mV ;       ; 00:03:27
   1:30'55"27 ; DC    ;  67,370 ;     mV ;       ; 00:03:27
   1:30'55"61 ; DC    ;  67,380 ;     mV ;       ; 00:03:28
   1:30'55"95 ; DC    ;  67,360 ;     mV ;       ; 00:03:28
   1:30'56"29 ; DC    ;  67,380 ;     mV ;       ; 00:03:28
   1:30'56"62 ; DC    ;  67,390 ;     mV ;       ; 00:03:29
   1:30'56"95 ; DC    ;  67,370 ;     mV ;       ; 00:03:29
   1:30'57"28 ; DC    ;  67,390 ;     mV ;       ; 00:03:29
   1:30'57"62 ; DC    ;  67,360 ;     mV ;       ; 00:03:30
   1:30'57"96 ; DC    ;  67,410 ;     mV ;       ; 00:03:30
   1:30'58"30 ; DC    ;  67,380 ;     mV ;       ; 00:03:30
   1:30'58"63 ; DC    ;  67,360 ;     mV ;       ; 00:03:31
   1:30'58"97 ; DC    ;  67,410 ;     mV ;       ; 00:03:31
   1:30'59"31 ; DC    ;  67,400 ;     mV ;       ; 00:03:31
   1:30'59"66 ; DC    ;  67,410 ;     mV ;       ; 00:03:32
   1:30'59"99 ; DC    ;  67,400 ;     mV ;       ; 00:03:32
   1:31'00"32 ; DC    ;  67,440 ;     mV ;       ; 00:03:32
   1:31'00"65 ; DC    ;  67,410 ;     mV ;       ; 00:03:33
   1:31'00"99 ; DC    ;  67,430 ;     mV ;       ; 00:03:33
   1:31'01"33 ; DC    ;  67,410 ;     mV ;       ; 00:03:33
   1:31'01"65 ; DC    ;  67,420 ;     mV ;       ; 00:03:34
   1:31'01"99 ; DC    ;  67,410 ;     mV ;       ; 00:03:34
   1:31'02"32 ; DC    ;  67,410 ;     mV ;       ; 00:03:34
   1:31'02"66 ; DC    ;  67,400 ;     mV ;       ; 00:03:35
   1:31'02"99 ; DC    ;  67,430 ;     mV ;       ; 00:03:35
   1:31'03"34 ; DC    ;  67,410 ;     mV ;       ; 00:03:36
   1:31'03"68 ; DC    ;  67,430 ;     mV ;       ; 00:03:36
   1:31'04"03 ; DC    ;  67,390 ;     mV ;       ; 00:03:36
   1:31'04"37 ; DC    ;  67,440 ;     mV ;       ; 00:03:37
   1:31'04"71 ; DC    ;  67,430 ;     mV ;       ; 00:03:37
   1:31'05"14 ; DC    ;  67,440 ;     mV ;       ; 00:03:37
   1:31'05"50 ; DC    ;  67,420 ;     mV ;       ; 00:03:38
   1:31'05"82 ; DC    ;  67,430 ;     mV ;       ; 00:03:38
   1:31'06"16 ; DC    ;  67,430 ;     mV ;       ; 00:03:38
   1:31'06"49 ; DC    ;  67,400 ;     mV ;       ; 00:03:39
   1:31'06"88 ; DC    ;  67,430 ;     mV ;       ; 00:03:39
   1:31'07"23 ; DC    ;  67,430 ;     mV ;       ; 00:03:39
   1:31'07"58 ; DC    ;  67,450 ;     mV ;       ; 00:03:40
   1:31'07"92 ; DC    ;  67,460 ;     mV ;       ; 00:03:40
   1:31'08"26 ; DC    ;  67,470 ;     mV ;       ; 00:03:40
   1:31'08"58 ; DC    ;  67,430 ;     mV ;       ; 00:03:41
   1:31'08"91 ; DC    ;  67,460 ;     mV ;       ; 00:03:41
   1:31'09"24 ; DC    ;  67,450 ;     mV ;       ; 00:03:41
   1:31'09"60 ; DC    ;  67,450 ;     mV ;       ; 00:03:42
   1:31'09"93 ; DC    ;  67,440 ;     mV ;       ; 00:03:42
   1:31'10"28 ; DC    ;  67,430 ;     mV ;       ; 00:03:42
   1:31'10"62 ; DC    ;  67,460 ;     mV ;       ; 00:03:43
   1:31'10"96 ; DC    ;  67,430 ;     mV ;       ; 00:03:43
   1:31'11"30 ; DC    ;  67,430 ;     mV ;       ; 00:03:43
   1:31'11"71 ; DC    ;  67,470 ;     mV ;       ; 00:03:44
   1:31'12"11 ; DC    ;  67,450 ;     mV ;       ; 00:03:44
   1:31'12"53 ; DC    ;  67,460 ;     mV ;       ; 00:03:45
   1:31'12"90 ; DC    ;  67,440 ;     mV ;       ; 00:03:45
   1:31'13"25 ; DC    ;  67,460 ;     mV ;       ; 00:03:45
   1:31'13"57 ; DC    ;  67,440 ;     mV ;       ; 00:03:46
   1:31'13"95 ; DC    ;  67,460 ;     mV ;       ; 00:03:46
   1:31'14"30 ; DC    ;  67,460 ;     mV ;       ; 00:03:46
   1:31'14"62 ; DC    ;  67,460 ;     mV ;       ; 00:03:47
   1:31'14"95 ; DC    ;  67,470 ;     mV ;       ; 00:03:47
   1:31'15"33 ; DC    ;  67,470 ;     mV ;       ; 00:03:47
   1:31'15"70 ; DC    ;  67,450 ;     mV ;       ; 00:03:48
   1:31'16"05 ; DC    ;  67,460 ;     mV ;       ; 00:03:48
   1:31'16"39 ; DC    ;  67,460 ;     mV ;       ; 00:03:49
   1:31'16"73 ; DC    ;  67,450 ;     mV ;       ; 00:03:49
   1:31'17"06 ; DC    ;  67,460 ;     mV ;       ; 00:03:49
   1:31'17"38 ; DC    ;  67,450 ;     mV ;       ; 00:03:50
   1:31'17"71 ; DC    ;  67,470 ;     mV ;       ; 00:03:50
   1:31'18"04 ; DC    ;  67,460 ;     mV ;       ; 00:03:50
   1:31'18"38 ; DC    ;  67,480 ;     mV ;       ; 00:03:51
   1:31'18"74 ; DC    ;  67,490 ;     mV ;       ; 00:03:51
   1:31'19"13 ; DC    ;  67,460 ;     mV ;       ; 00:03:51
   1:31'19"53 ; DC    ;  67,480 ;     mV ;       ; 00:03:52
   1:31'19"88 ; DC    ;  67,490 ;     mV ;       ; 00:03:52
   1:31'20"19 ; DC    ;  67,470 ;     mV ;       ; 00:03:52
   1:31'20"53 ; DC    ;  67,450 ;     mV ;       ; 00:03:53
   1:31'20"88 ; DC    ;  67,460 ;     mV ;       ; 00:03:53
   1:31'21"20 ; DC    ;  67,450 ;     mV ;       ; 00:03:53
   1:31'21"53 ; DC    ;  67,470 ;     mV ;       ; 00:03:54
   1:31'21"85 ; DC    ;  67,460 ;     mV ;       ; 00:03:54
   1:31'22"18 ; DC    ;  67,460 ;     mV ;       ; 00:03:54
   1:31'22"56 ; DC    ;  67,470 ;     mV ;       ; 00:03:55
   1:31'22"90 ; DC    ;  67,450 ;     mV ;       ; 00:03:55
   1:31'23"25 ; DC    ;  67,470 ;     mV ;       ; 00:03:55
   1:31'23"57 ; DC    ;  67,470 ;     mV ;       ; 00:03:56
   1:31'23"91 ; DC    ;  67,460 ;     mV ;       ; 00:03:56
   1:31'24"25 ; DC    ;  67,460 ;     mV ;       ; 00:03:56
   1:31'24"59 ; DC    ;  67,450 ;     mV ;       ; 00:03:57
   1:31'24"91 ; DC    ;  67,470 ;     mV ;       ; 00:03:57
   1:31'25"24 ; DC    ;  67,440 ;     mV ;       ; 00:03:57
   1:31'25"58 ; DC    ;  67,470 ;     mV ;       ; 00:03:58
   1:31'25"99 ; DC    ;  67,440 ;     mV ;       ; 00:03:58
   1:31'26"35 ; DC    ;  67,460 ;     mV ;       ; 00:03:59
   1:31'26"69 ; DC    ;  67,450 ;     mV ;       ; 00:03:59
   1:31'27"02 ; DC    ;  67,470 ;     mV ;       ; 00:03:59
   1:31'27"36 ; DC    ;  67,480 ;     mV ;       ; 00:04:00
   1:31'27"70 ; DC    ;  67,460 ;     mV ;       ; 00:04:00
   1:31'28"04 ; DC    ;  67,480 ;     mV ;       ; 00:04:00
   1:31'28"37 ; DC    ;  67,480 ;     mV ;       ; 00:04:01
   1:31'28"69 ; DC    ;  67,460 ;     mV ;       ; 00:04:01
   1:31'29"03 ; DC    ;  67,500 ;     mV ;       ; 00:04:01
   1:31'29"38 ; DC    ;  67,500 ;     mV ;       ; 00:04:02
   1:31'29"77 ; DC    ;  67,480 ;     mV ;       ; 00:04:02
   1:31'30"13 ; DC    ;  67,490 ;     mV ;       ; 00:04:02
   1:31'30"48 ; DC    ;  67,500 ;     mV ;       ; 00:04:03
   1:31'30"80 ; DC    ;  67,470 ;     mV ;       ; 00:04:03
   1:31'31"14 ; DC    ;  67,470 ;     mV ;       ; 00:04:03
   1:31'31"48 ; DC    ;  67,430 ;     mV ;       ; 00:04:04
   1:31'31"81 ; DC    ;  67,440 ;     mV ;       ; 00:04:04
   1:31'32"13 ; DC    ;  67,420 ;     mV ;       ; 00:04:04
   1:31'32"47 ; DC    ;  67,450 ;     mV ;       ; 00:04:05
   1:31'32"81 ; DC    ;  67,420 ;     mV ;       ; 00:04:05
   1:31'33"22 ; DC    ;  67,430 ;     mV ;       ; 00:04:05
   1:31'33"55 ; DC    ;  67,440 ;     mV ;       ; 00:04:06
   1:31'33"89 ; DC    ;  67,430 ;     mV ;       ; 00:04:06
   1:31'34"23 ; DC    ;  67,450 ;     mV ;       ; 00:04:06
   1:31'34"56 ; DC    ;  67,450 ;     mV ;       ; 00:04:07
   1:31'34"90 ; DC    ;  67,440 ;     mV ;       ; 00:04:07
   1:31'35"22 ; DC    ;  67,470 ;     mV ;       ; 00:04:07
   1:31'35"57 ; DC    ;  67,450 ;     mV ;       ; 00:04:08
   1:31'35"91 ; DC    ;  67,440 ;     mV ;       ; 00:04:08
   1:31'36"25 ; DC    ;  67,450 ;     mV ;       ; 00:04:08
   1:31'36"64 ; DC    ;  67,460 ;     mV ;       ; 00:04:09
   1:31'37"02 ; DC    ;  67,430 ;     mV ;       ; 00:04:09
   1:31'37"36 ; DC    ;  67,420 ;     mV ;       ; 00:04:10
   1:31'37"70 ; DC    ;  67,440 ;     mV ;       ; 00:04:10
   1:31'38"03 ; DC    ;  67,440 ;     mV ;       ; 00:04:10
   1:31'38"35 ; DC    ;  67,450 ;     mV ;       ; 00:04:11
   1:31'38"68 ; DC    ;  67,460 ;     mV ;       ; 00:04:11
   1:31'39"00 ; DC    ;  67,440 ;     mV ;       ; 00:04:11
   1:31'39"33 ; DC    ;  67,480 ;     mV ;       ; 00:04:11
   1:31'39"68 ; DC    ;  67,440 ;     mV ;       ; 00:04:12
   1:31'40"02 ; DC    ;  67,480 ;     mV ;       ; 00:04:12
   1:31'40"43 ; DC    ;  67,480 ;     mV ;       ; 00:04:13
   1:31'40"79 ; DC    ;  67,440 ;     mV ;       ; 00:04:13
   1:31'41"14 ; DC    ;  67,460 ;     mV ;       ; 00:04:13
   1:31'41"47 ; DC    ;  67,430 ;     mV ;       ; 00:04:14
   1:31'41"81 ; DC    ;  67,440 ;     mV ;       ; 00:04:14
   1:31'42"13 ; DC    ;  67,450 ;     mV ;       ; 00:04:14
   1:31'42"46 ; DC    ;  67,450 ;     mV ;       ; 00:04:15
   1:31'42"79 ; DC    ;  67,420 ;     mV ;       ; 00:04:15
   1:31'43"13 ; DC    ;  67,450 ;     mV ;       ; 00:04:15
   1:31'43"47 ; DC    ;  67,440 ;     mV ;       ; 00:04:16
   1:31'43"90 ; DC    ;  67,450 ;     mV ;       ; 00:04:16
   1:31'44"29 ; DC    ;  67,450 ;     mV ;       ; 00:04:16
   1:31'44"67 ; DC    ;  67,440 ;     mV ;       ; 00:04:17
   1:31'45"01 ; DC    ;  67,440 ;     mV ;       ; 00:04:17
   1:31'45"48 ; DC    ;  67,460 ;     mV ;       ; 00:04:18
   1:31'45"82 ; DC    ;  67,460 ;     mV ;       ; 00:04:18
   1:31'46"16 ; DC    ;  67,440 ;     mV ;       ; 00:04:18
   1:31'46"61 ; DC    ;  67,460 ;     mV ;       ; 00:04:19
   1:31'46"98 ; DC    ;  67,460 ;     mV ;       ; 00:04:19
   1:31'47"32 ; DC    ;  67,460 ;     mV ;       ; 00:04:19
   1:31'47"75 ; DC    ;  67,460 ;     mV ;       ; 00:04:20
   1:31'48"22 ; DC    ;  67,480 ;     mV ;       ; 00:04:20
   1:31'48"58 ; DC    ;  67,490 ;     mV ;       ; 00:04:21
   1:31'48"93 ; DC    ;  67,470 ;     mV ;       ; 00:04:21
   1:31'49"29 ; DC    ;  67,490 ;     mV ;       ; 00:04:21
   1:31'49"70 ; DC    ;  67,470 ;     mV ;       ; 00:04:22
   1:31'50"09 ; DC    ;  67,470 ;     mV ;       ; 00:04:22
   1:31'50"54 ; DC    ;  67,480 ;     mV ;       ; 00:04:23
   1:31'50"86 ; DC    ;  67,460 ;     mV ;       ; 00:04:23
   1:31'51"30 ; DC    ;  67,470 ;     mV ;       ; 00:04:23
   1:31'51"79 ; DC    ;  67,430 ;     mV ;       ; 00:04:24
   1:31'52"21 ; DC    ;  67,470 ;     mV ;       ; 00:04:24
   1:31'52"55 ; DC    ;  67,480 ;     mV ;       ; 00:04:25
   1:31'52"90 ; DC    ;  67,480 ;     mV ;       ; 00:04:25
   1:31'53"53 ; DC    ;  67,480 ;     mV ;       ; 00:04:26
   1:31'53"95 ; DC    ;  67,450 ;     mV ;       ; 00:04:26
   1:31'54"29 ; DC    ;  67,470 ;     mV ;       ; 00:04:26
   1:31'54"65 ; DC    ;  67,460 ;     mV ;       ; 00:04:27
   1:31'55"02 ; DC    ;  67,450 ;     mV ;       ; 00:04:27
   1:31'55"48 ; DC    ;  67,460 ;     mV ;       ; 00:04:28
   1:31'55"90 ; DC    ;  67,450 ;     mV ;       ; 00:04:28
   1:31'56"36 ; DC    ;  67,440 ;     mV ;       ; 00:04:29
   1:31'56"80 ; DC    ;  67,450 ;     mV ;       ; 00:04:29
   1:31'57"13 ; DC    ;  67,440 ;     mV ;       ; 00:04:29
   1:31'57"60 ; DC    ;  67,460 ;     mV ;       ; 00:04:30
   1:31'57"97 ; DC    ;  67,440 ;     mV ;       ; 00:04:30
   1:31'58"34 ; DC    ;  67,460 ;     mV ;       ; 00:04:31
   1:31'58"73 ; DC    ;  67,460 ;     mV ;       ; 00:04:31
   1:31'59"15 ; DC    ;  67,460 ;     mV ;       ; 00:04:31
   1:31'59"64 ; DC    ;  67,490 ;     mV ;       ; 00:04:32
   1:32'00"35 ; DC    ;  67,480 ;     mV ;       ; 00:04:33
   1:32'00"80 ; DC    ;  67,480 ;     mV ;       ; 00:04:33
   1:32'01"29 ; DC    ;  67,490 ;     mV ;       ; 00:04:33
   1:32'01"68 ; DC    ;  67,470 ;     mV ;       ; 00:04:34
   1:32'02"16 ; DC    ;  67,460 ;     mV ;       ; 00:04:34
   1:32'02"53 ; DC    ;  67,490 ;     mV ;       ; 00:04:35
   1:32'02"91 ; DC    ;  67,470 ;     mV ;       ; 00:04:35
   1:32'03"29 ; DC    ;  67,490 ;     mV ;       ; 00:04:35
   1:32'03"79 ; DC    ;  67,460 ;     mV ;       ; 00:04:36
   1:32'04"36 ; DC    ;  67,470 ;     mV ;       ; 00:04:37
   1:32'04"73 ; DC    ;  67,460 ;     mV ;       ; 00:04:37
   1:32'05"13 ; DC    ;  67,490 ;     mV ;       ; 00:04:37
   1:32'05"51 ; DC    ;  67,490 ;     mV ;       ; 00:04:38
   1:32'05"89 ; DC    ;  67,480 ;     mV ;       ; 00:04:38
   1:32'06"24 ; DC    ;  67,470 ;     mV ;       ; 00:04:38
   1:32'06"58 ; DC    ;  67,500 ;     mV ;       ; 00:04:39
   1:32'06"96 ; DC    ;  67,480 ;     mV ;       ; 00:04:39
   1:32'07"33 ; DC    ;  67,470 ;     mV ;       ; 00:04:40
   1:32'07"71 ; DC    ;  67,470 ;     mV ;       ; 00:04:40
   1:32'08"13 ; DC    ;  67,500 ;     mV ;       ; 00:04:40
   1:32'08"55 ; DC    ;  67,480 ;     mV ;       ; 00:04:41
   1:32'09"02 ; DC    ;  67,470 ;     mV ;       ; 00:04:41
   1:32'09"40 ; DC    ;  67,500 ;     mV ;       ; 00:04:42
   1:32'09"79 ; DC    ;  67,470 ;     mV ;       ; 00:04:42
   1:32'10"16 ; DC    ;  67,480 ;     mV ;       ; 00:04:42
   1:32'10"56 ; DC    ;  67,470 ;     mV ;       ; 00:04:43
   1:32'10"89 ; DC    ;  67,470 ;     mV ;       ; 00:04:43
   1:32'11"21 ; DC    ;  67,460 ;     mV ;       ; 00:04:43
   1:32'11"58 ; DC    ;  67,460 ;     mV ;       ; 00:04:44
   1:32'12"03 ; DC    ;  67,480 ;     mV ;       ; 00:04:44
   1:32'12"45 ; DC    ;  67,440 ;     mV ;       ; 00:04:45
   1:32'12"90 ; DC    ;  67,470 ;     mV ;       ; 00:04:45
   1:32'13"23 ; DC    ;  67,470 ;     mV ;       ; 00:04:45
   1:32'13"63 ; DC    ;  67,460 ;     mV ;       ; 00:04:46
   1:32'14"01 ; DC    ;  67,460 ;     mV ;       ; 00:04:46
   1:32'14"43 ; DC    ;  67,430 ;     mV ;       ; 00:04:47
   1:32'14"83 ; DC    ;  67,460 ;     mV ;       ; 00:04:47
   1:32'15"17 ; DC    ;  67,450 ;     mV ;       ; 00:04:47
   1:32'15"52 ; DC    ;  67,450 ;     mV ;       ; 00:04:48
   1:32'15"93 ; DC    ;  67,450 ;     mV ;       ; 00:04:48
   1:32'16"32 ; DC    ;  67,450 ;     mV ;       ; 00:04:48
   1:32'16"73 ; DC    ;  67,460 ;     mV ;       ; 00:04:49
   1:32'17"09 ; DC    ;  67,440 ;     mV ;       ; 00:04:49
   1:32'17"44 ; DC    ;  67,470 ;     mV ;       ; 00:04:50
   1:32'17"78 ; DC    ;  67,440 ;     mV ;       ; 00:04:50
   1:32'18"12 ; DC    ;  67,450 ;     mV ;       ; 00:04:50
   1:32'18"45 ; DC    ;  67,480 ;     mV ;       ; 00:04:51
   1:32'18"78 ; DC    ;  67,450 ;     mV ;       ; 00:04:51
   1:32'19"12 ; DC    ;  67,460 ;     mV ;       ; 00:04:51
   1:32'19"53 ; DC    ;  67,460 ;     mV ;       ; 00:04:52
   1:32'19"94 ; DC    ;  67,440 ;     mV ;       ; 00:04:52
   1:32'20"37 ; DC    ;  67,410 ;     mV ;       ; 00:04:53
   1:32'20"81 ; DC    ;  67,440 ;     mV ;       ; 00:04:53
   1:32'21"17 ; DC    ;  67,400 ;     mV ;       ; 00:04:53
   1:32'21"62 ; DC    ;  67,410 ;     mV ;       ; 00:04:54
   1:32'21"98 ; DC    ;  67,440 ;     mV ;       ; 00:04:54
   1:32'22"32 ; DC    ;  67,420 ;     mV ;       ; 00:04:54
   1:32'22"69 ; DC    ;  67,460 ;     mV ;       ; 00:04:55
   1:32'23"14 ; DC    ;  67,460 ;     mV ;       ; 00:04:55
   1:32'23"64 ; DC    ;  67,460 ;     mV ;       ; 00:04:56
   1:32'24"10 ; DC    ;  67,470 ;     mV ;       ; 00:04:56
   1:32'24"51 ; DC    ;  67,460 ;     mV ;       ; 00:04:57
   1:32'24"92 ; DC    ;  67,460 ;     mV ;       ; 00:04:57
   1:32'25"36 ; DC    ;  67,480 ;     mV ;       ; 00:04:58
   1:32'25"89 ; DC    ;  67,480 ;     mV ;       ; 00:04:58
   1:32'26"28 ; DC    ;  67,470 ;     mV ;       ; 00:04:58
   1:32'26"71 ; DC    ;  67,470 ;     mV ;       ; 00:04:59
   1:32'27"14 ; DC    ;  67,500 ;     mV ;       ; 00:04:59
   1:32'27"61 ; DC    ;  67,510 ;     mV ;       ; 00:05:00
   1:32'28"03 ; DC    ;  67,500 ;     mV ;       ; 00:05:00
   1:32'28"46 ; DC    ;  67,500 ;     mV ;       ; 00:05:01
   1:32'28"83 ; DC    ;  67,520 ;     mV ;       ; 00:05:01
   1:32'29"21 ; DC    ;  67,480 ;     mV ;       ; 00:05:01
   1:32'29"60 ; DC    ;  67,500 ;     mV ;       ; 00:05:02
   1:32'29"92 ; DC    ;  67,490 ;     mV ;       ; 00:05:02
   1:32'30"24 ; DC    ;  67,490 ;     mV ;       ; 00:05:02
   1:32'30"57 ; DC    ;  67,500 ;     mV ;       ; 00:05:03
   1:32'30"95 ; DC    ;  67,490 ;     mV ;       ; 00:05:03
   1:32'31"39 ; DC    ;  67,490 ;     mV ;       ; 00:05:04
   1:32'31"77 ; DC    ;  67,470 ;     mV ;       ; 00:05:04
   1:32'32"14 ; DC    ;  67,500 ;     mV ;       ; 00:05:04
   1:32'32"47 ; DC    ;  67,490 ;     mV ;       ; 00:05:05
   1:32'32"81 ; DC    ;  67,500 ;     mV ;       ; 00:05:05
   1:32'33"14 ; DC    ;  67,490 ;     mV ;       ; 00:05:05
   1:32'33"48 ; DC    ;  67,470 ;     mV ;       ; 00:05:06
   1:32'33"82 ; DC    ;  67,510 ;     mV ;       ; 00:05:06
   1:32'34"14 ; DC    ;  67,460 ;     mV ;       ; 00:05:06
   1:32'34"48 ; DC    ;  67,470 ;     mV ;       ; 00:05:07
   1:32'34"87 ; DC    ;  67,500 ;     mV ;       ; 00:05:07
   1:32'35"32 ; DC    ;  67,460 ;     mV ;       ; 00:05:07
   1:32'35"74 ; DC    ;  67,470 ;     mV ;       ; 00:05:08
   1:32'36"08 ; DC    ;  67,480 ;     mV ;       ; 00:05:08
   1:32'36"39 ; DC    ;  67,480 ;     mV ;       ; 00:05:09
   1:32'36"73 ; DC    ;  67,470 ;     mV ;       ; 00:05:09
   1:32'37"07 ; DC    ;  67,460 ;     mV ;       ; 00:05:09
   1:32'37"39 ; DC    ;  67,470 ;     mV ;       ; 00:05:10
   1:32'37"73 ; DC    ;  67,460 ;     mV ;       ; 00:05:10
   1:32'38"07 ; DC    ;  67,490 ;     mV ;       ; 00:05:10
   1:32'38"40 ; DC    ;  67,500 ;     mV ;       ; 00:05:11
   1:32'38"81 ; DC    ;  67,480 ;     mV ;       ; 00:05:11
   1:32'39"19 ; DC    ;  67,480 ;     mV ;       ; 00:05:11
   1:32'39"54 ; DC    ;  67,480 ;     mV ;       ; 00:05:12
   1:32'39"88 ; DC    ;  67,460 ;     mV ;       ; 00:05:12
   1:32'40"22 ; DC    ;  67,480 ;     mV ;       ; 00:05:12
   1:32'40"56 ; DC    ;  67,460 ;     mV ;       ; 00:05:13
   1:32'40"90 ; DC    ;  67,470 ;     mV ;       ; 00:05:13
   1:32'41"25 ; DC    ;  67,450 ;     mV ;       ; 00:05:13
   1:32'41"59 ; DC    ;  67,470 ;     mV ;       ; 00:05:14
   1:32'41"91 ; DC    ;  67,470 ;     mV ;       ; 00:05:14
   1:32'42"28 ; DC    ;  67,440 ;     mV ;       ; 00:05:14
   1:32'42"68 ; DC    ;  67,440 ;     mV ;       ; 00:05:15
   1:32'43"04 ; DC    ;  67,470 ;     mV ;       ; 00:05:15
   1:32'43"38 ; DC    ;  67,490 ;     mV ;       ; 00:05:16
   1:32'43"72 ; DC    ;  67,460 ;     mV ;       ; 00:05:16
   1:32'44"06 ; DC    ;  67,470 ;     mV ;       ; 00:05:16
   1:32'44"40 ; DC    ;  67,490 ;     mV ;       ; 00:05:17
   1:32'44"75 ; DC    ;  67,490 ;     mV ;       ; 00:05:17
   1:32'45"11 ; DC    ;  67,490 ;     mV ;       ; 00:05:17
   1:32'45"44 ; DC    ;  67,490 ;     mV ;       ; 00:05:18
   1:32'45"79 ; DC    ;  67,510 ;     mV ;       ; 00:05:18
   1:32'46"18 ; DC    ;  67,530 ;     mV ;       ; 00:05:18
   1:32'46"58 ; DC    ;  67,520 ;     mV ;       ; 00:05:19
   1:32'46"93 ; DC    ;  67,540 ;     mV ;       ; 00:05:19
   1:32'47"29 ; DC    ;  67,540 ;     mV ;       ; 00:05:19
   1:32'47"63 ; DC    ;  67,530 ;     mV ;       ; 00:05:20
   1:32'47"97 ; DC    ;  67,510 ;     mV ;       ; 00:05:20
   1:32'48"30 ; DC    ;  67,530 ;     mV ;       ; 00:05:20
   1:32'48"66 ; DC    ;  67,510 ;     mV ;       ; 00:05:21
   1:32'48"99 ; DC    ;  67,530 ;     mV ;       ; 00:05:21
   1:32'49"35 ; DC    ;  67,500 ;     mV ;       ; 00:05:22
   1:32'49"72 ; DC    ;  67,450 ;     mV ;       ; 00:05:22
   1:32'50"14 ; DC    ;  67,490 ;     mV ;       ; 00:05:22
   1:32'50"49 ; DC    ;  67,460 ;     mV ;       ; 00:05:23
   1:32'50"83 ; DC    ;  67,500 ;     mV ;       ; 00:05:23
   1:32'51"19 ; DC    ;  67,460 ;     mV ;       ; 00:05:23
   1:32'51"53 ; DC    ;  67,460 ;     mV ;       ; 00:05:24
   1:32'51"87 ; DC    ;  67,480 ;     mV ;       ; 00:05:24
   1:32'52"19 ; DC    ;  67,490 ;     mV ;       ; 00:05:24
   1:32'52"55 ; DC    ;  67,460 ;     mV ;       ; 00:05:25
   1:32'52"90 ; DC    ;  67,480 ;     mV ;       ; 00:05:25
   1:32'53"24 ; DC    ;  67,450 ;     mV ;       ; 00:05:25
   1:32'53"67 ; DC    ;  67,420 ;     mV ;       ; 00:05:26
   1:32'54"01 ; DC    ;  67,440 ;     mV ;       ; 00:05:26
   1:32'54"65 ; DC    ;  67,430 ;     mV ;       ; 00:05:27
   1:32'54"99 ; DC    ;  67,450 ;     mV ;       ; 00:05:27
   1:32'55"32 ; DC    ;  67,470 ;     mV ;       ; 00:05:27
   1:32'55"67 ; DC    ;  67,440 ;     mV ;       ; 00:05:28
   1:32'56"01 ; DC    ;  67,450 ;     mV ;       ; 00:05:28
   1:32'56"36 ; DC    ;  67,460 ;     mV ;       ; 00:05:29
   1:32'56"70 ; DC    ;  67,460 ;     mV ;       ; 00:05:29
   1:32'57"04 ; DC    ;  67,480 ;     mV ;       ; 00:05:29
   1:32'57"41 ; DC    ;  67,480 ;     mV ;       ; 00:05:30
   1:32'57"79 ; DC    ;  67,480 ;     mV ;       ; 00:05:30
   1:32'58"21 ; DC    ;  67,500 ;     mV ;       ; 00:05:30
   1:32'58"55 ; DC    ;  67,530 ;     mV ;       ; 00:05:31
   1:32'58"89 ; DC    ;  67,510 ;     mV ;       ; 00:05:31
   1:32'59"25 ; DC    ;  67,510 ;     mV ;       ; 00:05:31
   1:32'59"61 ; DC    ;  67,480 ;     mV ;       ; 00:05:32
   1:32'59"95 ; DC    ;  67,450 ;     mV ;       ; 00:05:32
   1:33'00"29 ; DC    ;  67,470 ;     mV ;       ; 00:05:32
   1:33'00"64 ; DC    ;  67,460 ;     mV ;       ; 00:05:33
   1:33'01"02 ; DC    ;  67,500 ;     mV ;       ; 00:05:33
   1:33'01"43 ; DC    ;  67,490 ;     mV ;       ; 00:05:34
   1:33'01"79 ; DC    ;  67,480 ;     mV ;       ; 00:05:34
   1:33'02"15 ; DC    ;  67,490 ;     mV ;       ; 00:05:34
   1:33'02"49 ; DC    ;  67,470 ;     mV ;       ; 00:05:35
   1:33'02"82 ; DC    ;  67,500 ;     mV ;       ; 00:05:35
   1:33'03"16 ; DC    ;  67,480 ;     mV ;       ; 00:05:35
   1:33'03"52 ; DC    ;  67,480 ;     mV ;       ; 00:05:36
   1:33'03"86 ; DC    ;  67,450 ;     mV ;       ; 00:05:36
   1:33'04"22 ; DC    ;  67,500 ;     mV ;       ; 00:05:36
   1:33'04"56 ; DC    ;  67,480 ;     mV ;       ; 00:05:37
   1:33'04"98 ; DC    ;  67,500 ;     mV ;       ; 00:05:37
   1:33'05"36 ; DC    ;  67,500 ;     mV ;       ; 00:05:38
   1:33'05"71 ; DC    ;  67,480 ;     mV ;       ; 00:05:38
   1:33'06"09 ; DC    ;  67,470 ;     mV ;       ; 00:05:38
   1:33'06"43 ; DC    ;  67,500 ;     mV ;       ; 00:05:39
   1:33'06"79 ; DC    ;  67,540 ;     mV ;       ; 00:05:39
   1:33'07"18 ; DC    ;  67,520 ;     mV ;       ; 00:05:39
   1:33'07"51 ; DC    ;  67,520 ;     mV ;       ; 00:05:40
   1:33'07"87 ; DC    ;  67,520 ;     mV ;       ; 00:05:40
   1:33'08"28 ; DC    ;  67,490 ;     mV ;       ; 00:05:40
   1:33'08"73 ; DC    ;  67,480 ;     mV ;       ; 00:05:41
   1:33'09"18 ; DC    ;  67,510 ;     mV ;       ; 00:05:41
   1:33'09"67 ; DC    ;  67,510 ;     mV ;       ; 00:05:42
   1:33'10"07 ; DC    ;  67,470 ;     mV ;       ; 00:05:42
   1:33'10"48 ; DC    ;  67,510 ;     mV ;       ; 00:05:43
   1:33'10"83 ; DC    ;  67,510 ;     mV ;       ; 00:05:43
   1:33'11"17 ; DC    ;  67,510 ;     mV ;       ; 00:05:43
   1:33'11"51 ; DC    ;  67,500 ;     mV ;       ; 00:05:44
   1:33'11"88 ; DC    ;  67,530 ;     mV ;       ; 00:05:44
   1:33'12"23 ; DC    ;  67,500 ;     mV ;       ; 00:05:44
   1:33'12"57 ; DC    ;  67,470 ;     mV ;       ; 00:05:45
   1:33'12"96 ; DC    ;  67,480 ;     mV ;       ; 00:05:45
   1:33'13"36 ; DC    ;  67,480 ;     mV ;       ; 00:05:46
   1:33'13"73 ; DC    ;  67,470 ;     mV ;       ; 00:05:46
   1:33'14"08 ; DC    ;  67,470 ;     mV ;       ; 00:05:46
   1:33'14"43 ; DC    ;  67,500 ;     mV ;       ; 00:05:47
   1:33'14"76 ; DC    ;  67,480 ;     mV ;       ; 00:05:47
   1:33'15"11 ; DC    ;  67,500 ;     mV ;       ; 00:05:47
   1:33'15"45 ; DC    ;  67,500 ;     mV ;       ; 00:05:48
   1:33'15"77 ; DC    ;  67,480 ;     mV ;       ; 00:05:48
   1:33'16"10 ; DC    ;  67,470 ;     mV ;       ; 00:05:48
   1:33'16"49 ; DC    ;  67,490 ;     mV ;       ; 00:05:49
   1:33'16"92 ; DC    ;  67,470 ;     mV ;       ; 00:05:49
   1:33'17"29 ; DC    ;  67,490 ;     mV ;       ; 00:05:49
   1:33'17"63 ; DC    ;  67,500 ;     mV ;       ; 00:05:50
   1:33'17"96 ; DC    ;  67,460 ;     mV ;       ; 00:05:50
   1:33'18"31 ; DC    ;  67,490 ;     mV ;       ; 00:05:50
   1:33'18"64 ; DC    ;  67,460 ;     mV ;       ; 00:05:51
   1:33'18"98 ; DC    ;  67,490 ;     mV ;       ; 00:05:51
   1:33'19"30 ; DC    ;  67,430 ;     mV ;       ; 00:05:51
   1:33'19"64 ; DC    ;  67,440 ;     mV ;       ; 00:05:52
   1:33'19"98 ; DC    ;  67,440 ;     mV ;       ; 00:05:52
   1:33'20"35 ; DC    ;  67,450 ;     mV ;       ; 00:05:53
   1:33'20"72 ; DC    ;  67,440 ;     mV ;       ; 00:05:53
   1:33'21"06 ; DC    ;  67,480 ;     mV ;       ; 00:05:53
   1:33'21"40 ; DC    ;  67,460 ;     mV ;       ; 00:05:54
   1:33'21"78 ; DC    ;  67,460 ;     mV ;       ; 00:05:54
   1:33'22"10 ; DC    ;  67,500 ;     mV ;       ; 00:05:54
   1:33'22"45 ; DC    ;  67,490 ;     mV ;       ; 00:05:55
   1:33'22"80 ; DC    ;  67,490 ;     mV ;       ; 00:05:55
   1:33'23"14 ; DC    ;  67,450 ;     mV ;       ; 00:05:55
   1:33'23"48 ; DC    ;  67,490 ;     mV ;       ; 00:05:56
   1:33'23"82 ; DC    ;  67,470 ;     mV ;       ; 00:05:56
   1:33'24"21 ; DC    ;  67,470 ;     mV ;       ; 00:05:56
   1:33'24"60 ; DC    ;  67,480 ;     mV ;       ; 00:05:57
   1:33'24"95 ; DC    ;  67,480 ;     mV ;       ; 00:05:57
   1:33'25"28 ; DC    ;  67,470 ;     mV ;       ; 00:05:57
   1:33'25"60 ; DC    ;  67,470 ;     mV ;       ; 00:05:58
   1:33'25"94 ; DC    ;  67,470 ;     mV ;       ; 00:05:58
   1:33'26"28 ; DC    ;  67,480 ;     mV ;       ; 00:05:58
   1:33'26"61 ; DC    ;  67,480 ;     mV ;       ; 00:05:59
   1:33'26"95 ; DC    ;  67,500 ;     mV ;       ; 00:05:59
   1:33'27"27 ; DC    ;  67,510 ;     mV ;       ; 00:05:59
   1:33'27"64 ; DC    ;  67,500 ;     mV ;       ; 00:06:00
   1:33'28"03 ; DC    ;  67,500 ;     mV ;       ; 00:06:00
   1:33'28"38 ; DC    ;  67,530 ;     mV ;       ; 00:06:01
   1:33'28"74 ; DC    ;  67,500 ;     mV ;       ; 00:06:01
   1:33'29"09 ; DC    ;  67,540 ;     mV ;       ; 00:06:01
   1:33'29"44 ; DC    ;  67,500 ;     mV ;       ; 00:06:02
   1:33'29"78 ; DC    ;  67,530 ;     mV ;       ; 00:06:02
   1:33'30"12 ; DC    ;  67,490 ;     mV ;       ; 00:06:02
   1:33'30"47 ; DC    ;  67,520 ;     mV ;       ; 00:06:03
   1:33'30"79 ; DC    ;  67,540 ;     mV ;       ; 00:06:03
   1:33'31"14 ; DC    ;  67,530 ;     mV ;       ; 00:06:03
   1:33'31"54 ; DC    ;  67,530 ;     mV ;       ; 00:06:04
   1:33'31"90 ; DC    ;  67,520 ;     mV ;       ; 00:06:04
   1:33'32"26 ; DC    ;  67,550 ;     mV ;       ; 00:06:04
   1:33'32"59 ; DC    ;  67,520 ;     mV ;       ; 00:06:05
   1:33'32"92 ; DC    ;  67,570 ;     mV ;       ; 00:06:05
   1:33'33"27 ; DC    ;  67,530 ;     mV ;       ; 00:06:05
   1:33'33"61 ; DC    ;  67,580 ;     mV ;       ; 00:06:06
   1:33'33"93 ; DC    ;  67,510 ;     mV ;       ; 00:06:06
   1:33'34"26 ; DC    ;  67,550 ;     mV ;       ; 00:06:06
   1:33'34"58 ; DC    ;  67,520 ;     mV ;       ; 00:06:07
   1:33'34"93 ; DC    ;  67,550 ;     mV ;       ; 00:06:07
   1:33'35"31 ; DC    ;  67,510 ;     mV ;       ; 00:06:07
   1:33'35"67 ; DC    ;  67,550 ;     mV ;       ; 00:06:08
   1:33'36"04 ; DC    ;  67,490 ;     mV ;       ; 00:06:08
   1:33'36"37 ; DC    ;  67,510 ;     mV ;       ; 00:06:09
   1:33'36"69 ; DC    ;  67,510 ;     mV ;       ; 00:06:09
   1:33'37"02 ; DC    ;  67,520 ;     mV ;       ; 00:06:09
   1:33'37"35 ; DC    ;  67,480 ;     mV ;       ; 00:06:10
   1:33'37"69 ; DC    ;  67,510 ;     mV ;       ; 00:06:10
   1:33'38"01 ; DC    ;  67,490 ;     mV ;       ; 00:06:10
   1:33'38"34 ; DC    ;  67,510 ;     mV ;       ; 00:06:11
   1:33'38"66 ; DC    ;  67,460 ;     mV ;       ; 00:06:11
   1:33'39"04 ; DC    ;  67,480 ;     mV ;       ; 00:06:11
   1:33'39"41 ; DC    ;  67,470 ;     mV ;       ; 00:06:12
   1:33'39"78 ; DC    ;  67,460 ;     mV ;       ; 00:06:12
   1:33'40"10 ; DC    ;  67,460 ;     mV ;       ; 00:06:12
   1:33'40"43 ; DC    ;  67,480 ;     mV ;       ; 00:06:13
   1:33'40"77 ; DC    ;  67,460 ;     mV ;       ; 00:06:13
   1:33'41"09 ; DC    ;  67,490 ;     mV ;       ; 00:06:13
   1:33'41"42 ; DC    ;  67,440 ;     mV ;       ; 00:06:14
   1:33'41"76 ; DC    ;  67,450 ;     mV ;       ; 00:06:14
   1:33'42"09 ; DC    ;  67,440 ;     mV ;       ; 00:06:14
   1:33'42"43 ; DC    ;  67,450 ;     mV ;       ; 00:06:15
   1:33'42"82 ; DC    ;  67,450 ;     mV ;       ; 00:06:15
   1:33'43"18 ; DC    ;  67,460 ;     mV ;       ; 00:06:15
   1:33'43"54 ; DC    ;  67,450 ;     mV ;       ; 00:06:16
   1:33'43"86 ; DC    ;  67,470 ;     mV ;       ; 00:06:16
   1:33'44"18 ; DC    ;  67,440 ;     mV ;       ; 00:06:16
   1:33'44"51 ; DC    ;  67,450 ;     mV ;       ; 00:06:17
   1:33'44"84 ; DC    ;  67,430 ;     mV ;       ; 00:06:17
   1:33'45"16 ; DC    ;  67,450 ;     mV ;       ; 00:06:17
   1:33'45"47 ; DC    ;  67,460 ;     mV ;       ; 00:06:18
   1:33'45"81 ; DC    ;  67,470 ;     mV ;       ; 00:06:18
   1:33'46"13 ; DC    ;  67,440 ;     mV ;       ; 00:06:18
   1:33'46"49 ; DC    ;  67,470 ;     mV ;       ; 00:06:19
   1:33'46"88 ; DC    ;  67,440 ;     mV ;       ; 00:06:19
   1:33'47"23 ; DC    ;  67,470 ;     mV ;       ; 00:06:19
   1:33'47"56 ; DC    ;  67,470 ;     mV ;       ; 00:06:20
   1:33'47"88 ; DC    ;  67,440 ;     mV ;       ; 00:06:20
   1:33'48"21 ; DC    ;  67,470 ;     mV ;       ; 00:06:20
   1:33'48"53 ; DC    ;  67,460 ;     mV ;       ; 00:06:21
   1:33'48"86 ; DC    ;  67,460 ;     mV ;       ; 00:06:21
   1:33'49"18 ; DC    ;  67,490 ;     mV ;       ; 00:06:21
   1:33'49"51 ; DC    ;  67,470 ;     mV ;       ; 00:06:22
   1:33'49"85 ; DC    ;  67,490 ;     mV ;       ; 00:06:22
   1:33'50"29 ; DC    ;  67,450 ;     mV ;       ; 00:06:22
   1:33'50"64 ; DC    ;  67,430 ;     mV ;       ; 00:06:23
   1:33'51"01 ; DC    ;  67,460 ;     mV ;       ; 00:06:23
   1:33'51"33 ; DC    ;  67,440 ;     mV ;       ; 00:06:24
   1:33'51"68 ; DC    ;  67,460 ;     mV ;       ; 00:06:24
   1:33'52"01 ; DC    ;  67,440 ;     mV ;       ; 00:06:24
   1:33'52"34 ; DC    ;  67,470 ;     mV ;       ; 00:06:25
   1:33'52"66 ; DC    ;  67,460 ;     mV ;       ; 00:06:25
   1:33'52"99 ; DC    ;  67,460 ;     mV ;       ; 00:06:25
   1:33'53"33 ; DC    ;  67,480 ;     mV ;       ; 00:06:26
   1:33'53"67 ; DC    ;  67,470 ;     mV ;       ; 00:06:26
   1:33'54"04 ; DC    ;  67,460 ;     mV ;       ; 00:06:26
   1:33'54"41 ; DC    ;  67,470 ;     mV ;       ; 00:06:27
   1:33'54"76 ; DC    ;  67,480 ;     mV ;       ; 00:06:27
   1:33'55"09 ; DC    ;  67,470 ;     mV ;       ; 00:06:27
   1:33'55"41 ; DC    ;  67,490 ;     mV ;       ; 00:06:28
   1:33'55"75 ; DC    ;  67,480 ;     mV ;       ; 00:06:28
   1:33'56"07 ; DC    ;  67,500 ;     mV ;       ; 00:06:28
   1:33'56"42 ; DC    ;  67,480 ;     mV ;       ; 00:06:29
   1:33'56"77 ; DC    ;  67,480 ;     mV ;       ; 00:06:29
   1:33'57"11 ; DC    ;  67,470 ;     mV ;       ; 00:06:29
   1:33'57"50 ; DC    ;  67,520 ;     mV ;       ; 00:06:30
   1:33'57"89 ; DC    ;  67,520 ;     mV ;       ; 00:06:30
   1:33'58"26 ; DC    ;  67,500 ;     mV ;       ; 00:06:30
   1:33'58"59 ; DC    ;  67,520 ;     mV ;       ; 00:06:31
   1:33'58"93 ; DC    ;  67,520 ;     mV ;       ; 00:06:31
   1:33'59"33 ; DC    ;  67,500 ;     mV ;       ; 00:06:31
   1:33'59"65 ; DC    ;  67,500 ;     mV ;       ; 00:06:32
   1:33'59"99 ; DC    ;  67,500 ;     mV ;       ; 00:06:32
   1:34'00"31 ; DC    ;  67,530 ;     mV ;       ; 00:06:32
   1:34'00"66 ; DC    ;  67,500 ;     mV ;       ; 00:06:33
   1:34'01"01 ; DC    ;  67,510 ;     mV ;       ; 00:06:33
   1:34'01"40 ; DC    ;  67,500 ;     mV ;       ; 00:06:34
   1:34'01"78 ; DC    ;  67,470 ;     mV ;       ; 00:06:34
   1:34'02"18 ; DC    ;  67,450 ;     mV ;       ; 00:06:34
   1:34'02"56 ; DC    ;  67,490 ;     mV ;       ; 00:06:35
   1:34'02"88 ; DC    ;  67,490 ;     mV ;       ; 00:06:35
   1:34'03"22 ; DC    ;  67,460 ;     mV ;       ; 00:06:35
   1:34'03"55 ; DC    ;  67,480 ;     mV ;       ; 00:06:36
   1:34'03"89 ; DC    ;  67,470 ;     mV ;       ; 00:06:36
   1:34'04"21 ; DC    ;  67,440 ;     mV ;       ; 00:06:36
   1:34'04"54 ; DC    ;  67,460 ;     mV ;       ; 00:06:37
   1:34'04"87 ; DC    ;  67,440 ;     mV ;       ; 00:06:37
   1:34'05"24 ; DC    ;  67,450 ;     mV ;       ; 00:06:37
   1:34'05"62 ; DC    ;  67,450 ;     mV ;       ; 00:06:38
   1:34'05"99 ; DC    ;  67,450 ;     mV ;       ; 00:06:38
   1:34'06"34 ; DC    ;  67,450 ;     mV ;       ; 00:06:39
   1:34'06"67 ; DC    ;  67,460 ;     mV ;       ; 00:06:39
   1:34'06"99 ; DC    ;  67,450 ;     mV ;       ; 00:06:39
   1:34'07"32 ; DC    ;  67,440 ;     mV ;       ; 00:06:39
   1:34'07"66 ; DC    ;  67,480 ;     mV ;       ; 00:06:40
   1:34'07"98 ; DC    ;  67,470 ;     mV ;       ; 00:06:40
   1:34'08"30 ; DC    ;  67,450 ;     mV ;       ; 00:06:40
   1:34'08"63 ; DC    ;  67,450 ;     mV ;       ; 00:06:41
   1:34'09"00 ; DC    ;  67,450 ;     mV ;       ; 00:06:41
   1:34'09"37 ; DC    ;  67,480 ;     mV ;       ; 00:06:42
   1:34'09"76 ; DC    ;  67,450 ;     mV ;       ; 00:06:42
   1:34'10"10 ; DC    ;  67,440 ;     mV ;       ; 00:06:42
   1:34'10"43 ; DC    ;  67,480 ;     mV ;       ; 00:06:43
   1:34'10"77 ; DC    ;  67,450 ;     mV ;       ; 00:06:43
   1:34'11"09 ; DC    ;  67,480 ;     mV ;       ; 00:06:43
   1:34'11"42 ; DC    ;  67,450 ;     mV ;       ; 00:06:44
   1:34'11"76 ; DC    ;  67,450 ;     mV ;       ; 00:06:44
   1:34'12"09 ; DC    ;  67,470 ;     mV ;       ; 00:06:44
   1:34'12"42 ; DC    ;  67,470 ;     mV ;       ; 00:06:45
   1:34'12"78 ; DC    ;  67,460 ;     mV ;       ; 00:06:45
   1:34'13"16 ; DC    ;  67,480 ;     mV ;       ; 00:06:45
   1:34'13"52 ; DC    ;  67,460 ;     mV ;       ; 00:06:46
   1:34'13"85 ; DC    ;  67,460 ;     mV ;       ; 00:06:46
   1:34'14"19 ; DC    ;  67,470 ;     mV ;       ; 00:06:46
   1:34'14"53 ; DC    ;  67,460 ;     mV ;       ; 00:06:47
   1:34'14"86 ; DC    ;  67,450 ;     mV ;       ; 00:06:47
   1:34'15"18 ; DC    ;  67,480 ;     mV ;       ; 00:06:47
   1:34'15"51 ; DC    ;  67,450 ;     mV ;       ; 00:06:48
   1:34'15"85 ; DC    ;  67,450 ;     mV ;       ; 00:06:48
   1:34'16"17 ; DC    ;  67,450 ;     mV ;       ; 00:06:48
   1:34'16"51 ; DC    ;  67,490 ;     mV ;       ; 00:06:49
   1:34'16"89 ; DC    ;  67,470 ;     mV ;       ; 00:06:49
   1:34'17"27 ; DC    ;  67,470 ;     mV ;       ; 00:06:49
   1:34'17"63 ; DC    ;  67,490 ;     mV ;       ; 00:06:50
   1:34'17"97 ; DC    ;  67,490 ;     mV ;       ; 00:06:50
   1:34'18"31 ; DC    ;  67,490 ;     mV ;       ; 00:06:50
   1:34'18"64 ; DC    ;  67,520 ;     mV ;       ; 00:06:51
   1:34'18"96 ; DC    ;  67,500 ;     mV ;       ; 00:06:51
   1:34'19"30 ; DC    ;  67,540 ;     mV ;       ; 00:06:51
   1:34'19"66 ; DC    ;  67,530 ;     mV ;       ; 00:06:52
   1:34'19"98 ; DC    ;  67,510 ;     mV ;       ; 00:06:52
   1:34'20"33 ; DC    ;  67,470 ;     mV ;       ; 00:06:52
   1:34'20"72 ; DC    ;  67,440 ;     mV ;       ; 00:06:53
   1:34'21"08 ; DC    ;  67,470 ;     mV ;       ; 00:06:53
   1:34'21"42 ; DC    ;  67,480 ;     mV ;       ; 00:06:54
   1:34'21"74 ; DC    ;  67,500 ;     mV ;       ; 00:06:54
   1:34'22"07 ; DC    ;  67,490 ;     mV ;       ; 00:06:54
   1:34'22"41 ; DC    ;  67,500 ;     mV ;       ; 00:06:55
   1:34'22"75 ; DC    ;  67,490 ;     mV ;       ; 00:06:55
   1:34'23"12 ; DC    ;  67,510 ;     mV ;       ; 00:06:55
   1:34'23"54 ; DC    ;  67,500 ;     mV ;       ; 00:06:56
   1:34'23"86 ; DC    ;  67,480 ;     mV ;       ; 00:06:56
   1:34'24"25 ; DC    ;  67,480 ;     mV ;       ; 00:06:56
   1:34'24"62 ; DC    ;  67,460 ;     mV ;       ; 00:06:57
   1:34'25"07 ; DC    ;  67,490 ;     mV ;       ; 00:06:57
   1:34'25"44 ; DC    ;  67,500 ;     mV ;       ; 00:06:58
   1:34'25"76 ; DC    ;  67,490 ;     mV ;       ; 00:06:58
   1:34'26"08 ; DC    ;  67,500 ;     mV ;       ; 00:06:58
   1:34'26"41 ; DC    ;  67,470 ;     mV ;       ; 00:06:59
   1:34'26"76 ; DC    ;  67,480 ;     mV ;       ; 00:06:59
   1:34'27"13 ; DC    ;  67,490 ;     mV ;       ; 00:06:59
   1:34'27"46 ; DC    ;  67,480 ;     mV ;       ; 00:07:00
   1:34'27"81 ; DC    ;  67,510 ;     mV ;       ; 00:07:00
   1:34'28"18 ; DC    ;  67,480 ;     mV ;       ; 00:07:00
   1:34'28"73 ; DC    ;  67,480 ;     mV ;       ; 00:07:01
   1:34'29"32 ; DC    ;  67,490 ;     mV ;       ; 00:07:01
   1:34'29"79 ; DC    ;  67,470 ;     mV ;       ; 00:07:02
   1:34'30"20 ; DC    ;  67,490 ;     mV ;       ; 00:07:02
   1:34'30"55 ; DC    ;  67,500 ;     mV ;       ; 00:07:03
   1:34'30"89 ; DC    ;  67,470 ;     mV ;       ; 00:07:03
   1:34'31"22 ; DC    ;  67,480 ;     mV ;       ; 00:07:03
   1:34'31"57 ; DC    ;  67,460 ;     mV ;       ; 00:07:04
   1:34'31"89 ; DC    ;  67,480 ;     mV ;       ; 00:07:04
   1:34'32"23 ; DC    ;  67,460 ;     mV ;       ; 00:07:04
   1:34'32"59 ; DC    ;  67,480 ;     mV ;       ; 00:07:05
   1:34'32"98 ; DC    ;  67,480 ;     mV ;       ; 00:07:05
   1:34'33"39 ; DC    ;  67,480 ;     mV ;       ; 00:07:06
   1:34'33"88 ; DC    ;  67,450 ;     mV ;       ; 00:07:06
   1:34'34"28 ; DC    ;  67,450 ;     mV ;       ; 00:07:06
   1:34'34"67 ; DC    ;  67,480 ;     mV ;       ; 00:07:07
   1:34'35"12 ; DC    ;  67,480 ;     mV ;       ; 00:07:07
   1:34'35"46 ; DC    ;  67,490 ;     mV ;       ; 00:07:08
   1:34'35"82 ; DC    ;  67,470 ;     mV ;       ; 00:07:08
   1:34'36"13 ; DC    ;  67,470 ;     mV ;       ; 00:07:08
   1:34'36"53 ; DC    ;  67,480 ;     mV ;       ; 00:07:09
   1:34'36"96 ; DC    ;  67,440 ;     mV ;       ; 00:07:09
   1:34'37"38 ; DC    ;  67,470 ;     mV ;       ; 00:07:10
   1:34'37"75 ; DC    ;  67,460 ;     mV ;       ; 00:07:10
   1:34'38"11 ; DC    ;  67,500 ;     mV ;       ; 00:07:10
   1:34'38"44 ; DC    ;  67,440 ;     mV ;       ; 00:07:11
   1:34'38"78 ; DC    ;  67,480 ;     mV ;       ; 00:07:11
   1:34'39"10 ; DC    ;  67,440 ;     mV ;       ; 00:07:11
   1:34'39"44 ; DC    ;  67,420 ;     mV ;       ; 00:07:12
   1:34'39"76 ; DC    ;  67,470 ;     mV ;       ; 00:07:12
   1:34'40"11 ; DC    ;  67,430 ;     mV ;       ; 00:07:12
   1:34'40"45 ; DC    ;  67,430 ;     mV ;       ; 00:07:13
   1:34'40"80 ; DC    ;  67,430 ;     mV ;       ; 00:07:13
   1:34'41"19 ; DC    ;  67,400 ;     mV ;       ; 00:07:13
   1:34'41"52 ; DC    ;  67,430 ;     mV ;       ; 00:07:14
   1:34'41"87 ; DC    ;  67,440 ;     mV ;       ; 00:07:14
   1:34'42"19 ; DC    ;  67,420 ;     mV ;       ; 00:07:14
   1:34'42"53 ; DC    ;  67,430 ;     mV ;       ; 00:07:15
   1:34'42"88 ; DC    ;  67,420 ;     mV ;       ; 00:07:15
   1:34'43"20 ; DC    ;  67,420 ;     mV ;       ; 00:07:15
   1:34'43"55 ; DC    ;  67,430 ;     mV ;       ; 00:07:16
   1:34'43"89 ; DC    ;  67,410 ;     mV ;       ; 00:07:16
   1:34'44"21 ; DC    ;  67,450 ;     mV ;       ; 00:07:16
   1:34'44"59 ; DC    ;  67,410 ;     mV ;       ; 00:07:17
   1:34'44"95 ; DC    ;  67,420 ;     mV ;       ; 00:07:17
   1:34'45"29 ; DC    ;  67,390 ;     mV ;       ; 00:07:17
   1:34'45"66 ; DC    ;  67,400 ;     mV ;       ; 00:07:18
   1:34'46"01 ; DC    ;  67,410 ;     mV ;       ; 00:07:18
   1:34'46"33 ; DC    ;  67,390 ;     mV ;       ; 00:07:19
   1:34'46"67 ; DC    ;  67,410 ;     mV ;       ; 00:07:19
   1:34'47"00 ; DC    ;  67,390 ;     mV ;       ; 00:07:19
   1:34'47"42 ; DC    ;  67,420 ;     mV ;       ; 00:07:20
   1:34'47"75 ; DC    ;  67,390 ;     mV ;       ; 00:07:20
   1:34'48"08 ; DC    ;  67,410 ;     mV ;       ; 00:07:20
   1:34'48"48 ; DC    ;  67,370 ;     mV ;       ; 00:07:21
   1:34'48"85 ; DC    ;  67,390 ;     mV ;       ; 00:07:21
   1:34'49"23 ; DC    ;  67,380 ;     mV ;       ; 00:07:21
   1:34'49"55 ; DC    ;  67,390 ;     mV ;       ; 00:07:22
   1:34'49"89 ; DC    ;  67,380 ;     mV ;       ; 00:07:22
   1:34'50"24 ; DC    ;  67,380 ;     mV ;       ; 00:07:22
   1:34'50"58 ; DC    ;  67,410 ;     mV ;       ; 00:07:23
   1:34'50"90 ; DC    ;  67,410 ;     mV ;       ; 00:07:23
   1:34'51"26 ; DC    ;  67,430 ;     mV ;       ; 00:07:23
   1:34'51"59 ; DC    ;  67,410 ;     mV ;       ; 00:07:24
   1:34'51"96 ; DC    ;  67,410 ;     mV ;       ; 00:07:24
   1:34'52"35 ; DC    ;  67,390 ;     mV ;       ; 00:07:25
   1:34'52"71 ; DC    ;  67,380 ;     mV ;       ; 00:07:25
   1:34'53"12 ; DC    ;  67,390 ;     mV ;       ; 00:07:25
   1:34'53"47 ; DC    ;  67,390 ;     mV ;       ; 00:07:26
   1:34'53"80 ; DC    ;  67,390 ;     mV ;       ; 00:07:26
   1:34'54"12 ; DC    ;  67,370 ;     mV ;       ; 00:07:26
   1:34'54"49 ; DC    ;  67,360 ;     mV ;       ; 00:07:27
   1:34'54"85 ; DC    ;  67,360 ;     mV ;       ; 00:07:27
   1:34'55"18 ; DC    ;  67,360 ;     mV ;       ; 00:07:27
   1:34'55"52 ; DC    ;  67,390 ;     mV ;       ; 00:07:28
   1:34'55"87 ; DC    ;  67,390 ;     mV ;       ; 00:07:28
   1:34'56"24 ; DC    ;  67,380 ;     mV ;       ; 00:07:28
   1:34'56"61 ; DC    ;  67,370 ;     mV ;       ; 00:07:29
   1:34'56"93 ; DC    ;  67,380 ;     mV ;       ; 00:07:29
   1:34'57"27 ; DC    ;  67,370 ;     mV ;       ; 00:07:29
   1:34'57"61 ; DC    ;  67,410 ;     mV ;       ; 00:07:30
   1:34'57"93 ; DC    ;  67,380 ;     mV ;       ; 00:07:30
   1:34'58"26 ; DC    ;  67,430 ;     mV ;       ; 00:07:30
   1:34'58"58 ; DC    ;  67,390 ;     mV ;       ; 00:07:31
   1:34'58"94 ; DC    ;  67,430 ;     mV ;       ; 00:07:31
   1:34'59"27 ; DC    ;  67,440 ;     mV ;       ; 00:07:31
   1:34'59"60 ; DC    ;  67,410 ;     mV ;       ; 00:07:32
   1:34'59"99 ; DC    ;  67,430 ;     mV ;       ; 00:07:32
   1:35'00"32 ; DC    ;  67,410 ;     mV ;       ; 00:07:32
   1:35'00"70 ; DC    ;  67,450 ;     mV ;       ; 00:07:33
   1:35'01"04 ; DC    ;  67,410 ;     mV ;       ; 00:07:33
   1:35'01"40 ; DC    ;  67,430 ;     mV ;       ; 00:07:34
   1:35'01"73 ; DC    ;  67,430 ;     mV ;       ; 00:07:34
   1:35'02"05 ; DC    ;  67,450 ;     mV ;       ; 00:07:34
   1:35'02"38 ; DC    ;  67,410 ;     mV ;       ; 00:07:35
   1:35'02"73 ; DC    ;  67,460 ;     mV ;       ; 00:07:35
   1:35'03"06 ; DC    ;  67,420 ;     mV ;       ; 00:07:35
   1:35'03"41 ; DC    ;  67,450 ;     mV ;       ; 00:07:36
   1:35'03"82 ; DC    ;  67,440 ;     mV ;       ; 00:07:36
   1:35'04"22 ; DC    ;  67,440 ;     mV ;       ; 00:07:36
   1:35'04"63 ; DC    ;  67,420 ;     mV ;       ; 00:07:37
   1:35'05"03 ; DC    ;  67,420 ;     mV ;       ; 00:07:37
   1:35'05"39 ; DC    ;  67,420 ;     mV ;       ; 00:07:38
   1:35'05"75 ; DC    ;  67,440 ;     mV ;       ; 00:07:38
   1:35'06"11 ; DC    ;  67,430 ;     mV ;       ; 00:07:38
   1:35'06"46 ; DC    ;  67,430 ;     mV ;       ; 00:07:39
   1:35'06"79 ; DC    ;  67,450 ;     mV ;       ; 00:07:39
   1:35'07"12 ; DC    ;  67,430 ;     mV ;       ; 00:07:39
   1:35'07"54 ; DC    ;  67,450 ;     mV ;       ; 00:07:40
   1:35'07"94 ; DC    ;  67,420 ;     mV ;       ; 00:07:40
   1:35'08"33 ; DC    ;  67,430 ;     mV ;       ; 00:07:40
   1:35'08"72 ; DC    ;  67,420 ;     mV ;       ; 00:07:41
   1:35'09"07 ; DC    ;  67,440 ;     mV ;       ; 00:07:41
   1:35'09"41 ; DC    ;  67,450 ;     mV ;       ; 00:07:42
   1:35'09"76 ; DC    ;  67,390 ;     mV ;       ; 00:07:42
   1:35'10"15 ; DC    ;  67,420 ;     mV ;       ; 00:07:42
   1:35'10"56 ; DC    ;  67,410 ;     mV ;       ; 00:07:43
   1:35'10"91 ; DC    ;  67,430 ;     mV ;       ; 00:07:43
   1:35'11"31 ; DC    ;  67,420 ;     mV ;       ; 00:07:43
   1:35'11"75 ; DC    ;  67,410 ;     mV ;       ; 00:07:44
   1:35'12"20 ; DC    ;  67,410 ;     mV ;       ; 00:07:44
   1:35'12"60 ; DC    ;  67,400 ;     mV ;       ; 00:07:45
   1:35'13"08 ; DC    ;  67,420 ;     mV ;       ; 00:07:45
   1:35'13"50 ; DC    ;  67,410 ;     mV ;       ; 00:07:46
   1:35'13"87 ; DC    ;  67,410 ;     mV ;       ; 00:07:46
   1:35'14"24 ; DC    ;  67,400 ;     mV ;       ; 00:07:46
   1:35'14"59 ; DC    ;  67,410 ;     mV ;       ; 00:07:47
   1:35'14"97 ; DC    ;  67,430 ;     mV ;       ; 00:07:47
   1:35'15"33 ; DC    ;  67,430 ;     mV ;       ; 00:07:48
   1:35'15"75 ; DC    ;  67,430 ;     mV ;       ; 00:07:48
   1:35'16"19 ; DC    ;  67,410 ;     mV ;       ; 00:07:48
   1:35'16"59 ; DC    ;  67,370 ;     mV ;       ; 00:07:49
   1:35'17"02 ; DC    ;  67,390 ;     mV ;       ; 00:07:49
   1:35'17"41 ; DC    ;  67,370 ;     mV ;       ; 00:07:50
   1:35'17"74 ; DC    ;  67,390 ;     mV ;       ; 00:07:50
   1:35'18"10 ; DC    ;  67,370 ;     mV ;       ; 00:07:50
   1:35'18"45 ; DC    ;  67,390 ;     mV ;       ; 00:07:51
   1:35'18"77 ; DC    ;  67,420 ;     mV ;       ; 00:07:51
   1:35'19"10 ; DC    ;  67,380 ;     mV ;       ; 00:07:51
   1:35'19"44 ; DC    ;  67,420 ;     mV ;       ; 00:07:52
   1:35'19"78 ; DC    ;  67,400 ;     mV ;       ; 00:07:52
   1:35'20"12 ; DC    ;  67,430 ;     mV ;       ; 00:07:52
   1:35'20"49 ; DC    ;  67,400 ;     mV ;       ; 00:07:53
   1:35'20"86 ; DC    ;  67,410 ;     mV ;       ; 00:07:53
   1:35'21"21 ; DC    ;  67,440 ;     mV ;       ; 00:07:53
   1:35'21"56 ; DC    ;  67,420 ;     mV ;       ; 00:07:54
   1:35'21"90 ; DC    ;  67,430 ;     mV ;       ; 00:07:54
   1:35'22"23 ; DC    ;  67,430 ;     mV ;       ; 00:07:54
   1:35'22"59 ; DC    ;  67,430 ;     mV ;       ; 00:07:55
   1:35'22"91 ; DC    ;  67,420 ;     mV ;       ; 00:07:55
   1:35'23"25 ; DC    ;  67,430 ;     mV ;       ; 00:07:55
   1:35'23"60 ; DC    ;  67,420 ;     mV ;       ; 00:07:56
   1:35'23"94 ; DC    ;  67,420 ;     mV ;       ; 00:07:56
   1:35'24"39 ; DC    ;  67,440 ;     mV ;       ; 00:07:57
   1:35'24"81 ; DC    ;  67,420 ;     mV ;       ; 00:07:57
   1:35'25"30 ; DC    ;  67,420 ;     mV ;       ; 00:07:57
   1:35'25"69 ; DC    ;  67,370 ;     mV ;       ; 00:07:58
   1:35'26"15 ; DC    ;  67,380 ;     mV ;       ; 00:07:58
   1:35'26"56 ; DC    ;  67,420 ;     mV ;       ; 00:07:59
   1:35'26"99 ; DC    ;  67,420 ;     mV ;       ; 00:07:59
   1:35'27"39 ; DC    ;  67,370 ;     mV ;       ; 00:08:00
   1:35'27"80 ; DC    ;  67,370 ;     mV ;       ; 00:08:00
   1:35'28"15 ; DC    ;  67,380 ;     mV ;       ; 00:08:00
   1:35'28"66 ; DC    ;  67,370 ;     mV ;       ; 00:08:01
   1:35'29"12 ; DC    ;  67,370 ;     mV ;       ; 00:08:01
   1:35'29"56 ; DC    ;  67,360 ;     mV ;       ; 00:08:02
   1:35'29"99 ; DC    ;  67,350 ;     mV ;       ; 00:08:02
   1:35'30"40 ; DC    ;  67,350 ;     mV ;       ; 00:08:03
   1:35'30"74 ; DC    ;  67,330 ;     mV ;       ; 00:08:03
   1:35'31"09 ; DC    ;  67,340 ;     mV ;       ; 00:08:03
   1:35'31"42 ; DC    ;  67,390 ;     mV ;       ; 00:08:04
   1:35'31"77 ; DC    ;  67,350 ;     mV ;       ; 00:08:04
   1:35'32"11 ; DC    ;  67,380 ;     mV ;       ; 00:08:04
   1:35'32"47 ; DC    ;  67,350 ;     mV ;       ; 00:08:05
   1:35'32"90 ; DC    ;  67,370 ;     mV ;       ; 00:08:05
   1:35'33"27 ; DC    ;  67,350 ;     mV ;       ; 00:08:05
   1:35'33"68 ; DC    ;  67,380 ;     mV ;       ; 00:08:06
   1:35'34"06 ; DC    ;  67,370 ;     mV ;       ; 00:08:06
   1:35'34"39 ; DC    ;  67,360 ;     mV ;       ; 00:08:07
   1:35'34"71 ; DC    ;  67,380 ;     mV ;       ; 00:08:07
   1:35'35"04 ; DC    ;  67,380 ;     mV ;       ; 00:08:07
   1:35'35"39 ; DC    ;  67,370 ;     mV ;       ; 00:08:08
   1:35'35"75 ; DC    ;  67,400 ;     mV ;       ; 00:08:08
   1:35'36"09 ; DC    ;  67,380 ;     mV ;       ; 00:08:08
   1:35'36"43 ; DC    ;  67,390 ;     mV ;       ; 00:08:09
   1:35'36"88 ; DC    ;  67,370 ;     mV ;       ; 00:08:09
   1:35'37"33 ; DC    ;  67,350 ;     mV ;       ; 00:08:09
   1:35'37"69 ; DC    ;  67,370 ;     mV ;       ; 00:08:10
   1:35'38"02 ; DC    ;  67,340 ;     mV ;       ; 00:08:10
   1:35'38"36 ; DC    ;  67,360 ;     mV ;       ; 00:08:11
   1:35'38"73 ; DC    ;  67,330 ;     mV ;       ; 00:08:11
   1:35'39"11 ; DC    ;  67,380 ;     mV ;       ; 00:08:11
   1:35'39"47 ; DC    ;  67,390 ;     mV ;       ; 00:08:12
   1:35'39"93 ; DC    ;  67,350 ;     mV ;       ; 00:08:12
   1:35'40"26 ; DC    ;  67,380 ;     mV ;       ; 00:08:12
   1:35'40"59 ; DC    ;  67,380 ;     mV ;       ; 00:08:13
   1:35'40"99 ; DC    ;  67,370 ;     mV ;       ; 00:08:13
   1:35'41"36 ; DC    ;  67,350 ;     mV ;       ; 00:08:14
   1:35'41"72 ; DC    ;  67,370 ;     mV ;       ; 00:08:14
   1:35'42"07 ; DC    ;  67,350 ;     mV ;       ; 00:08:14
   1:35'42"45 ; DC    ;  67,370 ;     mV ;       ; 00:08:15
   1:35'42"82 ; DC    ;  67,370 ;     mV ;       ; 00:08:15
   1:35'43"16 ; DC    ;  67,360 ;     mV ;       ; 00:08:15
   1:35'43"51 ; DC    ;  67,360 ;     mV ;       ; 00:08:16
   1:35'43"88 ; DC    ;  67,380 ;     mV ;       ; 00:08:16
   1:35'44"22 ; DC    ;  67,370 ;     mV ;       ; 00:08:16
   1:35'44"63 ; DC    ;  67,360 ;     mV ;       ; 00:08:17
   1:35'45"04 ; DC    ;  67,380 ;     mV ;       ; 00:08:17
   1:35'45"44 ; DC    ;  67,370 ;     mV ;       ; 00:08:18
   1:35'45"85 ; DC    ;  67,400 ;     mV ;       ; 00:08:18
   1:35'46"18 ; DC    ;  67,390 ;     mV ;       ; 00:08:18
   1:35'46"54 ; DC    ;  67,410 ;     mV ;       ; 00:08:19
   1:35'46"89 ; DC    ;  67,390 ;     mV ;       ; 00:08:19
   1:35'47"31 ; DC    ;  67,390 ;     mV ;       ; 00:08:19
   1:35'47"69 ; DC    ;  67,420 ;     mV ;       ; 00:08:20
   1:35'48"12 ; DC    ;  67,380 ;     mV ;       ; 00:08:20
   1:35'48"49 ; DC    ;  67,400 ;     mV ;       ; 00:08:21
   1:35'48"85 ; DC    ;  67,410 ;     mV ;       ; 00:08:21
   1:35'49"20 ; DC    ;  67,380 ;     mV ;       ; 00:08:21
   1:35'49"55 ; DC    ;  67,420 ;     mV ;       ; 00:08:22
   1:35'49"88 ; DC    ;  67,410 ;     mV ;       ; 00:08:22
   1:35'50"22 ; DC    ;  67,410 ;     mV ;       ; 00:08:22
   1:35'50"56 ; DC    ;  67,400 ;     mV ;       ; 00:08:23
   1:35'50"89 ; DC    ;  67,390 ;     mV ;       ; 00:08:23
   1:35'51"22 ; DC    ;  67,390 ;     mV ;       ; 00:08:23
   1:35'51"55 ; DC    ;  67,400 ;     mV ;       ; 00:08:24
   1:35'51"87 ; DC    ;  67,400 ;     mV ;       ; 00:08:24
   1:35'52"19 ; DC    ;  67,410 ;     mV ;       ; 00:08:24
   1:35'52"55 ; DC    ;  67,400 ;     mV ;       ; 00:08:25
   1:35'52"88 ; DC    ;  67,430 ;     mV ;       ; 00:08:25
   1:35'53"22 ; DC    ;  67,400 ;     mV ;       ; 00:08:25
   1:35'53"56 ; DC    ;  67,410 ;     mV ;       ; 00:08:26
   1:35'53"89 ; DC    ;  67,410 ;     mV ;       ; 00:08:26
   1:35'54"22 ; DC    ;  67,400 ;     mV ;       ; 00:08:26
   1:35'54"57 ; DC    ;  67,430 ;     mV ;       ; 00:08:27
   1:35'54"94 ; DC    ;  67,400 ;     mV ;       ; 00:08:27
   1:35'55"28 ; DC    ;  67,410 ;     mV ;       ; 00:08:27
   1:35'55"60 ; DC    ;  67,430 ;     mV ;       ; 00:08:28
   1:35'55"93 ; DC    ;  67,390 ;     mV ;       ; 00:08:28
   1:35'56"26 ; DC    ;  67,410 ;     mV ;       ; 00:08:28
   1:35'56"59 ; DC    ;  67,390 ;     mV ;       ; 00:08:29
   1:35'56"93 ; DC    ;  67,390 ;     mV ;       ; 00:08:29
   1:35'57"28 ; DC    ;  67,400 ;     mV ;       ; 00:08:29
   1:35'57"62 ; DC    ;  67,390 ;     mV ;       ; 00:08:30
   1:35'57"97 ; DC    ;  67,400 ;     mV ;       ; 00:08:30
   1:35'58"33 ; DC    ;  67,400 ;     mV ;       ; 00:08:30
   1:35'58"65 ; DC    ;  67,400 ;     mV ;       ; 00:08:31
   1:35'58"99 ; DC    ;  67,420 ;     mV ;       ; 00:08:31
   1:35'59"34 ; DC    ;  67,410 ;     mV ;       ; 00:08:32
   1:35'59"67 ; DC    ;  67,430 ;     mV ;       ; 00:08:32
   1:35'59"99 ; DC    ;  67,410 ;     mV ;       ; 00:08:32
   1:36'00"33 ; DC    ;  67,430 ;     mV ;       ; 00:08:33
   1:36'00"67 ; DC    ;  67,410 ;     mV ;       ; 00:08:33
   1:36'00"99 ; DC    ;  67,450 ;     mV ;       ; 00:08:33
   1:36'01"32 ; DC    ;  67,420 ;     mV ;       ; 00:08:33
   1:36'01"64 ; DC    ;  67,420 ;     mV ;       ; 00:08:34
   1:36'01"99 ; DC    ;  67,410 ;     mV ;       ; 00:08:34
   1:36'02"39 ; DC    ;  67,440 ;     mV ;       ; 00:08:35
   1:36'02"74 ; DC    ;  67,390 ;     mV ;       ; 00:08:35
   1:36'03"13 ; DC    ;  67,440 ;     mV ;       ; 00:08:35
   1:36'03"47 ; DC    ;  67,430 ;     mV ;       ; 00:08:36
   1:36'03"81 ; DC    ;  67,410 ;     mV ;       ; 00:08:36
   1:36'04"15 ; DC    ;  67,430 ;     mV ;       ; 00:08:36
   1:36'04"50 ; DC    ;  67,430 ;     mV ;       ; 00:08:37
   1:36'04"89 ; DC    ;  67,410 ;     mV ;       ; 00:08:37
   1:36'05"28 ; DC    ;  67,440 ;     mV ;       ; 00:08:37
   1:36'05"64 ; DC    ;  67,450 ;     mV ;       ; 00:08:38
   1:36'05"96 ; DC    ;  67,420 ;     mV ;       ; 00:08:38
   1:36'06"29 ; DC    ;  67,410 ;     mV ;       ; 00:08:38
   1:36'06"63 ; DC    ;  67,420 ;     mV ;       ; 00:08:39
   1:36'06"95 ; DC    ;  67,410 ;     mV ;       ; 00:08:39
   1:36'07"28 ; DC    ;  67,430 ;     mV ;       ; 00:08:39
   1:36'07"60 ; DC    ;  67,410 ;     mV ;       ; 00:08:40
   1:36'07"93 ; DC    ;  67,400 ;     mV ;       ; 00:08:40
   1:36'08"26 ; DC    ;  67,440 ;     mV ;       ; 00:08:40
   1:36'08"61 ; DC    ;  67,420 ;     mV ;       ; 00:08:41
   1:36'08"95 ; DC    ;  67,440 ;     mV ;       ; 00:08:41
   1:36'09"28 ; DC    ;  67,430 ;     mV ;       ; 00:08:41
   1:36'09"60 ; DC    ;  67,420 ;     mV ;       ; 00:08:42
   1:36'09"93 ; DC    ;  67,440 ;     mV ;       ; 00:08:42
   1:36'10"26 ; DC    ;  67,410 ;     mV ;       ; 00:08:42
   1:36'10"60 ; DC    ;  67,430 ;     mV ;       ; 00:08:43
   1:36'10"94 ; DC    ;  67,440 ;     mV ;       ; 00:08:43
   1:36'11"28 ; DC    ;  67,420 ;     mV ;       ; 00:08:43
   1:36'11"60 ; DC    ;  67,440 ;     mV ;       ; 00:08:44
   1:36'11"93 ; DC    ;  67,420 ;     mV ;       ; 00:08:44
   1:36'12"27 ; DC    ;  67,420 ;     mV ;       ; 00:08:44
   1:36'12"61 ; DC    ;  67,430 ;     mV ;       ; 00:08:45
   1:36'12"95 ; DC    ;  67,430 ;     mV ;       ; 00:08:45
   1:36'13"28 ; DC    ;  67,450 ;     mV ;       ; 00:08:45
   1:36'13"60 ; DC    ;  67,420 ;     mV ;       ; 00:08:46
   1:36'13"96 ; DC    ;  67,420 ;     mV ;       ; 00:08:46
   1:36'14"32 ; DC    ;  67,430 ;     mV ;       ; 00:08:46
   1:36'14"66 ; DC    ;  67,430 ;     mV ;       ; 00:08:47
   1:36'15"01 ; DC    ;  67,420 ;     mV ;       ; 00:08:47
   1:36'15"34 ; DC    ;  67,430 ;     mV ;       ; 00:08:48
   1:36'15"70 ; DC    ;  67,430 ;     mV ;       ; 00:08:48
   1:36'16"04 ; DC    ;  67,400 ;     mV ;       ; 00:08:48
   1:36'16"38 ; DC    ;  67,450 ;     mV ;       ; 00:08:49
   1:36'16"71 ; DC    ;  67,400 ;     mV ;       ; 00:08:49
   1:36'17"03 ; DC    ;  67,420 ;     mV ;       ; 00:08:49
   1:36'17"38 ; DC    ;  67,410 ;     mV ;       ; 00:08:50
   1:36'17"74 ; DC    ;  67,420 ;     mV ;       ; 00:08:50
   1:36'18"07 ; DC    ;  67,410 ;     mV ;       ; 00:08:50
   1:36'18"41 ; DC    ;  67,420 ;     mV ;       ; 00:08:51
   1:36'18"74 ; DC    ;  67,410 ;     mV ;       ; 00:08:51
   1:36'19"08 ; DC    ;  67,400 ;     mV ;       ; 00:08:51
   1:36'19"45 ; DC    ;  67,400 ;     mV ;       ; 00:08:52
   1:36'19"80 ; DC    ;  67,410 ;     mV ;       ; 00:08:52
   1:36'20"14 ; DC    ;  67,390 ;     mV ;       ; 00:08:52
   1:36'20"48 ; DC    ;  67,400 ;     mV ;       ; 00:08:53
   1:36'20"88 ; DC    ;  67,380 ;     mV ;       ; 00:08:53
   1:36'21"22 ; DC    ;  67,390 ;     mV ;       ; 00:08:53
   1:36'21"55 ; DC    ;  67,390 ;     mV ;       ; 00:08:54
   1:36'21"89 ; DC    ;  67,360 ;     mV ;       ; 00:08:54
   1:36'22"21 ; DC    ;  67,370 ;     mV ;       ; 00:08:54
   1:36'22"54 ; DC    ;  67,360 ;     mV ;       ; 00:08:55
   1:36'22"86 ; DC    ;  67,370 ;     mV ;       ; 00:08:55
   1:36'23"23 ; DC    ;  67,380 ;     mV ;       ; 00:08:55
   1:36'23"60 ; DC    ;  67,380 ;     mV ;       ; 00:08:56
   1:36'24"01 ; DC    ;  67,380 ;     mV ;       ; 00:08:56
   1:36'24"35 ; DC    ;  67,360 ;     mV ;       ; 00:08:57
   1:36'24"69 ; DC    ;  67,360 ;     mV ;       ; 00:08:57
   1:36'25"02 ; DC    ;  67,350 ;     mV ;       ; 00:08:57
   1:36'25"37 ; DC    ;  67,370 ;     mV ;       ; 00:08:58
   1:36'25"69 ; DC    ;  67,350 ;     mV ;       ; 00:08:58
   1:36'26"02 ; DC    ;  67,370 ;     mV ;       ; 00:08:58
   1:36'26"36 ; DC    ;  67,360 ;     mV ;       ; 00:08:59
   1:36'26"69 ; DC    ;  67,380 ;     mV ;       ; 00:08:59
   1:36'27"01 ; DC    ;  67,360 ;     mV ;       ; 00:08:59
   1:36'27"33 ; DC    ;  67,400 ;     mV ;       ; 00:09:00
   1:36'27"67 ; DC    ;  67,370 ;     mV ;       ; 00:09:00
   1:36'27"99 ; DC    ;  67,420 ;     mV ;       ; 00:09:00
   1:36'28"35 ; DC    ;  67,430 ;     mV ;       ; 00:09:01
   1:36'28"71 ; DC    ;  67,380 ;     mV ;       ; 00:09:01
   1:36'29"03 ; DC    ;  67,400 ;     mV ;       ; 00:09:01
   1:36'29"36 ; DC    ;  67,360 ;     mV ;       ; 00:09:02
   1:36'29"70 ; DC    ;  67,360 ;     mV ;       ; 00:09:02
   1:36'30"05 ; DC    ;  67,320 ;     mV ;       ; 00:09:02
   1:36'30"39 ; DC    ;  67,360 ;     mV ;       ; 00:09:03
   1:36'30"71 ; DC    ;  67,360 ;     mV ;       ; 00:09:03
   1:36'31"03 ; DC    ;  67,400 ;     mV ;       ; 00:09:03
   1:36'31"36 ; DC    ;  67,370 ;     mV ;       ; 00:09:04
   1:36'31"70 ; DC    ;  67,390 ;     mV ;       ; 00:09:04
   1:36'32"07 ; DC    ;  67,370 ;     mV ;       ; 00:09:04
   1:36'32"43 ; DC    ;  67,390 ;     mV ;       ; 00:09:05
   1:36'32"79 ; DC    ;  67,350 ;     mV ;       ; 00:09:05
   1:36'33"13 ; DC    ;  67,360 ;     mV ;       ; 00:09:05
   1:36'33"47 ; DC    ;  67,340 ;     mV ;       ; 00:09:06
   1:36'33"83 ; DC    ;  67,360 ;     mV ;       ; 00:09:06
   1:36'34"28 ; DC    ;  67,340 ;     mV ;       ; 00:09:06
   1:36'34"68 ; DC    ;  67,350 ;     mV ;       ; 00:09:07
   1:36'35"09 ; DC    ;  67,360 ;     mV ;       ; 00:09:07
   1:36'35"48 ; DC    ;  67,370 ;     mV ;       ; 00:09:08
   1:36'35"94 ; DC    ;  67,360 ;     mV ;       ; 00:09:08
   1:36'36"35 ; DC    ;  67,350 ;     mV ;       ; 00:09:09
   1:36'36"73 ; DC    ;  67,370 ;     mV ;       ; 00:09:09
   1:36'37"10 ; DC    ;  67,370 ;     mV ;       ; 00:09:09
   1:36'37"46 ; DC    ;  67,340 ;     mV ;       ; 00:09:10
   1:36'37"84 ; DC    ;  67,350 ;     mV ;       ; 00:09:10
   1:36'38"22 ; DC    ;  67,360 ;     mV ;       ; 00:09:10
   1:36'38"59 ; DC    ;  67,350 ;     mV ;       ; 00:09:11
   1:36'38"97 ; DC    ;  67,320 ;     mV ;       ; 00:09:11
   1:36'39"33 ; DC    ;  67,360 ;     mV ;       ; 00:09:12
   1:36'39"71 ; DC    ;  67,320 ;     mV ;       ; 00:09:12
   1:36'40"09 ; DC    ;  67,370 ;     mV ;       ; 00:09:12
   1:36'40"45 ; DC    ;  67,370 ;     mV ;       ; 00:09:13
   1:36'40"81 ; DC    ;  67,350 ;     mV ;       ; 00:09:13
   1:36'41"17 ; DC    ;  67,360 ;     mV ;       ; 00:09:13
   1:36'41"56 ; DC    ;  67,350 ;     mV ;       ; 00:09:14
   1:36'41"93 ; DC    ;  67,370 ;     mV ;       ; 00:09:14
   1:36'42"26 ; DC    ;  67,330 ;     mV ;       ; 00:09:14
   1:36'42"58 ; DC    ;  67,350 ;     mV ;       ; 00:09:15
   1:36'42"92 ; DC    ;  67,330 ;     mV ;       ; 00:09:15
   1:36'43"27 ; DC    ;  67,360 ;     mV ;       ; 00:09:15
   1:36'43"64 ; DC    ;  67,360 ;     mV ;       ; 00:09:16
   1:36'44"02 ; DC    ;  67,370 ;     mV ;       ; 00:09:16
   1:36'44"41 ; DC    ;  67,360 ;     mV ;       ; 00:09:17
   1:36'44"79 ; DC    ;  67,370 ;     mV ;       ; 00:09:17
   1:36'45"22 ; DC    ;  67,350 ;     mV ;       ; 00:09:17
   1:36'45"58 ; DC    ;  67,360 ;     mV ;       ; 00:09:18
   1:36'45"91 ; DC    ;  67,380 ;     mV ;       ; 00:09:18
   1:36'46"26 ; DC    ;  67,350 ;     mV ;       ; 00:09:18
   1:36'46"62 ; DC    ;  67,360 ;     mV ;       ; 00:09:19
   1:36'47"00 ; DC    ;  67,340 ;     mV ;       ; 00:09:19
   1:36'47"38 ; DC    ;  67,340 ;     mV ;       ; 00:09:20
   1:36'47"72 ; DC    ;  67,320 ;     mV ;       ; 00:09:20
   1:36'48"08 ; DC    ;  67,330 ;     mV ;       ; 00:09:20
   1:36'48"49 ; DC    ;  67,330 ;     mV ;       ; 00:09:21
   1:36'48"86 ; DC    ;  67,330 ;     mV ;       ; 00:09:21
   1:36'49"20 ; DC    ;  67,330 ;     mV ;       ; 00:09:21
   1:36'49"53 ; DC    ;  67,320 ;     mV ;       ; 00:09:22
   1:36'49"91 ; DC    ;  67,340 ;     mV ;       ; 00:09:22
   1:36'50"32 ; DC    ;  67,320 ;     mV ;       ; 00:09:22
   1:36'50"66 ; DC    ;  67,330 ;     mV ;       ; 00:09:23
   1:36'50"99 ; DC    ;  67,330 ;     mV ;       ; 00:09:23
   1:36'51"32 ; DC    ;  67,320 ;     mV ;       ; 00:09:23
   1:36'51"66 ; DC    ;  67,330 ;     mV ;       ; 00:09:24
   1:36'52"05 ; DC    ;  67,300 ;     mV ;       ; 00:09:24
   1:36'52"38 ; DC    ;  67,310 ;     mV ;       ; 00:09:25
   1:36'52"72 ; DC    ;  67,310 ;     mV ;       ; 00:09:25
   1:36'53"06 ; DC    ;  67,300 ;     mV ;       ; 00:09:25
   1:36'53"40 ; DC    ;  67,290 ;     mV ;       ; 00:09:26
   1:36'53"76 ; DC    ;  67,300 ;     mV ;       ; 00:09:26
   1:36'54"11 ; DC    ;  67,310 ;     mV ;       ; 00:09:26
   1:36'54"44 ; DC    ;  67,290 ;     mV ;       ; 00:09:27
   1:36'54"80 ; DC    ;  67,320 ;     mV ;       ; 00:09:27
   1:36'55"22 ; DC    ;  67,280 ;     mV ;       ; 00:09:27
   1:36'55"63 ; DC    ;  67,330 ;     mV ;       ; 00:09:28
   1:36'56"02 ; DC    ;  67,350 ;     mV ;       ; 00:09:28
   1:36'56"36 ; DC    ;  67,290 ;     mV ;       ; 00:09:29
   1:36'56"70 ; DC    ;  67,320 ;     mV ;       ; 00:09:29
   1:36'57"04 ; DC    ;  67,310 ;     mV ;       ; 00:09:29
   1:36'57"42 ; DC    ;  67,320 ;     mV ;       ; 00:09:30
   1:36'57"76 ; DC    ;  67,320 ;     mV ;       ; 00:09:30
   1:36'58"09 ; DC    ;  67,330 ;     mV ;       ; 00:09:30
   1:36'58"48 ; DC    ;  67,320 ;     mV ;       ; 00:09:31
   1:36'58"83 ; DC    ;  67,330 ;     mV ;       ; 00:09:31
   1:36'59"16 ; DC    ;  67,330 ;     mV ;       ; 00:09:31
   1:36'59"51 ; DC    ;  67,350 ;     mV ;       ; 00:09:32
   1:36'59"85 ; DC    ;  67,350 ;     mV ;       ; 00:09:32
   1:37'00"19 ; DC    ;  67,380 ;     mV ;       ; 00:09:32
   1:37'00"53 ; DC    ;  67,410 ;     mV ;       ; 00:09:33
   1:37'00"85 ; DC    ;  67,360 ;     mV ;       ; 00:09:33
   1:37'01"18 ; DC    ;  67,380 ;     mV ;       ; 00:09:33
   1:37'01"50 ; DC    ;  67,340 ;     mV ;       ; 00:09:34
   1:37'01"86 ; DC    ;  67,360 ;     mV ;       ; 00:09:34
   1:37'02"20 ; DC    ;  67,340 ;     mV ;       ; 00:09:34
   1:37'02"52 ; DC    ;  67,360 ;     mV ;       ; 00:09:35
   1:37'02"85 ; DC    ;  67,320 ;     mV ;       ; 00:09:35
   1:37'03"19 ; DC    ;  67,360 ;     mV ;       ; 00:09:35
   1:37'03"51 ; DC    ;  67,350 ;     mV ;       ; 00:09:36
   1:37'03"86 ; DC    ;  67,370 ;     mV ;       ; 00:09:36
   1:37'04"18 ; DC    ;  67,370 ;     mV ;       ; 00:09:36
   1:37'04"51 ; DC    ;  67,370 ;     mV ;       ; 00:09:37
   1:37'04"85 ; DC    ;  67,370 ;     mV ;       ; 00:09:37
   1:37'05"23 ; DC    ;  67,310 ;     mV ;       ; 00:09:37
   1:37'05"58 ; DC    ;  67,270 ;     mV ;       ; 00:09:38
   1:37'05"91 ; DC    ;  67,280 ;     mV ;       ; 00:09:38
   1:37'06"24 ; DC    ;  67,290 ;     mV ;       ; 00:09:38
   1:37'06"57 ; DC    ;  67,280 ;     mV ;       ; 00:09:39
   1:37'06"91 ; DC    ;  67,290 ;     mV ;       ; 00:09:39
   1:37'07"23 ; DC    ;  67,240 ;     mV ;       ; 00:09:39
   1:37'07"56 ; DC    ;  67,280 ;     mV ;       ; 00:09:40
   1:37'07"88 ; DC    ;  67,250 ;     mV ;       ; 00:09:40
   1:37'08"21 ; DC    ;  67,290 ;     mV ;       ; 00:09:40
   1:37'08"55 ; DC    ;  67,280 ;     mV ;       ; 00:09:41
   1:37'08"88 ; DC    ;  67,290 ;     mV ;       ; 00:09:41
   1:37'09"22 ; DC    ;  67,260 ;     mV ;       ; 00:09:41
   1:37'09"56 ; DC    ;  67,280 ;     mV ;       ; 00:09:42
   1:37'09"88 ; DC    ;  67,240 ;     mV ;       ; 00:09:42
   1:37'10"21 ; DC    ;  67,310 ;     mV ;       ; 00:09:42
   1:37'10"55 ; DC    ;  67,270 ;     mV ;       ; 00:09:43
   1:37'10"89 ; DC    ;  67,300 ;     mV ;       ; 00:09:43
   1:37'11"23 ; DC    ;  67,290 ;     mV ;       ; 00:09:43
   1:37'11"59 ; DC    ;  67,290 ;     mV ;       ; 00:09:44
   1:37'11"91 ; DC    ;  67,280 ;     mV ;       ; 00:09:44
   1:37'12"24 ; DC    ;  67,290 ;     mV ;       ; 00:09:44
   1:37'12"58 ; DC    ;  67,290 ;     mV ;       ; 00:09:45
   1:37'12"94 ; DC    ;  67,310 ;     mV ;       ; 00:09:45
   1:37'13"26 ; DC    ;  67,270 ;     mV ;       ; 00:09:45
   1:37'13"61 ; DC    ;  67,300 ;     mV ;       ; 00:09:46
   1:37'13"95 ; DC    ;  67,310 ;     mV ;       ; 00:09:46
   1:37'14"27 ; DC    ;  67,300 ;     mV ;       ; 00:09:46
   1:37'14"69 ; DC    ;  67,310 ;     mV ;       ; 00:09:47
   1:37'15"02 ; DC    ;  67,280 ;     mV ;       ; 00:09:47
   1:37'15"36 ; DC    ;  67,290 ;     mV ;       ; 00:09:48
   1:37'15"68 ; DC    ;  67,280 ;     mV ;       ; 00:09:48
   1:37'16"03 ; DC    ;  67,300 ;     mV ;       ; 00:09:48
   1:37'16"35 ; DC    ;  67,280 ;     mV ;       ; 00:09:49
   1:37'16"68 ; DC    ;  67,310 ;     mV ;       ; 00:09:49
   1:37'17"01 ; DC    ;  67,270 ;     mV ;       ; 00:09:49
   1:37'17"34 ; DC    ;  67,290 ;     mV ;       ; 00:09:50
   1:37'17"68 ; DC    ;  67,260 ;     mV ;       ; 00:09:50
   1:37'18"01 ; DC    ;  67,270 ;     mV ;       ; 00:09:50
   1:37'18"43 ; DC    ;  67,260 ;     mV ;       ; 00:09:51
   1:37'18"77 ; DC    ;  67,260 ;     mV ;       ; 00:09:51
   1:37'19"11 ; DC    ;  67,260 ;     mV ;       ; 00:09:51
   1:37'19"47 ; DC    ;  67,250 ;     mV ;       ; 00:09:52
   1:37'19"82 ; DC    ;  67,250 ;     mV ;       ; 00:09:52
   1:37'20"19 ; DC    ;  67,250 ;     mV ;       ; 00:09:52
   1:37'20"53 ; DC    ;  67,270 ;     mV ;       ; 00:09:53
   1:37'20"87 ; DC    ;  67,260 ;     mV ;       ; 00:09:53
   1:37'21"22 ; DC    ;  67,280 ;     mV ;       ; 00:09:53
   1:37'21"56 ; DC    ;  67,260 ;     mV ;       ; 00:09:54
   1:37'21"88 ; DC    ;  67,270 ;     mV ;       ; 00:09:54
   1:37'22"22 ; DC    ;  67,240 ;     mV ;       ; 00:09:54
   1:37'22"55 ; DC    ;  67,270 ;     mV ;       ; 00:09:55
   1:37'22"89 ; DC    ;  67,240 ;     mV ;       ; 00:09:55
   1:37'23"22 ; DC    ;  67,230 ;     mV ;       ; 00:09:55
   1:37'23"55 ; DC    ;  67,240 ;     mV ;       ; 00:09:56
   1:37'23"89 ; DC    ;  67,210 ;     mV ;       ; 00:09:56
   1:37'24"22 ; DC    ;  67,260 ;     mV ;       ; 00:09:56
   1:37'24"54 ; DC    ;  67,240 ;     mV ;       ; 00:09:57
   1:37'24"87 ; DC    ;  67,230 ;     mV ;       ; 00:09:57
   1:37'25"22 ; DC    ;  67,250 ;     mV ;       ; 00:09:57
   1:37'25"54 ; DC    ;  67,250 ;     mV ;       ; 00:09:58
   1:37'25"88 ; DC    ;  67,270 ;     mV ;       ; 00:09:58
   1:37'26"21 ; DC    ;  67,290 ;     mV ;       ; 00:09:58
   1:37'26"54 ; DC    ;  67,240 ;     mV ;       ; 00:09:59
   1:37'26"88 ; DC    ;  67,270 ;     mV ;       ; 00:09:59
   1:37'27"22 ; DC    ;  67,250 ;     mV ;       ; 00:09:59
   1:37'27"54 ; DC    ;  67,270 ;     mV ;       ; 00:10:00
   1:37'27"89 ; DC    ;  67,270 ;     mV ;       ; 00:10:00
   1:37'28"22 ; DC    ;  67,290 ;     mV ;       ; 00:10:00
   1:37'28"56 ; DC    ;  67,260 ;     mV ;       ; 00:10:01
   1:37'28"91 ; DC    ;  67,280 ;     mV ;       ; 00:10:01
   1:37'29"23 ; DC    ;  67,300 ;     mV ;       ; 00:10:01
   1:37'29"59 ; DC    ;  67,280 ;     mV ;       ; 00:10:02
   1:37'29"94 ; DC    ;  67,310 ;     mV ;       ; 00:10:02
   1:37'30"28 ; DC    ;  67,300 ;     mV ;       ; 00:10:02
   1:37'30"62 ; DC    ;  67,290 ;     mV ;       ; 00:10:03
   1:37'30"97 ; DC    ;  67,300 ;     mV ;       ; 00:10:03
   1:37'31"29 ; DC    ;  67,300 ;     mV ;       ; 00:10:03
   1:37'31"63 ; DC    ;  67,280 ;     mV ;       ; 00:10:04
   1:37'31"97 ; DC    ;  67,310 ;     mV ;       ; 00:10:04
   1:37'32"31 ; DC    ;  67,280 ;     mV ;       ; 00:10:04
   1:37'32"65 ; DC    ;  67,290 ;     mV ;       ; 00:10:05
   1:37'32"98 ; DC    ;  67,290 ;     mV ;       ; 00:10:05
   1:37'33"31 ; DC    ;  67,280 ;     mV ;       ; 00:10:05
   1:37'33"65 ; DC    ;  67,300 ;     mV ;       ; 00:10:06
   1:37'33"98 ; DC    ;  67,290 ;     mV ;       ; 00:10:06
   1:37'34"32 ; DC    ;  67,290 ;     mV ;       ; 00:10:06
   1:37'34"72 ; DC    ;  67,320 ;     mV ;       ; 00:10:07
   1:37'35"04 ; DC    ;  67,310 ;     mV ;       ; 00:10:07
   1:37'35"37 ; DC    ;  67,320 ;     mV ;       ; 00:10:08
   1:37'35"71 ; DC    ;  67,320 ;     mV ;       ; 00:10:08
   1:37'36"04 ; DC    ;  67,290 ;     mV ;       ; 00:10:08
   1:37'36"38 ; DC    ;  67,330 ;     mV ;       ; 00:10:09
   1:37'36"71 ; DC    ;  67,320 ;     mV ;       ; 00:10:09
   1:37'37"06 ; DC    ;  67,310 ;     mV ;       ; 00:10:09
   1:37'37"40 ; DC    ;  67,330 ;     mV ;       ; 00:10:10
   1:37'37"75 ; DC    ;  67,320 ;     mV ;       ; 00:10:10
   1:37'38"09 ; DC    ;  67,320 ;     mV ;       ; 00:10:10
   1:37'38"43 ; DC    ;  67,320 ;     mV ;       ; 00:10:11
   1:37'38"77 ; DC    ;  67,280 ;     mV ;       ; 00:10:11
   1:37'39"09 ; DC    ;  67,320 ;     mV ;       ; 00:10:11
   1:37'39"44 ; DC    ;  67,330 ;     mV ;       ; 00:10:12
   1:37'39"78 ; DC    ;  67,290 ;     mV ;       ; 00:10:12
   1:37'40"12 ; DC    ;  67,310 ;     mV ;       ; 00:10:12
   1:37'40"50 ; DC    ;  67,290 ;     mV ;       ; 00:10:13
   1:37'40"85 ; DC    ;  67,320 ;     mV ;       ; 00:10:13
   1:37'41"21 ; DC    ;  67,310 ;     mV ;       ; 00:10:13
   1:37'41"63 ; DC    ;  67,320 ;     mV ;       ; 00:10:14
   1:37'41"99 ; DC    ;  67,290 ;     mV ;       ; 00:10:14
   1:37'42"35 ; DC    ;  67,300 ;     mV ;       ; 00:10:15
   1:37'42"71 ; DC    ;  67,310 ;     mV ;       ; 00:10:15
   1:37'43"08 ; DC    ;  67,310 ;     mV ;       ; 00:10:15
   1:37'43"50 ; DC    ;  67,310 ;     mV ;       ; 00:10:16
   1:37'43"87 ; DC    ;  67,300 ;     mV ;       ; 00:10:16
   1:37'44"24 ; DC    ;  67,300 ;     mV ;       ; 00:10:16
   1:37'44"62 ; DC    ;  67,300 ;     mV ;       ; 00:10:17
   1:37'44"96 ; DC    ;  67,320 ;     mV ;       ; 00:10:17
   1:37'45"33 ; DC    ;  67,300 ;     mV ;       ; 00:10:17
   1:37'45"67 ; DC    ;  67,330 ;     mV ;       ; 00:10:18
   1:37'45"99 ; DC    ;  67,320 ;     mV ;       ; 00:10:18
   1:37'46"34 ; DC    ;  67,300 ;     mV ;       ; 00:10:19
   1:37'46"67 ; DC    ;  67,300 ;     mV ;       ; 00:10:19
   1:37'46"99 ; DC    ;  67,330 ;     mV ;       ; 00:10:19
   1:37'47"33 ; DC    ;  67,330 ;     mV ;       ; 00:10:19
   1:37'47"67 ; DC    ;  67,320 ;     mV ;       ; 00:10:20
   1:37'48"01 ; DC    ;  67,330 ;     mV ;       ; 00:10:20
   1:37'48"34 ; DC    ;  67,340 ;     mV ;       ; 00:10:21
   1:37'48"67 ; DC    ;  67,310 ;     mV ;       ; 00:10:21
   1:37'49"03 ; DC    ;  67,300 ;     mV ;       ; 00:10:21
   1:37'49"35 ; DC    ;  67,320 ;     mV ;       ; 00:10:22
   1:37'49"68 ; DC    ;  67,290 ;     mV ;       ; 00:10:22
   1:37'50"03 ; DC    ;  67,320 ;     mV ;       ; 00:10:22
   1:37'50"38 ; DC    ;  67,290 ;     mV ;       ; 00:10:23
   1:37'50"72 ; DC    ;  67,280 ;     mV ;       ; 00:10:23
   1:37'51"05 ; DC    ;  67,280 ;     mV ;       ; 00:10:23
   1:37'51"48 ; DC    ;  67,280 ;     mV ;       ; 00:10:24
   1:37'51"89 ; DC    ;  67,270 ;     mV ;       ; 00:10:24
   1:37'52"25 ; DC    ;  67,250 ;     mV ;       ; 00:10:24
   1:37'52"63 ; DC    ;  67,270 ;     mV ;       ; 00:10:25
   1:37'52"99 ; DC    ;  67,260 ;     mV ;       ; 00:10:25
   1:37'53"39 ; DC    ;  67,280 ;     mV ;       ; 00:10:26
   1:37'53"79 ; DC    ;  67,270 ;     mV ;       ; 00:10:26
   1:37'54"20 ; DC    ;  67,290 ;     mV ;       ; 00:10:26
   1:37'54"60 ; DC    ;  67,290 ;     mV ;       ; 00:10:27
   1:37'54"99 ; DC    ;  67,270 ;     mV ;       ; 00:10:27
   1:37'55"38 ; DC    ;  67,300 ;     mV ;       ; 00:10:28
   1:37'55"74 ; DC    ;  67,310 ;     mV ;       ; 00:10:28
   1:37'56"11 ; DC    ;  67,270 ;     mV ;       ; 00:10:28
   1:37'56"45 ; DC    ;  67,320 ;     mV ;       ; 00:10:29
   1:37'56"79 ; DC    ;  67,290 ;     mV ;       ; 00:10:29
   1:37'57"12 ; DC    ;  67,270 ;     mV ;       ; 00:10:29
   1:37'57"46 ; DC    ;  67,290 ;     mV ;       ; 00:10:30
   1:37'57"80 ; DC    ;  67,280 ;     mV ;       ; 00:10:30
   1:37'58"11 ; DC    ;  67,310 ;     mV ;       ; 00:10:30
   1:37'58"45 ; DC    ;  67,300 ;     mV ;       ; 00:10:31
   1:37'58"79 ; DC    ;  67,300 ;     mV ;       ; 00:10:31
   1:37'59"11 ; DC    ;  67,310 ;     mV ;       ; 00:10:31
   1:37'59"46 ; DC    ;  67,320 ;     mV ;       ; 00:10:32
   1:37'59"79 ; DC    ;  67,300 ;     mV ;       ; 00:10:32
   1:38'00"12 ; DC    ;  67,310 ;     mV ;       ; 00:10:32
   1:38'00"44 ; DC    ;  67,280 ;     mV ;       ; 00:10:33
   1:38'00"78 ; DC    ;  67,330 ;     mV ;       ; 00:10:33
   1:38'01"13 ; DC    ;  67,290 ;     mV ;       ; 00:10:33
   1:38'01"47 ; DC    ;  67,300 ;     mV ;       ; 00:10:34
   1:38'01"81 ; DC    ;  67,310 ;     mV ;       ; 00:10:34
   1:38'02"14 ; DC    ;  67,290 ;     mV ;       ; 00:10:34
   1:38'02"47 ; DC    ;  67,330 ;     mV ;       ; 00:10:35
   1:38'02"80 ; DC    ;  67,290 ;     mV ;       ; 00:10:35
   1:38'03"12 ; DC    ;  67,250 ;     mV ;       ; 00:10:35
   1:38'03"45 ; DC    ;  67,280 ;     mV ;       ; 00:10:36
   1:38'03"77 ; DC    ;  67,250 ;     mV ;       ; 00:10:36
   1:38'04"11 ; DC    ;  67,260 ;     mV ;       ; 00:10:36
   1:38'04"43 ; DC    ;  67,260 ;     mV ;       ; 00:10:37
   1:38'04"75 ; DC    ;  67,250 ;     mV ;       ; 00:10:37
   1:38'05"09 ; DC    ;  67,250 ;     mV ;       ; 00:10:37
   1:38'05"44 ; DC    ;  67,230 ;     mV ;       ; 00:10:38
   1:38'05"78 ; DC    ;  67,240 ;     mV ;       ; 00:10:38
   1:38'06"13 ; DC    ;  67,280 ;     mV ;       ; 00:10:38
   1:38'06"48 ; DC    ;  67,260 ;     mV ;       ; 00:10:39
   1:38'06"84 ; DC    ;  67,250 ;     mV ;       ; 00:10:39
   1:38'07"16 ; DC    ;  67,260 ;     mV ;       ; 00:10:39
   1:38'07"49 ; DC    ;  67,230 ;     mV ;       ; 00:10:40
   1:38'07"82 ; DC    ;  67,250 ;     mV ;       ; 00:10:40
   1:38'08"16 ; DC    ;  67,230 ;     mV ;       ; 00:10:40
   1:38'08"48 ; DC    ;  67,260 ;     mV ;       ; 00:10:41
   1:38'08"82 ; DC    ;  67,250 ;     mV ;       ; 00:10:41
   1:38'09"15 ; DC    ;  67,220 ;     mV ;       ; 00:10:41
   1:38'09"49 ; DC    ;  67,230 ;     mV ;       ; 00:10:42
   1:38'09"85 ; DC    ;  67,230 ;     mV ;       ; 00:10:42
   1:38'10"23 ; DC    ;  67,240 ;     mV ;       ; 00:10:42
   1:38'10"57 ; DC    ;  67,260 ;     mV ;       ; 00:10:43
   1:38'10"90 ; DC    ;  67,240 ;     mV ;       ; 00:10:43
   1:38'11"23 ; DC    ;  67,240 ;     mV ;       ; 00:10:43
   1:38'11"56 ; DC    ;  67,270 ;     mV ;       ; 00:10:44
   1:38'11"89 ; DC    ;  67,250 ;     mV ;       ; 00:10:44
   1:38'12"23 ; DC    ;  67,270 ;     mV ;       ; 00:10:44
   1:38'12"59 ; DC    ;  67,260 ;     mV ;       ; 00:10:45
   1:38'12"92 ; DC    ;  67,260 ;     mV ;       ; 00:10:45
   1:38'13"25 ; DC    ;  67,270 ;     mV ;       ; 00:10:45
   1:38'13"57 ; DC    ;  67,260 ;     mV ;       ; 00:10:46
   1:38'13"90 ; DC    ;  67,280 ;     mV ;       ; 00:10:46
   1:38'14"23 ; DC    ;  67,290 ;     mV ;       ; 00:10:46
   1:38'14"55 ; DC    ;  67,250 ;     mV ;       ; 00:10:47
   1:38'14"88 ; DC    ;  67,260 ;     mV ;       ; 00:10:47
   1:38'15"21 ; DC    ;  67,290 ;     mV ;       ; 00:10:47
   1:38'15"54 ; DC    ;  67,300 ;     mV ;       ; 00:10:48
   1:38'15"89 ; DC    ;  67,300 ;     mV ;       ; 00:10:48
   1:38'16"22 ; DC    ;  67,280 ;     mV ;       ; 00:10:48
   1:38'16"55 ; DC    ;  67,270 ;     mV ;       ; 00:10:49
   1:38'16"91 ; DC    ;  67,300 ;     mV ;       ; 00:10:49
   1:38'17"24 ; DC    ;  67,270 ;     mV ;       ; 00:10:49
   1:38'17"57 ; DC    ;  67,230 ;     mV ;       ; 00:10:50
   1:38'17"90 ; DC    ;  67,210 ;     mV ;       ; 00:10:50
   1:38'18"22 ; DC    ;  67,230 ;     mV ;       ; 00:10:50
   1:38'18"57 ; DC    ;  67,200 ;     mV ;       ; 00:10:51
   1:38'18"90 ; DC    ;  67,210 ;     mV ;       ; 00:10:51
   1:38'19"23 ; DC    ;  67,200 ;     mV ;       ; 00:10:51
   1:38'19"57 ; DC    ;  67,220 ;     mV ;       ; 00:10:52
   1:38'19"90 ; DC    ;  67,240 ;     mV ;       ; 00:10:52
   1:38'20"22 ; DC    ;  67,230 ;     mV ;       ; 00:10:52
   1:38'20"55 ; DC    ;  67,250 ;     mV ;       ; 00:10:53
   1:38'20"89 ; DC    ;  67,260 ;     mV ;       ; 00:10:53
   1:38'21"22 ; DC    ;  67,260 ;     mV ;       ; 00:10:53
   1:38'21"55 ; DC    ;  67,270 ;     mV ;       ; 00:10:54
   1:38'21"88 ; DC    ;  67,260 ;     mV ;       ; 00:10:54
   1:38'22"25 ; DC    ;  67,260 ;     mV ;       ; 00:10:54
   1:38'22"59 ; DC    ;  67,230 ;     mV ;       ; 00:10:55
   1:38'22"94 ; DC    ;  67,230 ;     mV ;       ; 00:10:55
   1:38'23"27 ; DC    ;  67,260 ;     mV ;       ; 00:10:55
   1:38'23"61 ; DC    ;  67,230 ;     mV ;       ; 00:10:56
   1:38'23"94 ; DC    ;  67,270 ;     mV ;       ; 00:10:56
   1:38'24"27 ; DC    ;  67,220 ;     mV ;       ; 00:10:56
   1:38'24"62 ; DC    ;  67,230 ;     mV ;       ; 00:10:57
   1:38'24"99 ; DC    ;  67,210 ;     mV ;       ; 00:10:57
   1:38'25"35 ; DC    ;  67,250 ;     mV ;       ; 00:10:58
   1:38'25"68 ; DC    ;  67,240 ;     mV ;       ; 00:10:58
   1:38'26"03 ; DC    ;  67,240 ;     mV ;       ; 00:10:58
   1:38'26"47 ; DC    ;  67,240 ;     mV ;       ; 00:10:59
   1:38'26"83 ; DC    ;  67,240 ;     mV ;       ; 00:10:59
   1:38'27"21 ; DC    ;  67,250 ;     mV ;       ; 00:10:59
   1:38'27"61 ; DC    ;  67,240 ;     mV ;       ; 00:11:00
   1:38'27"98 ; DC    ;  67,250 ;     mV ;       ; 00:11:00
   1:38'28"34 ; DC    ;  67,240 ;     mV ;       ; 00:11:01
   1:38'28"70 ; DC    ;  67,250 ;     mV ;       ; 00:11:01
   1:38'29"07 ; DC    ;  67,220 ;     mV ;       ; 00:11:01
   1:38'29"45 ; DC    ;  67,250 ;     mV ;       ; 00:11:02
   1:38'29"87 ; DC    ;  67,270 ;     mV ;       ; 00:11:02
   1:38'30"21 ; DC    ;  67,270 ;     mV ;       ; 00:11:02
   1:38'30"57 ; DC    ;  67,250 ;     mV ;       ; 00:11:03
   1:38'30"96 ; DC    ;  67,260 ;     mV ;       ; 00:11:03
   1:38'31"33 ; DC    ;  67,280 ;     mV ;       ; 00:11:03
   1:38'31"75 ; DC    ;  67,290 ;     mV ;       ; 00:11:04
   1:38'32"09 ; DC    ;  67,250 ;     mV ;       ; 00:11:04
   1:38'32"41 ; DC    ;  67,280 ;     mV ;       ; 00:11:05
   1:38'32"78 ; DC    ;  67,260 ;     mV ;       ; 00:11:05
   1:38'33"12 ; DC    ;  67,280 ;     mV ;       ; 00:11:05
   1:38'33"46 ; DC    ;  67,260 ;     mV ;       ; 00:11:06
   1:38'33"79 ; DC    ;  67,290 ;     mV ;       ; 00:11:06
   1:38'34"17 ; DC    ;  67,260 ;     mV ;       ; 00:11:06
   1:38'34"57 ; DC    ;  67,290 ;     mV ;       ; 00:11:07
   1:38'34"89 ; DC    ;  67,270 ;     mV ;       ; 00:11:07
   1:38'35"23 ; DC    ;  67,290 ;     mV ;       ; 00:11:07
   1:38'35"56 ; DC    ;  67,280 ;     mV ;       ; 00:11:08
   1:38'35"91 ; DC    ;  67,290 ;     mV ;       ; 00:11:08
   1:38'36"25 ; DC    ;  67,260 ;     mV ;       ; 00:11:08
   1:38'36"58 ; DC    ;  67,280 ;     mV ;       ; 00:11:09
   1:38'36"94 ; DC    ;  67,240 ;     mV ;       ; 00:11:09
   1:38'37"28 ; DC    ;  67,260 ;     mV ;       ; 00:11:09
   1:38'37"62 ; DC    ;  67,230 ;     mV ;       ; 00:11:10
   1:38'37"99 ; DC    ;  67,240 ;     mV ;       ; 00:11:10
   1:38'38"33 ; DC    ;  67,250 ;     mV ;       ; 00:11:11
   1:38'38"69 ; DC    ;  67,240 ;     mV ;       ; 00:11:11
   1:38'39"09 ; DC    ;  67,260 ;     mV ;       ; 00:11:11
   1:38'39"43 ; DC    ;  67,260 ;     mV ;       ; 00:11:12
   1:38'39"78 ; DC    ;  67,300 ;     mV ;       ; 00:11:12
   1:38'40"16 ; DC    ;  67,260 ;     mV ;       ; 00:11:12
   1:38'40"49 ; DC    ;  67,280 ;     mV ;       ; 00:11:13
   1:38'40"83 ; DC    ;  67,260 ;     mV ;       ; 00:11:13
   1:38'41"21 ; DC    ;  67,280 ;     mV ;       ; 00:11:13
   1:38'41"54 ; DC    ;  67,250 ;     mV ;       ; 00:11:14
   1:38'41"87 ; DC    ;  67,270 ;     mV ;       ; 00:11:14
   1:38'42"27 ; DC    ;  67,240 ;     mV ;       ; 00:11:14
   1:38'42"62 ; DC    ;  67,260 ;     mV ;       ; 00:11:15
   1:38'42"97 ; DC    ;  67,270 ;     mV ;       ; 00:11:15
   1:38'43"30 ; DC    ;  67,280 ;     mV ;       ; 00:11:15
   1:38'43"65 ; DC    ;  67,270 ;     mV ;       ; 00:11:16
   1:38'44"02 ; DC    ;  67,250 ;     mV ;       ; 00:11:16
   1:38'44"40 ; DC    ;  67,270 ;     mV ;       ; 00:11:17
   1:38'44"79 ; DC    ;  67,270 ;     mV ;       ; 00:11:17
   1:38'45"19 ; DC    ;  67,270 ;     mV ;       ; 00:11:17
   1:38'45"56 ; DC    ;  67,250 ;     mV ;       ; 00:11:18
   1:38'45"89 ; DC    ;  67,270 ;     mV ;       ; 00:11:18
   1:38'46"26 ; DC    ;  67,260 ;     mV ;       ; 00:11:18
   1:38'46"62 ; DC    ;  67,240 ;     mV ;       ; 00:11:19
   1:38'46"98 ; DC    ;  67,260 ;     mV ;       ; 00:11:19
   1:38'47"31 ; DC    ;  67,260 ;     mV ;       ; 00:11:19
   1:38'47"64 ; DC    ;  67,260 ;     mV ;       ; 00:11:20
   1:38'47"98 ; DC    ;  67,240 ;     mV ;       ; 00:11:20
   1:38'48"39 ; DC    ;  67,250 ;     mV ;       ; 00:11:21
   1:38'48"75 ; DC    ;  67,250 ;     mV ;       ; 00:11:21
   1:38'49"17 ; DC    ;  67,250 ;     mV ;       ; 00:11:21
   1:38'49"55 ; DC    ;  67,240 ;     mV ;       ; 00:11:22
   1:38'49"89 ; DC    ;  67,240 ;     mV ;       ; 00:11:22
   1:38'50"21 ; DC    ;  67,270 ;     mV ;       ; 00:11:22
   1:38'50"54 ; DC    ;  67,250 ;     mV ;       ; 00:11:23
   1:38'50"88 ; DC    ;  67,260 ;     mV ;       ; 00:11:23
   1:38'51"22 ; DC    ;  67,210 ;     mV ;       ; 00:11:23
   1:38'51"55 ; DC    ;  67,230 ;     mV ;       ; 00:11:24
   1:38'51"87 ; DC    ;  67,200 ;     mV ;       ; 00:11:24
   1:38'52"22 ; DC    ;  67,240 ;     mV ;       ; 00:11:24
   1:38'52"62 ; DC    ;  67,230 ;     mV ;       ; 00:11:25
   1:38'53"02 ; DC    ;  67,230 ;     mV ;       ; 00:11:25
   1:38'53"41 ; DC    ;  67,250 ;     mV ;       ; 00:11:26
   1:38'53"78 ; DC    ;  67,240 ;     mV ;       ; 00:11:26
   1:38'54"12 ; DC    ;  67,230 ;     mV ;       ; 00:11:26
   1:38'54"48 ; DC    ;  67,230 ;     mV ;       ; 00:11:27
   1:38'54"81 ; DC    ;  67,240 ;     mV ;       ; 00:11:27
   1:38'55"13 ; DC    ;  67,240 ;     mV ;       ; 00:11:27
   1:38'55"46 ; DC    ;  67,260 ;     mV ;       ; 00:11:28
   1:38'55"80 ; DC    ;  67,230 ;     mV ;       ; 00:11:28
   1:38'56"14 ; DC    ;  67,260 ;     mV ;       ; 00:11:28
   1:38'56"49 ; DC    ;  67,230 ;     mV ;       ; 00:11:29
   1:38'56"85 ; DC    ;  67,230 ;     mV ;       ; 00:11:29
   1:38'57"21 ; DC    ;  67,250 ;     mV ;       ; 00:11:29
   1:38'57"57 ; DC    ;  67,230 ;     mV ;       ; 00:11:30
   1:38'57"95 ; DC    ;  67,220 ;     mV ;       ; 00:11:30
   1:38'58"29 ; DC    ;  67,220 ;     mV ;       ; 00:11:30
   1:38'58"62 ; DC    ;  67,210 ;     mV ;       ; 00:11:31
   1:38'58"94 ; DC    ;  67,250 ;     mV ;       ; 00:11:31
   1:38'59"27 ; DC    ;  67,230 ;     mV ;       ; 00:11:31
   1:38'59"60 ; DC    ;  67,210 ;     mV ;       ; 00:11:32
   1:38'59"94 ; DC    ;  67,220 ;     mV ;       ; 00:11:32
   1:39'00"26 ; DC    ;  67,200 ;     mV ;       ; 00:11:32
   1:39'00"59 ; DC    ;  67,240 ;     mV ;       ; 00:11:33
   1:39'01"00 ; DC    ;  67,200 ;     mV ;       ; 00:11:33
   1:39'01"37 ; DC    ;  67,190 ;     mV ;       ; 00:11:34
   1:39'01"72 ; DC    ;  67,230 ;     mV ;       ; 00:11:34
   1:39'02"07 ; DC    ;  67,200 ;     mV ;       ; 00:11:34
   1:39'02"40 ; DC    ;  67,210 ;     mV ;       ; 00:11:35
   1:39'02"76 ; DC    ;  67,210 ;     mV ;       ; 00:11:35
   1:39'03"15 ; DC    ;  67,200 ;     mV ;       ; 00:11:35
   1:39'03"53 ; DC    ;  67,210 ;     mV ;       ; 00:11:36
   1:39'03"90 ; DC    ;  67,240 ;     mV ;       ; 00:11:36
   1:39'04"27 ; DC    ;  67,210 ;     mV ;       ; 00:11:36
   1:39'04"60 ; DC    ;  67,240 ;     mV ;       ; 00:11:37
   1:39'05"02 ; DC    ;  67,230 ;     mV ;       ; 00:11:37
   1:39'05"42 ; DC    ;  67,250 ;     mV ;       ; 00:11:38
   1:39'05"79 ; DC    ;  67,230 ;     mV ;       ; 00:11:38
   1:39'06"20 ; DC    ;  67,250 ;     mV ;       ; 00:11:38
   1:39'06"55 ; DC    ;  67,260 ;     mV ;       ; 00:11:39
   1:39'06"88 ; DC    ;  67,260 ;     mV ;       ; 00:11:39
   1:39'07"21 ; DC    ;  67,240 ;     mV ;       ; 00:11:39
   1:39'07"58 ; DC    ;  67,240 ;     mV ;       ; 00:11:40
   1:39'07"92 ; DC    ;  67,260 ;     mV ;       ; 00:11:40
   1:39'08"27 ; DC    ;  67,210 ;     mV ;       ; 00:11:40
   1:39'08"62 ; DC    ;  67,260 ;     mV ;       ; 00:11:41
   1:39'08"96 ; DC    ;  67,230 ;     mV ;       ; 00:11:41
   1:39'09"34 ; DC    ;  67,260 ;     mV ;       ; 00:11:42
   1:39'09"76 ; DC    ;  67,240 ;     mV ;       ; 00:11:42
   1:39'10"17 ; DC    ;  67,250 ;     mV ;       ; 00:11:42
   1:39'10"55 ; DC    ;  67,230 ;     mV ;       ; 00:11:43
   1:39'10"89 ; DC    ;  67,260 ;     mV ;       ; 00:11:43
   1:39'11"24 ; DC    ;  67,240 ;     mV ;       ; 00:11:43
   1:39'11"57 ; DC    ;  67,230 ;     mV ;       ; 00:11:44
   1:39'11"90 ; DC    ;  67,240 ;     mV ;       ; 00:11:44
   1:39'12"23 ; DC    ;  67,220 ;     mV ;       ; 00:11:44
   1:39'12"58 ; DC    ;  67,230 ;     mV ;       ; 00:11:45
   1:39'12"96 ; DC    ;  67,230 ;     mV ;       ; 00:11:45
   1:39'13"31 ; DC    ;  67,250 ;     mV ;       ; 00:11:45
   1:39'13"65 ; DC    ;  67,250 ;     mV ;       ; 00:11:46
   1:39'14"04 ; DC    ;  67,260 ;     mV ;       ; 00:11:46
   1:39'14"39 ; DC    ;  67,240 ;     mV ;       ; 00:11:47
   1:39'14"76 ; DC    ;  67,240 ;     mV ;       ; 00:11:47
   1:39'15"15 ; DC    ;  67,210 ;     mV ;       ; 00:11:47
   1:39'15"52 ; DC    ;  67,220 ;     mV ;       ; 00:11:48
   1:39'15"87 ; DC    ;  67,240 ;     mV ;       ; 00:11:48
   1:39'16"20 ; DC    ;  67,250 ;     mV ;       ; 00:11:48
   1:39'16"52 ; DC    ;  67,230 ;     mV ;       ; 00:11:49
   1:39'16"86 ; DC    ;  67,240 ;     mV ;       ; 00:11:49
   1:39'17"20 ; DC    ;  67,230 ;     mV ;       ; 00:11:49
   1:39'17"53 ; DC    ;  67,210 ;     mV ;       ; 00:11:50
   1:39'17"93 ; DC    ;  67,210 ;     mV ;       ; 00:11:50
   1:39'18"31 ; DC    ;  67,220 ;     mV ;       ; 00:11:50
   1:39'18"66 ; DC    ;  67,210 ;     mV ;       ; 00:11:51
   1:39'19"02 ; DC    ;  67,200 ;     mV ;       ; 00:11:51
   1:39'19"41 ; DC    ;  67,190 ;     mV ;       ; 00:11:52
   1:39'19"72 ; DC    ;  67,240 ;     mV ;       ; 00:11:52
   1:39'20"05 ; DC    ;  67,220 ;     mV ;       ; 00:11:52
   1:39'20"38 ; DC    ;  67,250 ;     mV ;       ; 00:11:53
   1:39'20"72 ; DC    ;  67,230 ;     mV ;       ; 00:11:53
   1:39'21"11 ; DC    ;  67,230 ;     mV ;       ; 00:11:53
   1:39'21"44 ; DC    ;  67,250 ;     mV ;       ; 00:11:54
   1:39'21"75 ; DC    ;  67,250 ;     mV ;       ; 00:11:54
   1:39'22"13 ; DC    ;  67,240 ;     mV ;       ; 00:11:54
   1:39'22"50 ; DC    ;  67,230 ;     mV ;       ; 00:11:55
   1:39'22"85 ; DC    ;  67,250 ;     mV ;       ; 00:11:55
   1:39'23"20 ; DC    ;  67,260 ;     mV ;       ; 00:11:55
   1:39'23"55 ; DC    ;  67,230 ;     mV ;       ; 00:11:56
   1:39'23"88 ; DC    ;  67,240 ;     mV ;       ; 00:11:56
   1:39'24"23 ; DC    ;  67,260 ;     mV ;       ; 00:11:56
   1:39'24"56 ; DC    ;  67,200 ;     mV ;       ; 00:11:57
   1:39'24"88 ; DC    ;  67,220 ;     mV ;       ; 00:11:57
   1:39'25"21 ; DC    ;  67,170 ;     mV ;       ; 00:11:57
   1:39'25"54 ; DC    ;  67,200 ;     mV ;       ; 00:11:58
   1:39'25"87 ; DC    ;  67,200 ;     mV ;       ; 00:11:58
   1:39'26"27 ; DC    ;  67,170 ;     mV ;       ; 00:11:58
   1:39'26"63 ; DC    ;  67,190 ;     mV ;       ; 00:11:59
   1:39'26"98 ; DC    ;  67,180 ;     mV ;       ; 00:11:59
   1:39'27"32 ; DC    ;  67,190 ;     mV ;       ; 00:11:59
   1:39'27"68 ; DC    ;  67,160 ;     mV ;       ; 00:12:00
   1:39'28"01 ; DC    ;  67,190 ;     mV ;       ; 00:12:00
   1:39'28"34 ; DC    ;  67,190 ;     mV ;       ; 00:12:01
   1:39'28"67 ; DC    ;  67,170 ;     mV ;       ; 00:12:01
   1:39'28"99 ; DC    ;  67,180 ;     mV ;       ; 00:12:01
   1:39'29"32 ; DC    ;  67,180 ;     mV ;       ; 00:12:01
   1:39'29"65 ; DC    ;  67,160 ;     mV ;       ; 00:12:02
   1:39'29"98 ; DC    ;  67,210 ;     mV ;       ; 00:12:02
   1:39'30"37 ; DC    ;  67,160 ;     mV ;       ; 00:12:03
   1:39'30"72 ; DC    ;  67,210 ;     mV ;       ; 00:12:03
   1:39'31"15 ; DC    ;  67,190 ;     mV ;       ; 00:12:03
   1:39'31"51 ; DC    ;  67,200 ;     mV ;       ; 00:12:04
   1:39'31"84 ; DC    ;  67,200 ;     mV ;       ; 00:12:04
   1:39'32"16 ; DC    ;  67,220 ;     mV ;       ; 00:12:04
   1:39'32"50 ; DC    ;  67,200 ;     mV ;       ; 00:12:05
   1:39'32"82 ; DC    ;  67,200 ;     mV ;       ; 00:12:05
   1:39'33"15 ; DC    ;  67,210 ;     mV ;       ; 00:12:05
   1:39'33"48 ; DC    ;  67,200 ;     mV ;       ; 00:12:06
   1:39'33"80 ; DC    ;  67,180 ;     mV ;       ; 00:12:06
   1:39'34"14 ; DC    ;  67,180 ;     mV ;       ; 00:12:06
   1:39'34"54 ; DC    ;  67,170 ;     mV ;       ; 00:12:07
   1:39'34"88 ; DC    ;  67,200 ;     mV ;       ; 00:12:07
   1:39'35"22 ; DC    ;  67,200 ;     mV ;       ; 00:12:07
   1:39'35"58 ; DC    ;  67,190 ;     mV ;       ; 00:12:08
   1:39'35"90 ; DC    ;  67,180 ;     mV ;       ; 00:12:08
   1:39'36"23 ; DC    ;  67,200 ;     mV ;       ; 00:12:08
   1:39'36"55 ; DC    ;  67,190 ;     mV ;       ; 00:12:09
   1:39'36"88 ; DC    ;  67,210 ;     mV ;       ; 00:12:09
   1:39'37"21 ; DC    ;  67,180 ;     mV ;       ; 00:12:09
   1:39'37"54 ; DC    ;  67,200 ;     mV ;       ; 00:12:10
   1:39'37"86 ; DC    ;  67,190 ;     mV ;       ; 00:12:10
   1:39'38"19 ; DC    ;  67,180 ;     mV ;       ; 00:12:10
   1:39'38"61 ; DC    ;  67,210 ;     mV ;       ; 00:12:11
   1:39'38"97 ; DC    ;  67,190 ;     mV ;       ; 00:12:11
   1:39'39"32 ; DC    ;  67,180 ;     mV ;       ; 00:12:11
   1:39'39"66 ; DC    ;  67,200 ;     mV ;       ; 00:12:12
   1:39'39"99 ; DC    ;  67,170 ;     mV ;       ; 00:12:12
   1:39'40"32 ; DC    ;  67,160 ;     mV ;       ; 00:12:12
   1:39'40"65 ; DC    ;  67,170 ;     mV ;       ; 00:12:13
   1:39'40"98 ; DC    ;  67,130 ;     mV ;       ; 00:12:13
   1:39'41"30 ; DC    ;  67,170 ;     mV ;       ; 00:12:13
   1:39'41"63 ; DC    ;  67,170 ;     mV ;       ; 00:12:14
   1:39'41"99 ; DC    ;  67,180 ;     mV ;       ; 00:12:14
   1:39'42"33 ; DC    ;  67,140 ;     mV ;       ; 00:12:14
   1:39'42"71 ; DC    ;  67,160 ;     mV ;       ; 00:12:15
   1:39'43"09 ; DC    ;  67,150 ;     mV ;       ; 00:12:15
   1:39'43"44 ; DC    ;  67,150 ;     mV ;       ; 00:12:16
   1:39'43"80 ; DC    ;  67,130 ;     mV ;       ; 00:12:16
   1:39'44"17 ; DC    ;  67,170 ;     mV ;       ; 00:12:16
   1:39'44"52 ; DC    ;  67,130 ;     mV ;       ; 00:12:17
   1:39'44"85 ; DC    ;  67,120 ;     mV ;       ; 00:12:17
   1:39'45"18 ; DC    ;  67,130 ;     mV ;       ; 00:12:17
   1:39'45"53 ; DC    ;  67,140 ;     mV ;       ; 00:12:18
   1:39'45"88 ; DC    ;  67,140 ;     mV ;       ; 00:12:18
   1:39'46"21 ; DC    ;  67,160 ;     mV ;       ; 00:12:18
   1:39'46"55 ; DC    ;  67,170 ;     mV ;       ; 00:12:19
   1:39'46"97 ; DC    ;  67,170 ;     mV ;       ; 00:12:19
   1:39'47"36 ; DC    ;  67,170 ;     mV ;       ; 00:12:20
   1:39'47"72 ; DC    ;  67,150 ;     mV ;       ; 00:12:20
   1:39'48"20 ; DC    ;  67,190 ;     mV ;       ; 00:12:20
   1:39'48"57 ; DC    ;  67,170 ;     mV ;       ; 00:12:21
   1:39'48"90 ; DC    ;  67,140 ;     mV ;       ; 00:12:21
   1:39'49"24 ; DC    ;  67,160 ;     mV ;       ; 00:12:21
   1:39'49"57 ; DC    ;  67,150 ;     mV ;       ; 00:12:22
   1:39'49"90 ; DC    ;  67,160 ;     mV ;       ; 00:12:22
   1:39'50"25 ; DC    ;  67,190 ;     mV ;       ; 00:12:22
   1:39'50"60 ; DC    ;  67,180 ;     mV ;       ; 00:12:23
   1:39'50"95 ; DC    ;  67,180 ;     mV ;       ; 00:12:23
   1:39'51"35 ; DC    ;  67,200 ;     mV ;       ; 00:12:24
   1:39'51"70 ; DC    ;  67,170 ;     mV ;       ; 00:12:24
   1:39'52"14 ; DC    ;  67,170 ;     mV ;       ; 00:12:24
   1:39'52"54 ; DC    ;  67,180 ;     mV ;       ; 00:12:25
   1:39'52"91 ; DC    ;  67,170 ;     mV ;       ; 00:12:25
   1:39'53"26 ; DC    ;  67,150 ;     mV ;       ; 00:12:25
   1:39'53"60 ; DC    ;  67,160 ;     mV ;       ; 00:12:26
   1:39'53"93 ; DC    ;  67,130 ;     mV ;       ; 00:12:26
   1:39'54"27 ; DC    ;  67,170 ;     mV ;       ; 00:12:26
   1:39'54"59 ; DC    ;  67,160 ;     mV ;       ; 00:12:27
   1:39'54"94 ; DC    ;  67,190 ;     mV ;       ; 00:12:27
   1:39'55"26 ; DC    ;  67,150 ;     mV ;       ; 00:12:27
   1:39'55"65 ; DC    ;  67,150 ;     mV ;       ; 00:12:28
   1:39'56"04 ; DC    ;  67,140 ;     mV ;       ; 00:12:28
   1:39'56"39 ; DC    ;  67,140 ;     mV ;       ; 00:12:29
   1:39'56"78 ; DC    ;  67,140 ;     mV ;       ; 00:12:29
   1:39'57"16 ; DC    ;  67,130 ;     mV ;       ; 00:12:29
   1:39'57"52 ; DC    ;  67,140 ;     mV ;       ; 00:12:30
   1:39'57"98 ; DC    ;  67,140 ;     mV ;       ; 00:12:30
   1:39'58"35 ; DC    ;  67,150 ;     mV ;       ; 00:12:31
   1:39'58"71 ; DC    ;  67,140 ;     mV ;       ; 00:12:31
   1:39'59"09 ; DC    ;  67,120 ;     mV ;       ; 00:12:31
   1:39'59"56 ; DC    ;  67,150 ;     mV ;       ; 00:12:32
   1:39'59"98 ; DC    ;  67,130 ;     mV ;       ; 00:12:32
   1:40'00"39 ; DC    ;  67,150 ;     mV ;       ; 00:12:33
   1:40'00"79 ; DC    ;  67,160 ;     mV ;       ; 00:12:33
   1:40'01"22 ; DC    ;  67,100 ;     mV ;       ; 00:12:33
   1:40'01"62 ; DC    ;  67,150 ;     mV ;       ; 00:12:34
   1:40'02"07 ; DC    ;  67,140 ;     mV ;       ; 00:12:34
   1:40'02"42 ; DC    ;  67,130 ;     mV ;       ; 00:12:35
   1:40'02"80 ; DC    ;  67,150 ;     mV ;       ; 00:12:35
   1:40'03"15 ; DC    ;  67,130 ;     mV ;       ; 00:12:35
   1:40'03"50 ; DC    ;  67,170 ;     mV ;       ; 00:12:36
   1:40'03"84 ; DC    ;  67,150 ;     mV ;       ; 00:12:36
   1:40'04"22 ; DC    ;  67,160 ;     mV ;       ; 00:12:36
   1:40'04"66 ; DC    ;  67,150 ;     mV ;       ; 00:12:37
   1:40'05"03 ; DC    ;  67,180 ;     mV ;       ; 00:12:37
   1:40'05"43 ; DC    ;  67,160 ;     mV ;       ; 00:12:38
   1:40'05"82 ; DC    ;  67,180 ;     mV ;       ; 00:12:38
   1:40'06"18 ; DC    ;  67,180 ;     mV ;       ; 00:12:38
   1:40'06"51 ; DC    ;  67,150 ;     mV ;       ; 00:12:39
   1:40'06"83 ; DC    ;  67,150 ;     mV ;       ; 00:12:39
   1:40'07"16 ; DC    ;  67,140 ;     mV ;       ; 00:12:39
   1:40'07"50 ; DC    ;  67,130 ;     mV ;       ; 00:12:40
   1:40'07"85 ; DC    ;  67,140 ;     mV ;       ; 00:12:40
   1:40'08"18 ; DC    ;  67,120 ;     mV ;       ; 00:12:40
   1:40'08"52 ; DC    ;  67,120 ;     mV ;       ; 00:12:41
   1:40'08"88 ; DC    ;  67,140 ;     mV ;       ; 00:12:41
   1:40'09"38 ; DC    ;  67,120 ;     mV ;       ; 00:12:42
   1:40'09"72 ; DC    ;  67,110 ;     mV ;       ; 00:12:42
   1:40'10"05 ; DC    ;  67,130 ;     mV ;       ; 00:12:42
   1:40'10"39 ; DC    ;  67,140 ;     mV ;       ; 00:12:43
   1:40'10"73 ; DC    ;  67,150 ;     mV ;       ; 00:12:43
   1:40'11"06 ; DC    ;  67,150 ;     mV ;       ; 00:12:43
   1:40'11"38 ; DC    ;  67,140 ;     mV ;       ; 00:12:44
   1:40'11"73 ; DC    ;  67,170 ;     mV ;       ; 00:12:44
   1:40'12"11 ; DC    ;  67,150 ;     mV ;       ; 00:12:44
   1:40'12"44 ; DC    ;  67,140 ;     mV ;       ; 00:12:45
   1:40'12"76 ; DC    ;  67,170 ;     mV ;       ; 00:12:45
   1:40'13"14 ; DC    ;  67,130 ;     mV ;       ; 00:12:45
   1:40'13"57 ; DC    ;  67,160 ;     mV ;       ; 00:12:46
   1:40'13"95 ; DC    ;  67,180 ;     mV ;       ; 00:12:46
   1:40'14"34 ; DC    ;  67,180 ;     mV ;       ; 00:12:47
   1:40'14"76 ; DC    ;  67,160 ;     mV ;       ; 00:12:47
   1:40'15"16 ; DC    ;  67,140 ;     mV ;       ; 00:12:47
   1:40'15"50 ; DC    ;  67,170 ;     mV ;       ; 00:12:48
   1:40'15"83 ; DC    ;  67,140 ;     mV ;       ; 00:12:48
   1:40'16"16 ; DC    ;  67,160 ;     mV ;       ; 00:12:48
   1:40'16"50 ; DC    ;  67,140 ;     mV ;       ; 00:12:49
   1:40'16"84 ; DC    ;  67,150 ;     mV ;       ; 00:12:49
   1:40'17"17 ; DC    ;  67,150 ;     mV ;       ; 00:12:49
   1:40'17"49 ; DC    ;  67,140 ;     mV ;       ; 00:12:50
   1:40'17"90 ; DC    ;  67,140 ;     mV ;       ; 00:12:50
   1:40'18"25 ; DC    ;  67,160 ;     mV ;       ; 00:12:50
   1:40'18"61 ; DC    ;  67,160 ;     mV ;       ; 00:12:51
   1:40'18"97 ; DC    ;  67,150 ;     mV ;       ; 00:12:51
   1:40'19"31 ; DC    ;  67,160 ;     mV ;       ; 00:12:51
   1:40'19"64 ; DC    ;  67,110 ;     mV ;       ; 00:12:52
   1:40'19"96 ; DC    ;  67,140 ;     mV ;       ; 00:12:52
   1:40'20"29 ; DC    ;  67,130 ;     mV ;       ; 00:12:52
   1:40'20"63 ; DC    ;  67,150 ;     mV ;       ; 00:12:53
   1:40'20"96 ; DC    ;  67,100 ;     mV ;       ; 00:12:53
   1:40'21"29 ; DC    ;  67,130 ;     mV ;       ; 00:12:53
   1:40'21"62 ; DC    ;  67,110 ;     mV ;       ; 00:12:54
   1:40'22"03 ; DC    ;  67,150 ;     mV ;       ; 00:12:54
   1:40'22"40 ; DC    ;  67,140 ;     mV ;       ; 00:12:55
   1:40'22"76 ; DC    ;  67,120 ;     mV ;       ; 00:12:55
   1:40'23"13 ; DC    ;  67,130 ;     mV ;       ; 00:12:55
   1:40'23"46 ; DC    ;  67,110 ;     mV ;       ; 00:12:56
   1:40'23"79 ; DC    ;  67,110 ;     mV ;       ; 00:12:56
   1:40'24"12 ; DC    ;  67,130 ;     mV ;       ; 00:12:56
   1:40'24"46 ; DC    ;  67,120 ;     mV ;       ; 00:12:57
   1:40'24"78 ; DC    ;  67,090 ;     mV ;       ; 00:12:57
   1:40'25"14 ; DC    ;  67,110 ;     mV ;       ; 00:12:57
   1:40'25"46 ; DC    ;  67,100 ;     mV ;       ; 00:12:58
   1:40'25"80 ; DC    ;  67,130 ;     mV ;       ; 00:12:58
   1:40'26"16 ; DC    ;  67,130 ;     mV ;       ; 00:12:58
   1:40'26"51 ; DC    ;  67,130 ;     mV ;       ; 00:12:59
   1:40'26"87 ; DC    ;  67,140 ;     mV ;       ; 00:12:59
   1:40'27"24 ; DC    ;  67,140 ;     mV ;       ; 00:12:59
   1:40'27"57 ; DC    ;  67,130 ;     mV ;       ; 00:13:00
   1:40'27"89 ; DC    ;  67,120 ;     mV ;       ; 00:13:00
   1:40'28"22 ; DC    ;  67,140 ;     mV ;       ; 00:13:00
   1:40'28"56 ; DC    ;  67,120 ;     mV ;       ; 00:13:01
   1:40'28"88 ; DC    ;  67,150 ;     mV ;       ; 00:13:01
   1:40'29"21 ; DC    ;  67,130 ;     mV ;       ; 00:13:01
   1:40'29"52 ; DC    ;  67,150 ;     mV ;       ; 00:13:02
   1:40'29"86 ; DC    ;  67,140 ;     mV ;       ; 00:13:02
   1:40'30"22 ; DC    ;  67,160 ;     mV ;       ; 00:13:02
   1:40'30"60 ; DC    ;  67,140 ;     mV ;       ; 00:13:03
   1:40'30"94 ; DC    ;  67,170 ;     mV ;       ; 00:13:03
   1:40'31"32 ; DC    ;  67,130 ;     mV ;       ; 00:13:03
   1:40'31"69 ; DC    ;  67,170 ;     mV ;       ; 00:13:04
   1:40'32"03 ; DC    ;  67,150 ;     mV ;       ; 00:13:04
   1:40'32"36 ; DC    ;  67,180 ;     mV ;       ; 00:13:05
   1:40'32"68 ; DC    ;  67,150 ;     mV ;       ; 00:13:05
   1:40'33"03 ; DC    ;  67,160 ;     mV ;       ; 00:13:05
   1:40'33"36 ; DC    ;  67,140 ;     mV ;       ; 00:13:06
   1:40'33"69 ; DC    ;  67,140 ;     mV ;       ; 00:13:06
   1:40'34"03 ; DC    ;  67,150 ;     mV ;       ; 00:13:06
   1:40'34"39 ; DC    ;  67,160 ;     mV ;       ; 00:13:07
   1:40'34"78 ; DC    ;  67,130 ;     mV ;       ; 00:13:07
   1:40'35"14 ; DC    ;  67,160 ;     mV ;       ; 00:13:07
   1:40'35"52 ; DC    ;  67,160 ;     mV ;       ; 00:13:08
   1:40'35"90 ; DC    ;  67,150 ;     mV ;       ; 00:13:08
   1:40'36"22 ; DC    ;  67,140 ;     mV ;       ; 00:13:08
   1:40'36"58 ; DC    ;  67,120 ;     mV ;       ; 00:13:09
   1:40'36"91 ; DC    ;  67,110 ;     mV ;       ; 00:13:09
   1:40'37"24 ; DC    ;  67,140 ;     mV ;       ; 00:13:09
   1:40'37"56 ; DC    ;  67,120 ;     mV ;       ; 00:13:10
   1:40'37"89 ; DC    ;  67,120 ;     mV ;       ; 00:13:10
   1:40'38"21 ; DC    ;  67,150 ;     mV ;       ; 00:13:10
   1:40'38"54 ; DC    ;  67,110 ;     mV ;       ; 00:13:11
   1:40'38"92 ; DC    ;  67,150 ;     mV ;       ; 00:13:11
   1:40'39"30 ; DC    ;  67,120 ;     mV ;       ; 00:13:11
   1:40'39"64 ; DC    ;  67,140 ;     mV ;       ; 00:13:12
   1:40'40"03 ; DC    ;  67,140 ;     mV ;       ; 00:13:12
   1:40'40"35 ; DC    ;  67,170 ;     mV ;       ; 00:13:13
   1:40'40"70 ; DC    ;  67,130 ;     mV ;       ; 00:13:13
   1:40'41"08 ; DC    ;  67,150 ;     mV ;       ; 00:13:13
   1:40'41"41 ; DC    ;  67,130 ;     mV ;       ; 00:13:14
   1:40'41"79 ; DC    ;  67,160 ;     mV ;       ; 00:13:14
   1:40'42"23 ; DC    ;  67,180 ;     mV ;       ; 00:13:14
   1:40'42"61 ; DC    ;  67,160 ;     mV ;       ; 00:13:15
   1:40'43"01 ; DC    ;  67,150 ;     mV ;       ; 00:13:15
   1:40'43"38 ; DC    ;  67,140 ;     mV ;       ; 00:13:16
   1:40'43"78 ; DC    ;  67,140 ;     mV ;       ; 00:13:16
   1:40'44"15 ; DC    ;  67,110 ;     mV ;       ; 00:13:16
   1:40'44"49 ; DC    ;  67,110 ;     mV ;       ; 00:13:17
   1:40'44"82 ; DC    ;  67,130 ;     mV ;       ; 00:13:17
   1:40'45"14 ; DC    ;  67,120 ;     mV ;       ; 00:13:17
   1:40'45"57 ; DC    ;  67,140 ;     mV ;       ; 00:13:18
   1:40'45"97 ; DC    ;  67,130 ;     mV ;       ; 00:13:18
   1:40'46"40 ; DC    ;  67,130 ;     mV ;       ; 00:13:19
   1:40'46"78 ; DC    ;  67,120 ;     mV ;       ; 00:13:19
   1:40'47"11 ; DC    ;  67,130 ;     mV ;       ; 00:13:19
   1:40'47"47 ; DC    ;  67,100 ;     mV ;       ; 00:13:20
   1:40'47"82 ; DC    ;  67,060 ;     mV ;       ; 00:13:20
   1:40'48"19 ; DC    ;  67,070 ;     mV ;       ; 00:13:20
   1:40'48"53 ; DC    ;  67,050 ;     mV ;       ; 00:13:21
   1:40'48"85 ; DC    ;  67,050 ;     mV ;       ; 00:13:21
   1:40'49"19 ; DC    ;  67,050 ;     mV ;       ; 00:13:21
   1:40'49"51 ; DC    ;  67,080 ;     mV ;       ; 00:13:22
   1:40'49"84 ; DC    ;  67,070 ;     mV ;       ; 00:13:22
   1:40'50"16 ; DC    ;  67,090 ;     mV ;       ; 00:13:22
   1:40'50"49 ; DC    ;  67,060 ;     mV ;       ; 00:13:23
   1:40'50"81 ; DC    ;  67,080 ;     mV ;       ; 00:13:23
   1:40'51"14 ; DC    ;  67,090 ;     mV ;       ; 00:13:23
   1:40'51"46 ; DC    ;  67,090 ;     mV ;       ; 00:13:24
   1:40'51"84 ; DC    ;  67,060 ;     mV ;       ; 00:13:24
   1:40'52"21 ; DC    ;  67,110 ;     mV ;       ; 00:13:24
   1:40'52"59 ; DC    ;  67,070 ;     mV ;       ; 00:13:25
   1:40'52"99 ; DC    ;  67,050 ;     mV ;       ; 00:13:25
   1:40'53"33 ; DC    ;  67,080 ;     mV ;       ; 00:13:25
   1:40'53"65 ; DC    ;  67,050 ;     mV ;       ; 00:13:26
   1:40'53"98 ; DC    ;  67,100 ;     mV ;       ; 00:13:26
   1:40'54"30 ; DC    ;  67,080 ;     mV ;       ; 00:13:26
   1:40'54"62 ; DC    ;  67,090 ;     mV ;       ; 00:13:27
   1:40'54"95 ; DC    ;  67,060 ;     mV ;       ; 00:13:27
   1:40'55"27 ; DC    ;  67,080 ;     mV ;       ; 00:13:27
   1:40'55"61 ; DC    ;  67,060 ;     mV ;       ; 00:13:28
   1:40'55"95 ; DC    ;  67,050 ;     mV ;       ; 00:13:28
   1:40'56"33 ; DC    ;  67,080 ;     mV ;       ; 00:13:29
   1:40'56"72 ; DC    ;  67,060 ;     mV ;       ; 00:13:29
   1:40'57"11 ; DC    ;  67,070 ;     mV ;       ; 00:13:29
   1:40'57"45 ; DC    ;  67,090 ;     mV ;       ; 00:13:30
   1:40'57"78 ; DC    ;  67,060 ;     mV ;       ; 00:13:30
   1:40'58"10 ; DC    ;  67,060 ;     mV ;       ; 00:13:30
   1:40'58"44 ; DC    ;  67,080 ;     mV ;       ; 00:13:31
   1:40'58"76 ; DC    ;  67,070 ;     mV ;       ; 00:13:31
   1:40'59"09 ; DC    ;  67,090 ;     mV ;       ; 00:13:31
   1:40'59"43 ; DC    ;  67,080 ;     mV ;       ; 00:13:32
   1:40'59"75 ; DC    ;  67,080 ;     mV ;       ; 00:13:32
   1:41'00"07 ; DC    ;  67,060 ;     mV ;       ; 00:13:32
   1:41'00"47 ; DC    ;  67,080 ;     mV ;       ; 00:13:33
   1:41'00"90 ; DC    ;  67,070 ;     mV ;       ; 00:13:33
   1:41'01"30 ; DC    ;  67,090 ;     mV ;       ; 00:13:33
   1:41'01"64 ; DC    ;  67,080 ;     mV ;       ; 00:13:34
   1:41'01"98 ; DC    ;  67,060 ;     mV ;       ; 00:13:34
   1:41'02"31 ; DC    ;  67,070 ;     mV ;       ; 00:13:34
   1:41'02"66 ; DC    ;  67,070 ;     mV ;       ; 00:13:35
   1:41'02"98 ; DC    ;  67,050 ;     mV ;       ; 00:13:35
   1:41'03"31 ; DC    ;  67,050 ;     mV ;       ; 00:13:35
   1:41'03"63 ; DC    ;  67,040 ;     mV ;       ; 00:13:36
   1:41'03"97 ; DC    ;  67,060 ;     mV ;       ; 00:13:36
   1:41'04"35 ; DC    ;  67,050 ;     mV ;       ; 00:13:37
   1:41'04"68 ; DC    ;  67,060 ;     mV ;       ; 00:13:37
   1:41'05"07 ; DC    ;  67,050 ;     mV ;       ; 00:13:37
   1:41'05"45 ; DC    ;  67,070 ;     mV ;       ; 00:13:38
   1:41'05"81 ; DC    ;  67,040 ;     mV ;       ; 00:13:38
   1:41'06"18 ; DC    ;  67,060 ;     mV ;       ; 00:13:38
   1:41'06"54 ; DC    ;  67,040 ;     mV ;       ; 00:13:39
   1:41'06"87 ; DC    ;  67,060 ;     mV ;       ; 00:13:39
   1:41'07"19 ; DC    ;  67,040 ;     mV ;       ; 00:13:39
   1:41'07"53 ; DC    ;  67,060 ;     mV ;       ; 00:13:40
   1:41'07"87 ; DC    ;  67,020 ;     mV ;       ; 00:13:40
   1:41'08"24 ; DC    ;  67,070 ;     mV ;       ; 00:13:40
   1:41'08"57 ; DC    ;  67,070 ;     mV ;       ; 00:13:41
   1:41'08"91 ; DC    ;  67,030 ;     mV ;       ; 00:13:41
   1:41'09"29 ; DC    ;  67,050 ;     mV ;       ; 00:13:41
   1:41'09"61 ; DC    ;  67,050 ;     mV ;       ; 00:13:42
   1:41'09"95 ; DC    ;  67,050 ;     mV ;       ; 00:13:42
   1:41'10"29 ; DC    ;  67,050 ;     mV ;       ; 00:13:42
   1:41'10"63 ; DC    ;  67,070 ;     mV ;       ; 00:13:43
   1:41'10"96 ; DC    ;  67,060 ;     mV ;       ; 00:13:43
   1:41'11"29 ; DC    ;  67,080 ;     mV ;       ; 00:13:43
   1:41'11"63 ; DC    ;  67,050 ;     mV ;       ; 00:13:44
   1:41'11"95 ; DC    ;  67,090 ;     mV ;       ; 00:13:44
   1:41'12"28 ; DC    ;  67,050 ;     mV ;       ; 00:13:44
   1:41'12"61 ; DC    ;  67,080 ;     mV ;       ; 00:13:45
   1:41'12"94 ; DC    ;  67,060 ;     mV ;       ; 00:13:45
   1:41'13"29 ; DC    ;  67,070 ;     mV ;       ; 00:13:45
   1:41'13"66 ; DC    ;  67,060 ;     mV ;       ; 00:13:46
   1:41'14"05 ; DC    ;  67,090 ;     mV ;       ; 00:13:46
   1:41'14"42 ; DC    ;  67,080 ;     mV ;       ; 00:13:47
   1:41'14"77 ; DC    ;  67,090 ;     mV ;       ; 00:13:47
   1:41'15"10 ; DC    ;  67,090 ;     mV ;       ; 00:13:47
   1:41'15"49 ; DC    ;  67,060 ;     mV ;       ; 00:13:48
   1:41'15"82 ; DC    ;  67,090 ;     mV ;       ; 00:13:48
   1:41'16"15 ; DC    ;  67,060 ;     mV ;       ; 00:13:48
   1:41'16"48 ; DC    ;  67,090 ;     mV ;       ; 00:13:49
   1:41'16"81 ; DC    ;  67,070 ;     mV ;       ; 00:13:49
   1:41'17"13 ; DC    ;  67,090 ;     mV ;       ; 00:13:49
   1:41'17"48 ; DC    ;  67,080 ;     mV ;       ; 00:13:50
   1:41'17"88 ; DC    ;  67,090 ;     mV ;       ; 00:13:50
   1:41'18"24 ; DC    ;  67,080 ;     mV ;       ; 00:13:50
   1:41'18"59 ; DC    ;  67,080 ;     mV ;       ; 00:13:51
   1:41'18"94 ; DC    ;  67,060 ;     mV ;       ; 00:13:51
   1:41'19"28 ; DC    ;  67,080 ;     mV ;       ; 00:13:51
   1:41'19"63 ; DC    ;  67,060 ;     mV ;       ; 00:13:52
   1:41'19"98 ; DC    ;  67,030 ;     mV ;       ; 00:13:52
   1:41'20"32 ; DC    ;  67,080 ;     mV ;       ; 00:13:52
   1:41'20"65 ; DC    ;  67,040 ;     mV ;       ; 00:13:53
   1:41'20"96 ; DC    ;  67,050 ;     mV ;       ; 00:13:53
   1:41'21"29 ; DC    ;  67,030 ;     mV ;       ; 00:13:53
   1:41'21"63 ; DC    ;  67,040 ;     mV ;       ; 00:13:54
   1:41'22"01 ; DC    ;  67,040 ;     mV ;       ; 00:13:54
   1:41'22"35 ; DC    ;  67,050 ;     mV ;       ; 00:13:55
   1:41'22"71 ; DC    ;  67,040 ;     mV ;       ; 00:13:55
   1:41'23"10 ; DC    ;  67,050 ;     mV ;       ; 00:13:55
   1:41'23"46 ; DC    ;  67,050 ;     mV ;       ; 00:13:56
   1:41'23"79 ; DC    ;  67,060 ;     mV ;       ; 00:13:56
   1:41'24"11 ; DC    ;  67,060 ;     mV ;       ; 00:13:56
   1:41'24"44 ; DC    ;  67,040 ;     mV ;       ; 00:13:57
   1:41'24"76 ; DC    ;  67,040 ;     mV ;       ; 00:13:57
   1:41'25"11 ; DC    ;  67,020 ;     mV ;       ; 00:13:57
   1:41'25"48 ; DC    ;  67,030 ;     mV ;       ; 00:13:58
   1:41'25"80 ; DC    ;  67,020 ;     mV ;       ; 00:13:58
   1:41'26"21 ; DC    ;  67,050 ;     mV ;       ; 00:13:58
   1:41'26"60 ; DC    ;  67,030 ;     mV ;       ; 00:13:59
   1:41'26"94 ; DC    ;  67,020 ;     mV ;       ; 00:13:59
   1:41'27"27 ; DC    ;  67,060 ;     mV ;       ; 00:13:59
   1:41'27"62 ; DC    ;  67,020 ;     mV ;       ; 00:14:00
   1:41'27"96 ; DC    ;  67,050 ;     mV ;       ; 00:14:00
   1:41'28"29 ; DC    ;  67,030 ;     mV ;       ; 00:14:00
   1:41'28"63 ; DC    ;  67,020 ;     mV ;       ; 00:14:01
   1:41'28"99 ; DC    ;  67,000 ;     mV ;       ; 00:14:01
   1:41'29"33 ; DC    ;  67,040 ;     mV ;       ; 00:14:02
   1:41'29"65 ; DC    ;  67,020 ;     mV ;       ; 00:14:02
   1:41'29"98 ; DC    ;  67,040 ;     mV ;       ; 00:14:02
   1:41'30"32 ; DC    ;  67,020 ;     mV ;       ; 00:14:02
   1:41'30"71 ; DC    ;  67,050 ;     mV ;       ; 00:14:03
   1:41'31"05 ; DC    ;  67,000 ;     mV ;       ; 00:14:03
   1:41'31"39 ; DC    ;  67,030 ;     mV ;       ; 00:14:04
   1:41'31"74 ; DC    ;  67,000 ;     mV ;       ; 00:14:04
   1:41'32"08 ; DC    ;  67,050 ;     mV ;       ; 00:14:04
   1:41'32"40 ; DC    ;  67,020 ;     mV ;       ; 00:14:05
   1:41'32"72 ; DC    ;  67,040 ;     mV ;       ; 00:14:05
   1:41'33"06 ; DC    ;  67,030 ;     mV ;       ; 00:14:05
   1:41'33"39 ; DC    ;  67,050 ;     mV ;       ; 00:14:06
   1:41'33"71 ; DC    ;  67,040 ;     mV ;       ; 00:14:06
   1:41'34"03 ; DC    ;  67,050 ;     mV ;       ; 00:14:06
   1:41'34"37 ; DC    ;  67,010 ;     mV ;       ; 00:14:07
   1:41'34"77 ; DC    ;  67,040 ;     mV ;       ; 00:14:07
   1:41'35"16 ; DC    ;  67,040 ;     mV ;       ; 00:14:07
   1:41'35"57 ; DC    ;  67,030 ;     mV ;       ; 00:14:08
   1:41'35"95 ; DC    ;  67,050 ;     mV ;       ; 00:14:08
   1:41'36"33 ; DC    ;  67,070 ;     mV ;       ; 00:14:09
   1:41'36"67 ; DC    ;  67,060 ;     mV ;       ; 00:14:09
   1:41'36"99 ; DC    ;  67,030 ;     mV ;       ; 00:14:09
   1:41'37"32 ; DC    ;  67,060 ;     mV ;       ; 00:14:09
   1:41'37"65 ; DC    ;  67,030 ;     mV ;       ; 00:14:10
   1:41'37"99 ; DC    ;  67,040 ;     mV ;       ; 00:14:10
   1:41'38"33 ; DC    ;  67,050 ;     mV ;       ; 00:14:10
   1:41'38"65 ; DC    ;  67,030 ;     mV ;       ; 00:14:11
   1:41'38"97 ; DC    ;  67,050 ;     mV ;       ; 00:14:11
   1:41'39"38 ; DC    ;  67,020 ;     mV ;       ; 00:14:12
   1:41'39"76 ; DC    ;  67,020 ;     mV ;       ; 00:14:12
   1:41'40"12 ; DC    ;  67,060 ;     mV ;       ; 00:14:12
   1:41'40"51 ; DC    ;  67,030 ;     mV ;       ; 00:14:13
   1:41'40"87 ; DC    ;  67,050 ;     mV ;       ; 00:14:13
   1:41'41"19 ; DC    ;  67,060 ;     mV ;       ; 00:14:13
   1:41'41"53 ; DC    ;  67,040 ;     mV ;       ; 00:14:14
   1:41'41"87 ; DC    ;  67,050 ;     mV ;       ; 00:14:14
   1:41'42"20 ; DC    ;  67,070 ;     mV ;       ; 00:14:14
   1:41'42"52 ; DC    ;  67,050 ;     mV ;       ; 00:14:15
   1:41'42"85 ; DC    ;  67,070 ;     mV ;       ; 00:14:15
   1:41'43"19 ; DC    ;  67,040 ;     mV ;       ; 00:14:15
   1:41'43"58 ; DC    ;  67,070 ;     mV ;       ; 00:14:16
   1:41'43"91 ; DC    ;  67,070 ;     mV ;       ; 00:14:16
   1:41'44"27 ; DC    ;  67,070 ;     mV ;       ; 00:14:16
   1:41'44"67 ; DC    ;  67,090 ;     mV ;       ; 00:14:17
   1:41'44"99 ; DC    ;  67,050 ;     mV ;       ; 00:14:17
   1:41'45"32 ; DC    ;  67,070 ;     mV ;       ; 00:14:17
   1:41'45"65 ; DC    ;  67,060 ;     mV ;       ; 00:14:18
   1:41'45"99 ; DC    ;  67,070 ;     mV ;       ; 00:14:18
   1:41'46"33 ; DC    ;  67,040 ;     mV ;       ; 00:14:18
   1:41'46"65 ; DC    ;  67,030 ;     mV ;       ; 00:14:19
   1:41'46"98 ; DC    ;  67,030 ;     mV ;       ; 00:14:19
   1:41'47"30 ; DC    ;  67,050 ;     mV ;       ; 00:14:19
   1:41'47"64 ; DC    ;  67,020 ;     mV ;       ; 00:14:20
   1:41'48"02 ; DC    ;  67,060 ;     mV ;       ; 00:14:20
   1:41'48"37 ; DC    ;  67,040 ;     mV ;       ; 00:14:21
   1:41'48"74 ; DC    ;  67,080 ;     mV ;       ; 00:14:21
   1:41'49"12 ; DC    ;  67,070 ;     mV ;       ; 00:14:21
   1:41'49"44 ; DC    ;  67,050 ;     mV ;       ; 00:14:22
   1:41'49"77 ; DC    ;  67,070 ;     mV ;       ; 00:14:22
   1:41'50"13 ; DC    ;  67,060 ;     mV ;       ; 00:14:22
   1:41'50"47 ; DC    ;  67,050 ;     mV ;       ; 00:14:23
   1:41'50"85 ; DC    ;  67,050 ;     mV ;       ; 00:14:23
   1:41'51"19 ; DC    ;  67,030 ;     mV ;       ; 00:14:23
   1:41'51"53 ; DC    ;  67,010 ;     mV ;       ; 00:14:24
   1:41'51"87 ; DC    ;  67,020 ;     mV ;       ; 00:14:24
   1:41'52"27 ; DC    ;  67,000 ;     mV ;       ; 00:14:24
   1:41'52"66 ; DC    ;  66,980 ;     mV ;       ; 00:14:25
   1:41'53"13 ; DC    ;  67,010 ;     mV ;       ; 00:14:25
   1:41'53"53 ; DC    ;  67,020 ;     mV ;       ; 00:14:26
   1:41'53"87 ; DC    ;  66,990 ;     mV ;       ; 00:14:26
   1:41'54"26 ; DC    ;  67,000 ;     mV ;       ; 00:14:26
   1:41'54"65 ; DC    ;  66,990 ;     mV ;       ; 00:14:27
   1:41'55"00 ; DC    ;  67,030 ;     mV ;       ; 00:14:27
   1:41'55"44 ; DC    ;  67,000 ;     mV ;       ; 00:14:28
   1:41'55"99 ; DC    ;  66,990 ;     mV ;       ; 00:14:28
   1:41'56"33 ; DC    ;  66,990 ;     mV ;       ; 00:14:28
   1:41'56"70 ; DC    ;  67,010 ;     mV ;       ; 00:14:29
   1:41'57"07 ; DC    ;  67,010 ;     mV ;       ; 00:14:29
   1:41'57"47 ; DC    ;  67,020 ;     mV ;       ; 00:14:30
   1:41'57"79 ; DC    ;  67,050 ;     mV ;       ; 00:14:30
   1:41'58"13 ; DC    ;  67,040 ;     mV ;       ; 00:14:30
   1:41'58"50 ; DC    ;  67,000 ;     mV ;       ; 00:14:31
   1:41'58"82 ; DC    ;  67,030 ;     mV ;       ; 00:14:31
   1:41'59"21 ; DC    ;  67,010 ;     mV ;       ; 00:14:31
   1:41'59"54 ; DC    ;  67,040 ;     mV ;       ; 00:14:32
   1:41'59"89 ; DC    ;  67,020 ;     mV ;       ; 00:14:32
   1:42'00"23 ; DC    ;  67,050 ;     mV ;       ; 00:14:32
   1:42'00"65 ; DC    ;  67,010 ;     mV ;       ; 00:14:33
   1:42'01"02 ; DC    ;  67,030 ;     mV ;       ; 00:14:33
   1:42'01"45 ; DC    ;  67,060 ;     mV ;       ; 00:14:34
   1:42'01"91 ; DC    ;  66,980 ;     mV ;       ; 00:14:34
   1:42'02"30 ; DC    ;  67,010 ;     mV ;       ; 00:14:34
   1:42'02"69 ; DC    ;  66,990 ;     mV ;       ; 00:14:35
   1:42'03"08 ; DC    ;  67,010 ;     mV ;       ; 00:14:35
   1:42'03"46 ; DC    ;  67,030 ;     mV ;       ; 00:14:36
   1:42'03"80 ; DC    ;  67,030 ;     mV ;       ; 00:14:36
   1:42'04"14 ; DC    ;  67,030 ;     mV ;       ; 00:14:36
   1:42'04"50 ; DC    ;  67,020 ;     mV ;       ; 00:14:37
   1:42'04"89 ; DC    ;  67,020 ;     mV ;       ; 00:14:37
   1:42'05"24 ; DC    ;  67,000 ;     mV ;       ; 00:14:37
   1:42'05"60 ; DC    ;  67,010 ;     mV ;       ; 00:14:38
   1:42'05"99 ; DC    ;  66,980 ;     mV ;       ; 00:14:38
   1:42'06"41 ; DC    ;  67,000 ;     mV ;       ; 00:14:39
   1:42'06"84 ; DC    ;  66,970 ;     mV ;       ; 00:14:39
   1:42'07"22 ; DC    ;  67,000 ;     mV ;       ; 00:14:39
   1:42'07"57 ; DC    ;  66,980 ;     mV ;       ; 00:14:40
   1:42'07"91 ; DC    ;  66,970 ;     mV ;       ; 00:14:40
   1:42'08"24 ; DC    ;  67,010 ;     mV ;       ; 00:14:40
   1:42'08"57 ; DC    ;  66,970 ;     mV ;       ; 00:14:41
   1:42'08"91 ; DC    ;  66,990 ;     mV ;       ; 00:14:41
   1:42'09"25 ; DC    ;  66,940 ;     mV ;       ; 00:14:41
   1:42'09"57 ; DC    ;  66,980 ;     mV ;       ; 00:14:42
   1:42'09"91 ; DC    ;  66,970 ;     mV ;       ; 00:14:42
   1:42'10"23 ; DC    ;  66,970 ;     mV ;       ; 00:14:42
   1:42'10"57 ; DC    ;  66,980 ;     mV ;       ; 00:14:43
   1:42'10"99 ; DC    ;  67,000 ;     mV ;       ; 00:14:43
   1:42'11"44 ; DC    ;  66,960 ;     mV ;       ; 00:14:44
   1:42'11"82 ; DC    ;  67,020 ;     mV ;       ; 00:14:44
   1:42'12"23 ; DC    ;  67,030 ;     mV ;       ; 00:14:44
   1:42'12"64 ; DC    ;  67,000 ;     mV ;       ; 00:14:45
   1:42'13"02 ; DC    ;  67,030 ;     mV ;       ; 00:14:45
   1:42'13"38 ; DC    ;  67,000 ;     mV ;       ; 00:14:46
   1:42'13"73 ; DC    ;  66,990 ;     mV ;       ; 00:14:46
   1:42'14"05 ; DC    ;  66,980 ;     mV ;       ; 00:14:46
   1:42'14"38 ; DC    ;  67,000 ;     mV ;       ; 00:14:47
   1:42'14"73 ; DC    ;  66,970 ;     mV ;       ; 00:14:47
   1:42'15"06 ; DC    ;  66,980 ;     mV ;       ; 00:14:47
   1:42'15"44 ; DC    ;  67,030 ;     mV ;       ; 00:14:48
   1:42'15"88 ; DC    ;  66,970 ;     mV ;       ; 00:14:48
   1:42'16"35 ; DC    ;  67,010 ;     mV ;       ; 00:14:49
   1:42'16"78 ; DC    ;  66,990 ;     mV ;       ; 00:14:49
   1:42'17"19 ; DC    ;  66,960 ;     mV ;       ; 00:14:49
   1:42'17"66 ; DC    ;  66,990 ;     mV ;       ; 00:14:50
   1:42'18"02 ; DC    ;  67,010 ;     mV ;       ; 00:14:50
   1:42'18"41 ; DC    ;  67,000 ;     mV ;       ; 00:14:51
   1:42'18"75 ; DC    ;  67,000 ;     mV ;       ; 00:14:51
   1:42'19"09 ; DC    ;  67,000 ;     mV ;       ; 00:14:51
   1:42'19"45 ; DC    ;  67,020 ;     mV ;       ; 00:14:52
   1:42'19"81 ; DC    ;  66,980 ;     mV ;       ; 00:14:52
   1:42'20"15 ; DC    ;  67,010 ;     mV ;       ; 00:14:52
   1:42'20"50 ; DC    ;  66,970 ;     mV ;       ; 00:14:53
   1:42'20"92 ; DC    ;  66,950 ;     mV ;       ; 00:14:53
   1:42'21"36 ; DC    ;  66,960 ;     mV ;       ; 00:14:54
   1:42'21"81 ; DC    ;  66,930 ;     mV ;       ; 00:14:54
   1:42'22"21 ; DC    ;  66,980 ;     mV ;       ; 00:14:54
   1:42'22"56 ; DC    ;  66,990 ;     mV ;       ; 00:14:55
   1:42'22"94 ; DC    ;  66,970 ;     mV ;       ; 00:14:55
   1:42'23"35 ; DC    ;  66,940 ;     mV ;       ; 00:14:56
   1:42'23"72 ; DC    ;  66,950 ;     mV ;       ; 00:14:56
   1:42'24"24 ; DC    ;  66,950 ;     mV ;       ; 00:14:56
   1:42'24"57 ; DC    ;  66,960 ;     mV ;       ; 00:14:57
   1:42'24"93 ; DC    ;  66,960 ;     mV ;       ; 00:14:57
   1:42'25"29 ; DC    ;  66,950 ;     mV ;       ; 00:14:57
   1:42'25"71 ; DC    ;  66,960 ;     mV ;       ; 00:14:58
   1:42'26"08 ; DC    ;  66,950 ;     mV ;       ; 00:14:58
   1:42'26"44 ; DC    ;  66,970 ;     mV ;       ; 00:14:59
   1:42'26"78 ; DC    ;  66,970 ;     mV ;       ; 00:14:59
   1:42'27"13 ; DC    ;  66,950 ;     mV ;       ; 00:14:59
   1:42'27"48 ; DC    ;  66,980 ;     mV ;       ; 00:15:00
   1:42'27"82 ; DC    ;  66,950 ;     mV ;       ; 00:15:00
   1:42'28"15 ; DC    ;  66,970 ;     mV ;       ; 00:15:00
   1:42'28"46 ; DC    ;  66,950 ;     mV ;       ; 00:15:01
   1:42'28"80 ; DC    ;  66,950 ;     mV ;       ; 00:15:01
   1:42'29"12 ; DC    ;  66,970 ;     mV ;       ; 00:15:01
   1:42'29"45 ; DC    ;  66,960 ;     mV ;       ; 00:15:02
   1:42'29"77 ; DC    ;  66,980 ;     mV ;       ; 00:15:02
   1:42'30"17 ; DC    ;  66,990 ;     mV ;       ; 00:15:02
   1:42'30"56 ; DC    ;  66,980 ;     mV ;       ; 00:15:03
   1:42'30"88 ; DC    ;  66,980 ;     mV ;       ; 00:15:03
   1:42'31"25 ; DC    ;  66,980 ;     mV ;       ; 00:15:03
   1:42'31"57 ; DC    ;  66,930 ;     mV ;       ; 00:15:04
   1:42'31"91 ; DC    ;  66,960 ;     mV ;       ; 00:15:04
   1:42'32"27 ; DC    ;  66,960 ;     mV ;       ; 00:15:04
   1:42'32"61 ; DC    ;  66,930 ;     mV ;       ; 00:15:05
   1:42'32"97 ; DC    ;  66,960 ;     mV ;       ; 00:15:05
   1:42'33"31 ; DC    ;  66,930 ;     mV ;       ; 00:15:05
   1:42'33"63 ; DC    ;  66,940 ;     mV ;       ; 00:15:06
   1:42'33"96 ; DC    ;  66,920 ;     mV ;       ; 00:15:06
   1:42'34"32 ; DC    ;  66,940 ;     mV ;       ; 00:15:06
   1:42'34"75 ; DC    ;  66,920 ;     mV ;       ; 00:15:07
   1:42'35"19 ; DC    ;  66,960 ;     mV ;       ; 00:15:07
   1:42'35"53 ; DC    ;  66,950 ;     mV ;       ; 00:15:08
   1:42'35"88 ; DC    ;  66,970 ;     mV ;       ; 00:15:08
   1:42'36"23 ; DC    ;  66,950 ;     mV ;       ; 00:15:08
   1:42'36"57 ; DC    ;  66,960 ;     mV ;       ; 00:15:09
   1:42'36"90 ; DC    ;  66,920 ;     mV ;       ; 00:15:09
   1:42'37"25 ; DC    ;  66,950 ;     mV ;       ; 00:15:09
   1:42'37"59 ; DC    ;  66,950 ;     mV ;       ; 00:15:10
   1:42'37"94 ; DC    ;  66,960 ;     mV ;       ; 00:15:10
   1:42'38"27 ; DC    ;  66,950 ;     mV ;       ; 00:15:10
   1:42'38"64 ; DC    ;  66,970 ;     mV ;       ; 00:15:11
   1:42'39"04 ; DC    ;  66,960 ;     mV ;       ; 00:15:11
   1:42'39"42 ; DC    ;  66,930 ;     mV ;       ; 00:15:12
   1:42'39"76 ; DC    ;  66,950 ;     mV ;       ; 00:15:12
   1:42'40"12 ; DC    ;  66,930 ;     mV ;       ; 00:15:12
   1:42'40"47 ; DC    ;  66,960 ;     mV ;       ; 00:15:13
   1:42'40"89 ; DC    ;  66,930 ;     mV ;       ; 00:15:13
   1:42'41"31 ; DC    ;  66,940 ;     mV ;       ; 00:15:13
   1:42'41"64 ; DC    ;  66,970 ;     mV ;       ; 00:15:14
   1:42'42"40 ; DC    ;  66,960 ;     mV ;       ; 00:15:15
   1:42'42"73 ; DC    ;  66,950 ;     mV ;       ; 00:15:15
   1:42'43"07 ; DC    ;  66,980 ;     mV ;       ; 00:15:15
   1:42'43"45 ; DC    ;  66,950 ;     mV ;       ; 00:15:16
   1:42'43"85 ; DC    ;  66,990 ;     mV ;       ; 00:15:16
   1:42'44"21 ; DC    ;  66,960 ;     mV ;       ; 00:15:16
   1:42'44"64 ; DC    ;  66,920 ;     mV ;       ; 00:15:17
   1:42'45"04 ; DC    ;  66,960 ;     mV ;       ; 00:15:17
   1:42'45"48 ; DC    ;  66,960 ;     mV ;       ; 00:15:18
   1:42'45"82 ; DC    ;  66,920 ;     mV ;       ; 00:15:18
   1:42'46"15 ; DC    ;  66,950 ;     mV ;       ; 00:15:18
   1:42'46"50 ; DC    ;  66,960 ;     mV ;       ; 00:15:19
   1:42'46"84 ; DC    ;  66,960 ;     mV ;       ; 00:15:19
   1:42'47"19 ; DC    ;  66,960 ;     mV ;       ; 00:15:19
   1:42'47"51 ; DC    ;  66,970 ;     mV ;       ; 00:15:20
   1:42'47"84 ; DC    ;  66,930 ;     mV ;       ; 00:15:20
   1:42'48"21 ; DC    ;  66,950 ;     mV ;       ; 00:15:20
   1:42'48"58 ; DC    ;  66,930 ;     mV ;       ; 00:15:21
   1:42'48"96 ; DC    ;  66,960 ;     mV ;       ; 00:15:21
   1:42'49"36 ; DC    ;  66,900 ;     mV ;       ; 00:15:22
   1:42'49"70 ; DC    ;  66,920 ;     mV ;       ; 00:15:22
   1:42'50"02 ; DC    ;  66,950 ;     mV ;       ; 00:15:22
   1:42'50"35 ; DC    ;  66,930 ;     mV ;       ; 00:15:23
   1:42'50"69 ; DC    ;  66,940 ;     mV ;       ; 00:15:23
   1:42'51"01 ; DC    ;  66,920 ;     mV ;       ; 00:15:23
   1:42'51"34 ; DC    ;  66,920 ;     mV ;       ; 00:15:24
   1:42'51"66 ; DC    ;  66,910 ;     mV ;       ; 00:15:24
   1:42'52"00 ; DC    ;  66,930 ;     mV ;       ; 00:15:24
   1:42'52"35 ; DC    ;  66,900 ;     mV ;       ; 00:15:25
   1:42'52"76 ; DC    ;  66,920 ;     mV ;       ; 00:15:25
   1:42'53"15 ; DC    ;  66,900 ;     mV ;       ; 00:15:25
   1:42'53"53 ; DC    ;  66,920 ;     mV ;       ; 00:15:26
   1:42'53"93 ; DC    ;  66,910 ;     mV ;       ; 00:15:26
   1:42'54"26 ; DC    ;  66,900 ;     mV ;       ; 00:15:26
   1:42'54"59 ; DC    ;  66,940 ;     mV ;       ; 00:15:27
   1:42'54"91 ; DC    ;  66,910 ;     mV ;       ; 00:15:27
   1:42'55"23 ; DC    ;  66,950 ;     mV ;       ; 00:15:27
   1:42'55"57 ; DC    ;  66,910 ;     mV ;       ; 00:15:28
   1:42'55"90 ; DC    ;  66,870 ;     mV ;       ; 00:15:28
   1:42'56"24 ; DC    ;  66,920 ;     mV ;       ; 00:15:28
   1:42'56"56 ; DC    ;  66,900 ;     mV ;       ; 00:15:29
   1:42'56"90 ; DC    ;  66,940 ;     mV ;       ; 00:15:29
   1:42'57"33 ; DC    ;  66,880 ;     mV ;       ; 00:15:29
   1:42'57"71 ; DC    ;  66,920 ;     mV ;       ; 00:15:30
   1:42'58"09 ; DC    ;  66,940 ;     mV ;       ; 00:15:30
   1:42'58"52 ; DC    ;  66,910 ;     mV ;       ; 00:15:31
   1:42'58"85 ; DC    ;  66,910 ;     mV ;       ; 00:15:31
   1:42'59"22 ; DC    ;  66,930 ;     mV ;       ; 00:15:31
   1:42'59"54 ; DC    ;  66,910 ;     mV ;       ; 00:15:32
   1:42'59"87 ; DC    ;  66,920 ;     mV ;       ; 00:15:32
   1:43'00"20 ; DC    ;  66,880 ;     mV ;       ; 00:15:32
   1:43'00"52 ; DC    ;  66,920 ;     mV ;       ; 00:15:33
   1:43'00"86 ; DC    ;  66,900 ;     mV ;       ; 00:15:33
   1:43'01"20 ; DC    ;  66,920 ;     mV ;       ; 00:15:33
   1:43'01"58 ; DC    ;  66,870 ;     mV ;       ; 00:15:34
   1:43'01"95 ; DC    ;  66,880 ;     mV ;       ; 00:15:34
   1:43'02"31 ; DC    ;  66,860 ;     mV ;       ; 00:15:34
   1:43'02"67 ; DC    ;  66,910 ;     mV ;       ; 00:15:35
   1:43'03"09 ; DC    ;  66,870 ;     mV ;       ; 00:15:35
   1:43'03"44 ; DC    ;  66,860 ;     mV ;       ; 00:15:36
   1:43'03"76 ; DC    ;  66,910 ;     mV ;       ; 00:15:36
   1:43'04"09 ; DC    ;  66,880 ;     mV ;       ; 00:15:36
   1:43'04"42 ; DC    ;  66,880 ;     mV ;       ; 00:15:37
   1:43'04"74 ; DC    ;  66,900 ;     mV ;       ; 00:15:37
   1:43'05"07 ; DC    ;  66,900 ;     mV ;       ; 00:15:37
   1:43'05"40 ; DC    ;  66,920 ;     mV ;       ; 00:15:38
   1:43'05"76 ; DC    ;  66,900 ;     mV ;       ; 00:15:38
   1:43'06"12 ; DC    ;  66,920 ;     mV ;       ; 00:15:38
   1:43'06"54 ; DC    ;  66,920 ;     mV ;       ; 00:15:39
   1:43'06"96 ; DC    ;  66,910 ;     mV ;       ; 00:15:39
   1:43'07"37 ; DC    ;  66,940 ;     mV ;       ; 00:15:40
   1:43'07"75 ; DC    ;  66,920 ;     mV ;       ; 00:15:40
   1:43'08"10 ; DC    ;  66,970 ;     mV ;       ; 00:15:40
   1:43'08"45 ; DC    ;  66,940 ;     mV ;       ; 00:15:41
   1:43'08"80 ; DC    ;  66,940 ;     mV ;       ; 00:15:41
   1:43'09"14 ; DC    ;  66,970 ;     mV ;       ; 00:15:41
   1:43'09"47 ; DC    ;  66,920 ;     mV ;       ; 00:15:42
   1:43'09"81 ; DC    ;  66,950 ;     mV ;       ; 00:15:42
   1:43'10"20 ; DC    ;  66,910 ;     mV ;       ; 00:15:42
   1:43'10"62 ; DC    ;  66,920 ;     mV ;       ; 00:15:43
   1:43'11"00 ; DC    ;  66,900 ;     mV ;       ; 00:15:43
   1:43'11"39 ; DC    ;  66,940 ;     mV ;       ; 00:15:44
   1:43'11"79 ; DC    ;  66,910 ;     mV ;       ; 00:15:44
   1:43'12"12 ; DC    ;  66,880 ;     mV ;       ; 00:15:44
   1:43'12"46 ; DC    ;  66,920 ;     mV ;       ; 00:15:45
   1:43'12"81 ; DC    ;  66,910 ;     mV ;       ; 00:15:45
   1:43'13"16 ; DC    ;  66,950 ;     mV ;       ; 00:15:45
   1:43'13"50 ; DC    ;  66,920 ;     mV ;       ; 00:15:46
   1:43'13"85 ; DC    ;  66,930 ;     mV ;       ; 00:15:46
   1:43'14"19 ; DC    ;  66,950 ;     mV ;       ; 00:15:46
   1:43'14"55 ; DC    ;  66,930 ;     mV ;       ; 00:15:47
   1:43'14"90 ; DC    ;  66,920 ;     mV ;       ; 00:15:47
   1:43'15"25 ; DC    ;  66,950 ;     mV ;       ; 00:15:47
   1:43'15"58 ; DC    ;  66,900 ;     mV ;       ; 00:15:48
   1:43'15"90 ; DC    ;  66,920 ;     mV ;       ; 00:15:48
   1:43'16"22 ; DC    ;  66,910 ;     mV ;       ; 00:15:48
   1:43'16"56 ; DC    ;  66,940 ;     mV ;       ; 00:15:49
   1:43'16"91 ; DC    ;  66,940 ;     mV ;       ; 00:15:49
   1:43'17"25 ; DC    ;  66,920 ;     mV ;       ; 00:15:49
   1:43'17"58 ; DC    ;  66,950 ;     mV ;       ; 00:15:50
   1:43'17"90 ; DC    ;  66,940 ;     mV ;       ; 00:15:50
   1:43'18"23 ; DC    ;  66,940 ;     mV ;       ; 00:15:50
   1:43'18"61 ; DC    ;  66,960 ;     mV ;       ; 00:15:51
   1:43'18"94 ; DC    ;  66,950 ;     mV ;       ; 00:15:51
   1:43'19"27 ; DC    ;  66,920 ;     mV ;       ; 00:15:51
   1:43'19"60 ; DC    ;  66,950 ;     mV ;       ; 00:15:52
   1:43'19"92 ; DC    ;  66,940 ;     mV ;       ; 00:15:52
   1:43'20"26 ; DC    ;  66,950 ;     mV ;       ; 00:15:52
   1:43'20"59 ; DC    ;  66,920 ;     mV ;       ; 00:15:53
   1:43'20"91 ; DC    ;  66,940 ;     mV ;       ; 00:15:53
   1:43'21"25 ; DC    ;  66,920 ;     mV ;       ; 00:15:53
   1:43'21"57 ; DC    ;  66,900 ;     mV ;       ; 00:15:54
   1:43'21"90 ; DC    ;  66,870 ;     mV ;       ; 00:15:54
   1:43'22"22 ; DC    ;  66,870 ;     mV ;       ; 00:15:54
   1:43'22"55 ; DC    ;  66,850 ;     mV ;       ; 00:15:55
   1:43'22"91 ; DC    ;  66,880 ;     mV ;       ; 00:15:55
   1:43'23"25 ; DC    ;  66,880 ;     mV ;       ; 00:15:55
   1:43'23"57 ; DC    ;  66,860 ;     mV ;       ; 00:15:56
   1:43'23"90 ; DC    ;  66,900 ;     mV ;       ; 00:15:56
   1:43'24"24 ; DC    ;  66,860 ;     mV ;       ; 00:15:56
   1:43'24"56 ; DC    ;  66,930 ;     mV ;       ; 00:15:57
   1:43'24"89 ; DC    ;  66,910 ;     mV ;       ; 00:15:57
   1:43'25"21 ; DC    ;  66,920 ;     mV ;       ; 00:15:57
   1:43'25"55 ; DC    ;  66,880 ;     mV ;       ; 00:15:58
   1:43'25"89 ; DC    ;  66,880 ;     mV ;       ; 00:15:58
   1:43'26"25 ; DC    ;  66,900 ;     mV ;       ; 00:15:58
   1:43'26"58 ; DC    ;  66,900 ;     mV ;       ; 00:15:59
   1:43'26"91 ; DC    ;  66,900 ;     mV ;       ; 00:15:59
   1:43'27"30 ; DC    ;  66,920 ;     mV ;       ; 00:15:59
   1:43'27"63 ; DC    ;  66,880 ;     mV ;       ; 00:16:00
   1:43'27"97 ; DC    ;  66,900 ;     mV ;       ; 00:16:00
   1:43'28"30 ; DC    ;  66,920 ;     mV ;       ; 00:16:00
   1:43'28"64 ; DC    ;  66,930 ;     mV ;       ; 00:16:01
   1:43'28"99 ; DC    ;  66,910 ;     mV ;       ; 00:16:01
   1:43'29"33 ; DC    ;  66,920 ;     mV ;       ; 00:16:01
   1:43'29"67 ; DC    ;  66,900 ;     mV ;       ; 00:16:02
   1:43'29"99 ; DC    ;  66,910 ;     mV ;       ; 00:16:02
   1:43'30"32 ; DC    ;  66,860 ;     mV ;       ; 00:16:02
   1:43'30"66 ; DC    ;  66,880 ;     mV ;       ; 00:16:03
   1:43'30"99 ; DC    ;  66,900 ;     mV ;       ; 00:16:03
   1:43'31"30 ; DC    ;  66,920 ;     mV ;       ; 00:16:03
   1:43'31"63 ; DC    ;  66,870 ;     mV ;       ; 00:16:04
   1:43'31"95 ; DC    ;  66,920 ;     mV ;       ; 00:16:04
   1:43'32"32 ; DC    ;  66,870 ;     mV ;       ; 00:16:04
   1:43'32"67 ; DC    ;  66,940 ;     mV ;       ; 00:16:05
   1:43'33"03 ; DC    ;  66,910 ;     mV ;       ; 00:16:05
   1:43'33"37 ; DC    ;  66,910 ;     mV ;       ; 00:16:06
   1:43'33"69 ; DC    ;  66,910 ;     mV ;       ; 00:16:06
   1:43'34"04 ; DC    ;  66,940 ;     mV ;       ; 00:16:06
   1:43'34"39 ; DC    ;  66,910 ;     mV ;       ; 00:16:07
   1:43'34"75 ; DC    ;  66,940 ;     mV ;       ; 00:16:07
   1:43'35"12 ; DC    ;  66,930 ;     mV ;       ; 00:16:07
   1:43'35"47 ; DC    ;  66,920 ;     mV ;       ; 00:16:08
   1:43'35"81 ; DC    ;  66,910 ;     mV ;       ; 00:16:08
   1:43'36"15 ; DC    ;  66,910 ;     mV ;       ; 00:16:08
   1:43'36"51 ; DC    ;  66,910 ;     mV ;       ; 00:16:09
   1:43'36"87 ; DC    ;  66,900 ;     mV ;       ; 00:16:09
   1:43'37"25 ; DC    ;  66,870 ;     mV ;       ; 00:16:09
   1:43'37"57 ; DC    ;  66,860 ;     mV ;       ; 00:16:10
   1:43'37"91 ; DC    ;  66,850 ;     mV ;       ; 00:16:10
   1:43'38"25 ; DC    ;  66,830 ;     mV ;       ; 00:16:10
   1:43'38"61 ; DC    ;  66,840 ;     mV ;       ; 00:16:11
   1:43'38"94 ; DC    ;  66,820 ;     mV ;       ; 00:16:11
   1:43'39"27 ; DC    ;  66,810 ;     mV ;       ; 00:16:11
   1:43'39"62 ; DC    ;  66,860 ;     mV ;       ; 00:16:12
   1:43'39"94 ; DC    ;  66,830 ;     mV ;       ; 00:16:12
   1:43'40"28 ; DC    ;  66,860 ;     mV ;       ; 00:16:12
   1:43'40"68 ; DC    ;  66,870 ;     mV ;       ; 00:16:13
   1:43'41"14 ; DC    ;  66,810 ;     mV ;       ; 00:16:13
   1:43'41"54 ; DC    ;  66,850 ;     mV ;       ; 00:16:14
   1:43'41"92 ; DC    ;  66,840 ;     mV ;       ; 00:16:14
   1:43'42"31 ; DC    ;  66,840 ;     mV ;       ; 00:16:14
   1:43'42"70 ; DC    ;  66,850 ;     mV ;       ; 00:16:15
   1:43'43"11 ; DC    ;  66,840 ;     mV ;       ; 00:16:15
   1:43'43"43 ; DC    ;  66,870 ;     mV ;       ; 00:16:16
   1:43'43"76 ; DC    ;  66,850 ;     mV ;       ; 00:16:16
   1:43'44"10 ; DC    ;  66,880 ;     mV ;       ; 00:16:16
   1:43'45"15 ; DC    ;  66,830 ;     mV ;       ; 00:16:17
   1:43'45"54 ; DC    ;  66,870 ;     mV ;       ; 00:16:18
   1:43'45"93 ; DC    ;  66,870 ;     mV ;       ; 00:16:18
   1:43'46"27 ; DC    ;  66,880 ;     mV ;       ; 00:16:18
   1:43'46"63 ; DC    ;  66,870 ;     mV ;       ; 00:16:19
   1:43'46"97 ; DC    ;  66,840 ;     mV ;       ; 00:16:19
   1:43'47"31 ; DC    ;  66,900 ;     mV ;       ; 00:16:19
   1:43'47"73 ; DC    ;  66,840 ;     mV ;       ; 00:16:20
   1:43'48"07 ; DC    ;  66,870 ;     mV ;       ; 00:16:20
   1:43'48"40 ; DC    ;  66,870 ;     mV ;       ; 00:16:21
   1:43'48"80 ; DC    ;  66,830 ;     mV ;       ; 00:16:21
   1:43'49"20 ; DC    ;  66,880 ;     mV ;       ; 00:16:21
   1:43'49"59 ; DC    ;  66,850 ;     mV ;       ; 00:16:22
   1:43'50"12 ; DC    ;  66,840 ;     mV ;       ; 00:16:22
   1:43'50"52 ; DC    ;  66,870 ;     mV ;       ; 00:16:23
   1:43'50"90 ; DC    ;  66,850 ;     mV ;       ; 00:16:23
   1:43'51"40 ; DC    ;  66,850 ;     mV ;       ; 00:16:24
   1:43'51"75 ; DC    ;  66,830 ;     mV ;       ; 00:16:24
   1:43'52"09 ; DC    ;  66,830 ;     mV ;       ; 00:16:24
   1:43'52"43 ; DC    ;  66,840 ;     mV ;       ; 00:16:25
   1:43'52"77 ; DC    ;  66,840 ;     mV ;       ; 00:16:25
   1:43'53"09 ; DC    ;  66,820 ;     mV ;       ; 00:16:25
   1:43'53"41 ; DC    ;  66,840 ;     mV ;       ; 00:16:26
   1:43'53"74 ; DC    ;  66,820 ;     mV ;       ; 00:16:26
   1:43'54"09 ; DC    ;  66,810 ;     mV ;       ; 00:16:26
   1:43'54"42 ; DC    ;  66,790 ;     mV ;       ; 00:16:27
   1:43'54"79 ; DC    ;  66,830 ;     mV ;       ; 00:16:27
   1:43'55"17 ; DC    ;  66,810 ;     mV ;       ; 00:16:27
   1:43'55"53 ; DC    ;  66,830 ;     mV ;       ; 00:16:28
   1:43'55"87 ; DC    ;  66,810 ;     mV ;       ; 00:16:28
   1:43'56"22 ; DC    ;  66,790 ;     mV ;       ; 00:16:28
   1:43'56"58 ; DC    ;  66,810 ;     mV ;       ; 00:16:29
   1:43'56"90 ; DC    ;  66,780 ;     mV ;       ; 00:16:29
   1:43'57"23 ; DC    ;  66,810 ;     mV ;       ; 00:16:29
   1:43'57"60 ; DC    ;  66,780 ;     mV ;       ; 00:16:30
   1:43'58"03 ; DC    ;  66,790 ;     mV ;       ; 00:16:30
   1:43'58"38 ; DC    ;  66,760 ;     mV ;       ; 00:16:31
   1:43'58"70 ; DC    ;  66,810 ;     mV ;       ; 00:16:31
   1:43'59"02 ; DC    ;  66,780 ;     mV ;       ; 00:16:31
   1:43'59"40 ; DC    ;  66,800 ;     mV ;       ; 00:16:32
   1:43'59"77 ; DC    ;  66,810 ;     mV ;       ; 00:16:32
   1:44'00"21 ; DC    ;  66,800 ;     mV ;       ; 00:16:32
   1:44'00"58 ; DC    ;  66,780 ;     mV ;       ; 00:16:33
   1:44'01"01 ; DC    ;  66,790 ;     mV ;       ; 00:16:33
   1:44'01"41 ; DC    ;  66,780 ;     mV ;       ; 00:16:34
   1:44'01"78 ; DC    ;  66,760 ;     mV ;       ; 00:16:34
   1:44'02"16 ; DC    ;  66,770 ;     mV ;       ; 00:16:34
   1:44'02"50 ; DC    ;  66,740 ;     mV ;       ; 00:16:35
   1:44'02"86 ; DC    ;  66,770 ;     mV ;       ; 00:16:35
   1:44'03"21 ; DC    ;  66,760 ;     mV ;       ; 00:16:35
   1:44'03"61 ; DC    ;  66,790 ;     mV ;       ; 00:16:36
   1:44'04"03 ; DC    ;  66,760 ;     mV ;       ; 00:16:36
   1:44'04"50 ; DC    ;  66,750 ;     mV ;       ; 00:16:37
   1:44'05"00 ; DC    ;  66,750 ;     mV ;       ; 00:16:37
   1:44'05"40 ; DC    ;  66,730 ;     mV ;       ; 00:16:38
   1:44'05"80 ; DC    ;  66,760 ;     mV ;       ; 00:16:38
   1:44'06"15 ; DC    ;  66,780 ;     mV ;       ; 00:16:38
   1:44'06"50 ; DC    ;  66,750 ;     mV ;       ; 00:16:39
   1:44'06"83 ; DC    ;  66,770 ;     mV ;       ; 00:16:39
   1:44'07"16 ; DC    ;  66,790 ;     mV ;       ; 00:16:39
   1:44'07"50 ; DC    ;  66,770 ;     mV ;       ; 00:16:40
   1:44'07"85 ; DC    ;  66,760 ;     mV ;       ; 00:16:40
   1:44'08"22 ; DC    ;  66,770 ;     mV ;       ; 00:16:40
   1:44'08"56 ; DC    ;  66,760 ;     mV ;       ; 00:16:41
   1:44'08"94 ; DC    ;  66,800 ;     mV ;       ; 00:16:41
   1:44'09"38 ; DC    ;  66,770 ;     mV ;       ; 00:16:42
   1:44'09"86 ; DC    ;  66,770 ;     mV ;       ; 00:16:42
   1:44'10"21 ; DC    ;  66,770 ;     mV ;       ; 00:16:42
   1:44'10"66 ; DC    ;  66,780 ;     mV ;       ; 00:16:43
   1:44'11"03 ; DC    ;  66,790 ;     mV ;       ; 00:16:43
   1:44'11"37 ; DC    ;  66,760 ;     mV ;       ; 00:16:44
   1:44'11"69 ; DC    ;  66,800 ;     mV ;       ; 00:16:44
   1:44'12"08 ; DC    ;  66,790 ;     mV ;       ; 00:16:44
   1:44'12"42 ; DC    ;  66,760 ;     mV ;       ; 00:16:45
   1:44'12"75 ; DC    ;  66,800 ;     mV ;       ; 00:16:45
   1:44'13"11 ; DC    ;  66,770 ;     mV ;       ; 00:16:45
   1:44'13"48 ; DC    ;  66,810 ;     mV ;       ; 00:16:46
   1:44'13"82 ; DC    ;  66,780 ;     mV ;       ; 00:16:46
   1:44'14"22 ; DC    ;  66,790 ;     mV ;       ; 00:16:46
   1:44'14"66 ; DC    ;  66,780 ;     mV ;       ; 00:16:47
   1:44'15"20 ; DC    ;  66,780 ;     mV ;       ; 00:16:47
   1:44'15"69 ; DC    ;  66,820 ;     mV ;       ; 00:16:48
   1:44'16"12 ; DC    ;  66,810 ;     mV ;       ; 00:16:48
   1:44'16"53 ; DC    ;  66,780 ;     mV ;       ; 00:16:49
   1:44'16"91 ; DC    ;  66,800 ;     mV ;       ; 00:16:49
   1:44'17"27 ; DC    ;  66,820 ;     mV ;       ; 00:16:49
   1:44'17"61 ; DC    ;  66,780 ;     mV ;       ; 00:16:50
   1:44'17"95 ; DC    ;  66,830 ;     mV ;       ; 00:16:50
   1:44'18"29 ; DC    ;  66,800 ;     mV ;       ; 00:16:50
   1:44'18"63 ; DC    ;  66,810 ;     mV ;       ; 00:16:51
   1:44'18"96 ; DC    ;  66,810 ;     mV ;       ; 00:16:51
   1:44'19"33 ; DC    ;  66,790 ;     mV ;       ; 00:16:51
   1:44'19"67 ; DC    ;  66,780 ;     mV ;       ; 00:16:52
   1:44'20"06 ; DC    ;  66,800 ;     mV ;       ; 00:16:52
   1:44'20"42 ; DC    ;  66,800 ;     mV ;       ; 00:16:53
   1:44'20"78 ; DC    ;  66,820 ;     mV ;       ; 00:16:53
   1:44'21"18 ; DC    ;  66,820 ;     mV ;       ; 00:16:53
   1:44'21"53 ; DC    ;  66,810 ;     mV ;       ; 00:16:54
   1:44'21"86 ; DC    ;  66,820 ;     mV ;       ; 00:16:54
   1:44'22"18 ; DC    ;  66,790 ;     mV ;       ; 00:16:54
   1:44'22"51 ; DC    ;  66,810 ;     mV ;       ; 00:16:55
   1:44'22"83 ; DC    ;  66,770 ;     mV ;       ; 00:16:55
   1:44'23"16 ; DC    ;  66,770 ;     mV ;       ; 00:16:55
   1:44'23"49 ; DC    ;  66,770 ;     mV ;       ; 00:16:56
   1:44'23"83 ; DC    ;  66,760 ;     mV ;       ; 00:16:56
   1:44'24"17 ; DC    ;  66,800 ;     mV ;       ; 00:16:56
   1:44'24"54 ; DC    ;  66,780 ;     mV ;       ; 00:16:57
   1:44'24"88 ; DC    ;  66,810 ;     mV ;       ; 00:16:57
   1:44'25"26 ; DC    ;  66,760 ;     mV ;       ; 00:16:57
   1:44'25"66 ; DC    ;  66,770 ;     mV ;       ; 00:16:58
   1:44'26"04 ; DC    ;  66,800 ;     mV ;       ; 00:16:58
   1:44'26"39 ; DC    ;  66,800 ;     mV ;       ; 00:16:59
   1:44'26"71 ; DC    ;  66,790 ;     mV ;       ; 00:16:59
   1:44'27"04 ; DC    ;  66,790 ;     mV ;       ; 00:16:59
   1:44'27"38 ; DC    ;  66,790 ;     mV ;       ; 00:17:00
   1:44'27"80 ; DC    ;  66,780 ;     mV ;       ; 00:17:00
   1:44'28"13 ; DC    ;  66,790 ;     mV ;       ; 00:17:00
   1:44'28"46 ; DC    ;  66,780 ;     mV ;       ; 00:17:01
   1:44'28"80 ; DC    ;  66,800 ;     mV ;       ; 00:17:01
   1:44'29"21 ; DC    ;  66,810 ;     mV ;       ; 00:17:01
   1:44'29"60 ; DC    ;  66,800 ;     mV ;       ; 00:17:02
   1:44'29"95 ; DC    ;  66,790 ;     mV ;       ; 00:17:02
   1:44'30"32 ; DC    ;  66,810 ;     mV ;       ; 00:17:02
   1:44'30"67 ; DC    ;  66,810 ;     mV ;       ; 00:17:03
   1:44'31"02 ; DC    ;  66,790 ;     mV ;       ; 00:17:03
   1:44'31"38 ; DC    ;  66,770 ;     mV ;       ; 00:17:04
   1:44'31"79 ; DC    ;  66,780 ;     mV ;       ; 00:17:04
   1:44'32"14 ; DC    ;  66,730 ;     mV ;       ; 00:17:04
   1:44'32"58 ; DC    ;  66,780 ;     mV ;       ; 00:17:05
   1:44'32"94 ; DC    ;  66,790 ;     mV ;       ; 00:17:05
   1:44'33"29 ; DC    ;  66,780 ;     mV ;       ; 00:17:05
   1:44'33"72 ; DC    ;  66,810 ;     mV ;       ; 00:17:06
   1:44'34"14 ; DC    ;  66,770 ;     mV ;       ; 00:17:06
   1:44'34"54 ; DC    ;  66,790 ;     mV ;       ; 00:17:07
   1:44'34"99 ; DC    ;  66,780 ;     mV ;       ; 00:17:07
   1:44'35"39 ; DC    ;  66,760 ;     mV ;       ; 00:17:08
   1:44'35"81 ; DC    ;  66,770 ;     mV ;       ; 00:17:08
   1:44'36"22 ; DC    ;  66,750 ;     mV ;       ; 00:17:08
   1:44'36"63 ; DC    ;  66,800 ;     mV ;       ; 00:17:09
   1:44'37"02 ; DC    ;  66,760 ;     mV ;       ; 00:17:09
   1:44'37"45 ; DC    ;  66,740 ;     mV ;       ; 00:17:10
   1:44'37"78 ; DC    ;  66,750 ;     mV ;       ; 00:17:10
   1:44'38"12 ; DC    ;  66,720 ;     mV ;       ; 00:17:10
   1:44'38"59 ; DC    ;  66,760 ;     mV ;       ; 00:17:11
   1:44'38"99 ; DC    ;  66,770 ;     mV ;       ; 00:17:11
   1:44'39"34 ; DC    ;  66,790 ;     mV ;       ; 00:17:12
   1:44'39"77 ; DC    ;  66,770 ;     mV ;       ; 00:17:12
   1:44'40"13 ; DC    ;  66,760 ;     mV ;       ; 00:17:12
   1:44'40"48 ; DC    ;  66,780 ;     mV ;       ; 00:17:13
   1:44'40"84 ; DC    ;  66,730 ;     mV ;       ; 00:17:13
   1:44'41"32 ; DC    ;  66,730 ;     mV ;       ; 00:17:13
   1:44'41"76 ; DC    ;  66,780 ;     mV ;       ; 00:17:14
   1:44'42"19 ; DC    ;  66,760 ;     mV ;       ; 00:17:14
   1:44'42"61 ; DC    ;  66,740 ;     mV ;       ; 00:17:15
   1:44'42"98 ; DC    ;  66,750 ;     mV ;       ; 00:17:15
   1:44'43"31 ; DC    ;  66,730 ;     mV ;       ; 00:17:15
   1:44'43"73 ; DC    ;  66,770 ;     mV ;       ; 00:17:16
   1:44'44"12 ; DC    ;  66,720 ;     mV ;       ; 00:17:16
   1:44'44"50 ; DC    ;  66,700 ;     mV ;       ; 00:17:17
   1:44'44"88 ; DC    ;  66,720 ;     mV ;       ; 00:17:17
   1:44'45"25 ; DC    ;  66,710 ;     mV ;       ; 00:17:17
   1:44'45"59 ; DC    ;  66,740 ;     mV ;       ; 00:17:18
   1:44'46"09 ; DC    ;  66,730 ;     mV ;       ; 00:17:18
   1:44'46"40 ; DC    ;  66,750 ;     mV ;       ; 00:17:19
   1:44'46"71 ; DC    ;  66,760 ;     mV ;       ; 00:17:19
   1:44'47"04 ; DC    ;  66,750 ;     mV ;       ; 00:17:19
   1:44'47"37 ; DC    ;  66,740 ;     mV ;       ; 00:17:20
   1:44'47"80 ; DC    ;  66,770 ;     mV ;       ; 00:17:20
   1:44'48"14 ; DC    ;  66,780 ;     mV ;       ; 00:17:20
   1:44'48"52 ; DC    ;  66,760 ;     mV ;       ; 00:17:21
   1:44'48"86 ; DC    ;  66,770 ;     mV ;       ; 00:17:21
   1:44'49"19 ; DC    ;  66,760 ;     mV ;       ; 00:17:21
   1:44'49"56 ; DC    ;  66,770 ;     mV ;       ; 00:17:22
   1:44'49"96 ; DC    ;  66,770 ;     mV ;       ; 00:17:22
   1:44'50"47 ; DC    ;  66,730 ;     mV ;       ; 00:17:23
   1:44'50"80 ; DC    ;  66,760 ;     mV ;       ; 00:17:23
   1:44'51"15 ; DC    ;  66,770 ;     mV ;       ; 00:17:23
   1:44'51"49 ; DC    ;  66,750 ;     mV ;       ; 00:17:24
   1:44'51"83 ; DC    ;  66,780 ;     mV ;       ; 00:17:24
   1:44'52"15 ; DC    ;  66,770 ;     mV ;       ; 00:17:24
   1:44'52"50 ; DC    ;  66,770 ;     mV ;       ; 00:17:25
   1:44'52"88 ; DC    ;  66,770 ;     mV ;       ; 00:17:25
   1:44'53"29 ; DC    ;  66,740 ;     mV ;       ; 00:17:25
   1:44'53"67 ; DC    ;  66,740 ;     mV ;       ; 00:17:26
   1:44'54"02 ; DC    ;  66,740 ;     mV ;       ; 00:17:26
   1:44'54"45 ; DC    ;  66,740 ;     mV ;       ; 00:17:27
   1:44'54"85 ; DC    ;  66,720 ;     mV ;       ; 00:17:27
   1:44'55"19 ; DC    ;  66,750 ;     mV ;       ; 00:17:27
   1:44'55"53 ; DC    ;  66,710 ;     mV ;       ; 00:17:28
   1:44'55"87 ; DC    ;  66,740 ;     mV ;       ; 00:17:28
   1:44'56"23 ; DC    ;  66,750 ;     mV ;       ; 00:17:28
   1:44'56"56 ; DC    ;  66,710 ;     mV ;       ; 00:17:29
   1:44'56"89 ; DC    ;  66,750 ;     mV ;       ; 00:17:29
   1:44'57"23 ; DC    ;  66,730 ;     mV ;       ; 00:17:29
   1:44'57"65 ; DC    ;  66,730 ;     mV ;       ; 00:17:30
   1:44'58"05 ; DC    ;  66,710 ;     mV ;       ; 00:17:30
   1:44'58"43 ; DC    ;  66,750 ;     mV ;       ; 00:17:31
   1:44'58"85 ; DC    ;  66,730 ;     mV ;       ; 00:17:31
   1:44'59"24 ; DC    ;  66,740 ;     mV ;       ; 00:17:31
   1:44'59"57 ; DC    ;  66,710 ;     mV ;       ; 00:17:32
   1:44'59"91 ; DC    ;  66,740 ;     mV ;       ; 00:17:32
   1:45'00"26 ; DC    ;  66,720 ;     mV ;       ; 00:17:32
   1:45'00"59 ; DC    ;  66,730 ;     mV ;       ; 00:17:33
   1:45'00"91 ; DC    ;  66,700 ;     mV ;       ; 00:17:33
   1:45'01"24 ; DC    ;  66,740 ;     mV ;       ; 00:17:33
   1:45'01"58 ; DC    ;  66,710 ;     mV ;       ; 00:17:34
   1:45'01"90 ; DC    ;  66,720 ;     mV ;       ; 00:17:34
   1:45'02"25 ; DC    ;  66,730 ;     mV ;       ; 00:17:34
   1:45'02"59 ; DC    ;  66,730 ;     mV ;       ; 00:17:35
   1:45'02"94 ; DC    ;  66,720 ;     mV ;       ; 00:17:35
   1:45'03"32 ; DC    ;  66,740 ;     mV ;       ; 00:17:35
   1:45'03"72 ; DC    ;  66,740 ;     mV ;       ; 00:17:36
   1:45'04"06 ; DC    ;  66,730 ;     mV ;       ; 00:17:36
   1:45'04"38 ; DC    ;  66,730 ;     mV ;       ; 00:17:37
   1:45'04"72 ; DC    ;  66,750 ;     mV ;       ; 00:17:37
   1:45'05"06 ; DC    ;  66,730 ;     mV ;       ; 00:17:37
   1:45'05"39 ; DC    ;  66,720 ;     mV ;       ; 00:17:38
   1:45'05"71 ; DC    ;  66,730 ;     mV ;       ; 00:17:38
   1:45'06"04 ; DC    ;  66,720 ;     mV ;       ; 00:17:38
   1:45'06"38 ; DC    ;  66,720 ;     mV ;       ; 00:17:39
   1:45'06"74 ; DC    ;  66,710 ;     mV ;       ; 00:17:39
   1:45'07"10 ; DC    ;  66,730 ;     mV ;       ; 00:17:39
   1:45'07"46 ; DC    ;  66,740 ;     mV ;       ; 00:17:40
   1:45'07"82 ; DC    ;  66,720 ;     mV ;       ; 00:17:40
   1:45'08"20 ; DC    ;  66,720 ;     mV ;       ; 00:17:40
   1:45'08"55 ; DC    ;  66,750 ;     mV ;       ; 00:17:41
   1:45'08"88 ; DC    ;  66,710 ;     mV ;       ; 00:17:41
   1:45'09"22 ; DC    ;  66,730 ;     mV ;       ; 00:17:41
   1:45'09"56 ; DC    ;  66,700 ;     mV ;       ; 00:17:42
   1:45'09"88 ; DC    ;  66,730 ;     mV ;       ; 00:17:42
   1:45'10"22 ; DC    ;  66,720 ;     mV ;       ; 00:17:42
   1:45'10"55 ; DC    ;  66,730 ;     mV ;       ; 00:17:43
   1:45'10"87 ; DC    ;  66,730 ;     mV ;       ; 00:17:43
   1:45'11"19 ; DC    ;  66,730 ;     mV ;       ; 00:17:43
   1:45'11"57 ; DC    ;  66,710 ;     mV ;       ; 00:17:44
   1:45'11"93 ; DC    ;  66,750 ;     mV ;       ; 00:17:44
   1:45'12"29 ; DC    ;  66,750 ;     mV ;       ; 00:17:44
   1:45'12"66 ; DC    ;  66,750 ;     mV ;       ; 00:17:45
   1:45'13"02 ; DC    ;  66,740 ;     mV ;       ; 00:17:45
   1:45'13"35 ; DC    ;  66,670 ;     mV ;       ; 00:17:46
   1:45'13"69 ; DC    ;  66,720 ;     mV ;       ; 00:17:46
   1:45'14"03 ; DC    ;  66,710 ;     mV ;       ; 00:17:46
   1:45'14"36 ; DC    ;  66,710 ;     mV ;       ; 00:17:47
   1:45'14"68 ; DC    ;  66,710 ;     mV ;       ; 00:17:47
   1:45'15"01 ; DC    ;  66,700 ;     mV ;       ; 00:17:47
   1:45'15"34 ; DC    ;  66,700 ;     mV ;       ; 00:17:48
   1:45'15"67 ; DC    ;  66,690 ;     mV ;       ; 00:17:48
   1:45'16"11 ; DC    ;  66,700 ;     mV ;       ; 00:17:48
   1:45'16"46 ; DC    ;  66,730 ;     mV ;       ; 00:17:49
   1:45'16"82 ; DC    ;  66,690 ;     mV ;       ; 00:17:49
   1:45'17"19 ; DC    ;  66,720 ;     mV ;       ; 00:17:49
   1:45'17"57 ; DC    ;  66,740 ;     mV ;       ; 00:17:50
   1:45'17"91 ; DC    ;  66,720 ;     mV ;       ; 00:17:50
   1:45'18"25 ; DC    ;  66,720 ;     mV ;       ; 00:17:50
   1:45'18"58 ; DC    ;  66,700 ;     mV ;       ; 00:17:51
   1:45'18"90 ; DC    ;  66,740 ;     mV ;       ; 00:17:51
   1:45'19"23 ; DC    ;  66,730 ;     mV ;       ; 00:17:51
   1:45'19"55 ; DC    ;  66,750 ;     mV ;       ; 00:17:52
   1:45'19"88 ; DC    ;  66,770 ;     mV ;       ; 00:17:52
   1:45'20"20 ; DC    ;  66,730 ;     mV ;       ; 00:17:52
   1:45'20"59 ; DC    ;  66,740 ;     mV ;       ; 00:17:53
   1:45'20"96 ; DC    ;  66,740 ;     mV ;       ; 00:17:53
   1:45'21"33 ; DC    ;  66,740 ;     mV ;       ; 00:17:54
   1:45'21"70 ; DC    ;  66,760 ;     mV ;       ; 00:17:54
   1:45'22"11 ; DC    ;  66,750 ;     mV ;       ; 00:17:54
   1:45'22"46 ; DC    ;  66,730 ;     mV ;       ; 00:17:55
   1:45'22"79 ; DC    ;  66,730 ;     mV ;       ; 00:17:55
   1:45'23"12 ; DC    ;  66,700 ;     mV ;       ; 00:17:55
   1:45'23"44 ; DC    ;  66,720 ;     mV ;       ; 00:17:56
   1:45'23"77 ; DC    ;  66,760 ;     mV ;       ; 00:17:56
   1:45'24"10 ; DC    ;  66,720 ;     mV ;       ; 00:17:56
   1:45'24"43 ; DC    ;  66,720 ;     mV ;       ; 00:17:57
   1:45'24"76 ; DC    ;  66,720 ;     mV ;       ; 00:17:57
   1:45'25"09 ; DC    ;  66,740 ;     mV ;       ; 00:17:57
   1:45'25"51 ; DC    ;  66,720 ;     mV ;       ; 00:17:58
   1:45'25"85 ; DC    ;  66,750 ;     mV ;       ; 00:17:58
   1:45'26"21 ; DC    ;  66,730 ;     mV ;       ; 00:17:58
   1:45'26"58 ; DC    ;  66,730 ;     mV ;       ; 00:17:59
   1:45'26"95 ; DC    ;  66,700 ;     mV ;       ; 00:17:59
   1:45'27"30 ; DC    ;  66,730 ;     mV ;       ; 00:17:59
   1:45'27"64 ; DC    ;  66,720 ;     mV ;       ; 00:18:00
   1:45'28"01 ; DC    ;  66,710 ;     mV ;       ; 00:18:00
   1:45'28"33 ; DC    ;  66,730 ;     mV ;       ; 00:18:01
   1:45'28"67 ; DC    ;  66,730 ;     mV ;       ; 00:18:01
   1:45'29"02 ; DC    ;  66,730 ;     mV ;       ; 00:18:01
   1:45'29"34 ; DC    ;  66,730 ;     mV ;       ; 00:18:02
   1:45'29"67 ; DC    ;  66,730 ;     mV ;       ; 00:18:02
   1:45'30"07 ; DC    ;  66,740 ;     mV ;       ; 00:18:02
   1:45'30"42 ; DC    ;  66,720 ;     mV ;       ; 00:18:03
   1:45'30"78 ; DC    ;  66,720 ;     mV ;       ; 00:18:03
   1:45'31"15 ; DC    ;  66,740 ;     mV ;       ; 00:18:03
   1:45'31"54 ; DC    ;  66,740 ;     mV ;       ; 00:18:04
   1:45'31"87 ; DC    ;  66,750 ;     mV ;       ; 00:18:04
   1:45'32"19 ; DC    ;  66,710 ;     mV ;       ; 00:18:04
   1:45'32"53 ; DC    ;  66,750 ;     mV ;       ; 00:18:05
   1:45'32"85 ; DC    ;  66,710 ;     mV ;       ; 00:18:05
   1:45'33"17 ; DC    ;  66,750 ;     mV ;       ; 00:18:05
   1:45'33"51 ; DC    ;  66,710 ;     mV ;       ; 00:18:06
   1:45'33"86 ; DC    ;  66,720 ;     mV ;       ; 00:18:06
   1:45'34"18 ; DC    ;  66,700 ;     mV ;       ; 00:18:06
   1:45'34"54 ; DC    ;  66,700 ;     mV ;       ; 00:18:07
   1:45'34"90 ; DC    ;  66,710 ;     mV ;       ; 00:18:07
   1:45'35"26 ; DC    ;  66,730 ;     mV ;       ; 00:18:07
   1:45'35"64 ; DC    ;  66,730 ;     mV ;       ; 00:18:08
   1:45'36"01 ; DC    ;  66,740 ;     mV ;       ; 00:18:08
   1:45'36"35 ; DC    ;  66,710 ;     mV ;       ; 00:18:09
   1:45'36"68 ; DC    ;  66,740 ;     mV ;       ; 00:18:09
   1:45'37"01 ; DC    ;  66,720 ;     mV ;       ; 00:18:09
   1:45'37"34 ; DC    ;  66,740 ;     mV ;       ; 00:18:10
   1:45'37"68 ; DC    ;  66,700 ;     mV ;       ; 00:18:10
   1:45'38"01 ; DC    ;  66,730 ;     mV ;       ; 00:18:10
   1:45'38"33 ; DC    ;  66,680 ;     mV ;       ; 00:18:11
   1:45'38"66 ; DC    ;  66,700 ;     mV ;       ; 00:18:11
   1:45'39"01 ; DC    ;  66,670 ;     mV ;       ; 00:18:11
   1:45'39"39 ; DC    ;  66,700 ;     mV ;       ; 00:18:12
   1:45'39"74 ; DC    ;  66,660 ;     mV ;       ; 00:18:12
   1:45'40"11 ; DC    ;  66,690 ;     mV ;       ; 00:18:12
   1:45'40"49 ; DC    ;  66,660 ;     mV ;       ; 00:18:13
   1:45'40"84 ; DC    ;  66,670 ;     mV ;       ; 00:18:13
   1:45'41"17 ; DC    ;  66,680 ;     mV ;       ; 00:18:13
   1:45'41"49 ; DC    ;  66,650 ;     mV ;       ; 00:18:14
   1:45'41"82 ; DC    ;  66,680 ;     mV ;       ; 00:18:14
   1:45'42"16 ; DC    ;  66,660 ;     mV ;       ; 00:18:14
   1:45'42"50 ; DC    ;  66,680 ;     mV ;       ; 00:18:15
   1:45'42"85 ; DC    ;  66,680 ;     mV ;       ; 00:18:15
   1:45'43"19 ; DC    ;  66,680 ;     mV ;       ; 00:18:15
   1:45'43"53 ; DC    ;  66,670 ;     mV ;       ; 00:18:16
   1:45'43"94 ; DC    ;  66,680 ;     mV ;       ; 00:18:16
   1:45'44"30 ; DC    ;  66,650 ;     mV ;       ; 00:18:16
   1:45'44"68 ; DC    ;  66,660 ;     mV ;       ; 00:18:17
   1:45'45"04 ; DC    ;  66,610 ;     mV ;       ; 00:18:17
   1:45'45"41 ; DC    ;  66,620 ;     mV ;       ; 00:18:18
   1:45'45"75 ; DC    ;  66,670 ;     mV ;       ; 00:18:18
   1:45'46"09 ; DC    ;  66,630 ;     mV ;       ; 00:18:18
   1:45'46"43 ; DC    ;  66,670 ;     mV ;       ; 00:18:19
   1:45'46"76 ; DC    ;  66,670 ;     mV ;       ; 00:18:19
   1:45'47"09 ; DC    ;  66,680 ;     mV ;       ; 00:18:19
   1:45'47"41 ; DC    ;  66,640 ;     mV ;       ; 00:18:20
   1:45'47"76 ; DC    ;  66,630 ;     mV ;       ; 00:18:20
   1:45'48"09 ; DC    ;  66,620 ;     mV ;       ; 00:18:20
   1:45'48"48 ; DC    ;  66,640 ;     mV ;       ; 00:18:21
   1:45'48"83 ; DC    ;  66,640 ;     mV ;       ; 00:18:21
   1:45'49"20 ; DC    ;  66,660 ;     mV ;       ; 00:18:21
   1:45'49"58 ; DC    ;  66,650 ;     mV ;       ; 00:18:22
   1:45'49"95 ; DC    ;  66,660 ;     mV ;       ; 00:18:22
   1:45'50"27 ; DC    ;  66,670 ;     mV ;       ; 00:18:22
   1:45'50"61 ; DC    ;  66,640 ;     mV ;       ; 00:18:23
   1:45'50"94 ; DC    ;  66,650 ;     mV ;       ; 00:18:23
   1:45'51"28 ; DC    ;  66,620 ;     mV ;       ; 00:18:23
   1:45'51"61 ; DC    ;  66,650 ;     mV ;       ; 00:18:24
   1:45'51"95 ; DC    ;  66,640 ;     mV ;       ; 00:18:24
   1:45'52"27 ; DC    ;  66,610 ;     mV ;       ; 00:18:24
   1:45'52"61 ; DC    ;  66,650 ;     mV ;       ; 00:18:25
   1:45'53"01 ; DC    ;  66,630 ;     mV ;       ; 00:18:25
   1:45'53"36 ; DC    ;  66,670 ;     mV ;       ; 00:18:26
   1:45'53"73 ; DC    ;  66,640 ;     mV ;       ; 00:18:26
   1:45'54"09 ; DC    ;  66,620 ;     mV ;       ; 00:18:26
   1:45'54"47 ; DC    ;  66,660 ;     mV ;       ; 00:18:27
   1:45'54"83 ; DC    ;  66,620 ;     mV ;       ; 00:18:27
   1:45'55"17 ; DC    ;  66,640 ;     mV ;       ; 00:18:27
   1:45'55"51 ; DC    ;  66,630 ;     mV ;       ; 00:18:28
   1:45'55"85 ; DC    ;  66,620 ;     mV ;       ; 00:18:28
   1:45'56"19 ; DC    ;  66,610 ;     mV ;       ; 00:18:28
   1:45'56"53 ; DC    ;  66,640 ;     mV ;       ; 00:18:29
   1:45'56"85 ; DC    ;  66,610 ;     mV ;       ; 00:18:29
   1:45'57"18 ; DC    ;  66,620 ;     mV ;       ; 00:18:29
   1:45'57"56 ; DC    ;  66,600 ;     mV ;       ; 00:18:30
   1:45'57"90 ; DC    ;  66,630 ;     mV ;       ; 00:18:30
   1:45'58"24 ; DC    ;  66,610 ;     mV ;       ; 00:18:30
   1:45'58"61 ; DC    ;  66,620 ;     mV ;       ; 00:18:31
   1:45'58"99 ; DC    ;  66,630 ;     mV ;       ; 00:18:31
   1:45'59"43 ; DC    ;  66,640 ;     mV ;       ; 00:18:32
   1:45'59"78 ; DC    ;  66,640 ;     mV ;       ; 00:18:32
   1:46'00"12 ; DC    ;  66,670 ;     mV ;       ; 00:18:32
   1:46'00"45 ; DC    ;  66,640 ;     mV ;       ; 00:18:33
   1:46'00"79 ; DC    ;  66,650 ;     mV ;       ; 00:18:33
   1:46'01"12 ; DC    ;  66,610 ;     mV ;       ; 00:18:33
   1:46'01"45 ; DC    ;  66,650 ;     mV ;       ; 00:18:34
   1:46'01"78 ; DC    ;  66,620 ;     mV ;       ; 00:18:34
   1:46'02"17 ; DC    ;  66,640 ;     mV ;       ; 00:18:34
   1:46'02"56 ; DC    ;  66,630 ;     mV ;       ; 00:18:35
   1:46'02"93 ; DC    ;  66,600 ;     mV ;       ; 00:18:35
   1:46'03"29 ; DC    ;  66,600 ;     mV ;       ; 00:18:35
   1:46'03"69 ; DC    ;  66,630 ;     mV ;       ; 00:18:36
   1:46'04"05 ; DC    ;  66,640 ;     mV ;       ; 00:18:36
   1:46'04"39 ; DC    ;  66,630 ;     mV ;       ; 00:18:37
   1:46'04"72 ; DC    ;  66,640 ;     mV ;       ; 00:18:37
   1:46'05"04 ; DC    ;  66,630 ;     mV ;       ; 00:18:37
   1:46'05"36 ; DC    ;  66,630 ;     mV ;       ; 00:18:38
   1:46'05"70 ; DC    ;  66,630 ;     mV ;       ; 00:18:38
   1:46'06"03 ; DC    ;  66,610 ;     mV ;       ; 00:18:38
   1:46'06"37 ; DC    ;  66,620 ;     mV ;       ; 00:18:39
   1:46'06"71 ; DC    ;  66,640 ;     mV ;       ; 00:18:39
   1:46'07"09 ; DC    ;  66,630 ;     mV ;       ; 00:18:39
   1:46'07"43 ; DC    ;  66,640 ;     mV ;       ; 00:18:40
   1:46'07"79 ; DC    ;  66,630 ;     mV ;       ; 00:18:40
   1:46'08"17 ; DC    ;  66,640 ;     mV ;       ; 00:18:40
   1:46'08"54 ; DC    ;  66,600 ;     mV ;       ; 00:18:41
   1:46'08"87 ; DC    ;  66,640 ;     mV ;       ; 00:18:41
   1:46'09"19 ; DC    ;  66,610 ;     mV ;       ; 00:18:41
   1:46'09"53 ; DC    ;  66,650 ;     mV ;       ; 00:18:42
   1:46'09"85 ; DC    ;  66,610 ;     mV ;       ; 00:18:42
   1:46'10"20 ; DC    ;  66,660 ;     mV ;       ; 00:18:42
   1:46'10"53 ; DC    ;  66,670 ;     mV ;       ; 00:18:43
   1:46'10"85 ; DC    ;  66,640 ;     mV ;       ; 00:18:43
   1:46'11"19 ; DC    ;  66,660 ;     mV ;       ; 00:18:43
   1:46'11"56 ; DC    ;  66,650 ;     mV ;       ; 00:18:44
   1:46'11"92 ; DC    ;  66,660 ;     mV ;       ; 00:18:44
   1:46'12"31 ; DC    ;  66,660 ;     mV ;       ; 00:18:44
   1:46'12"67 ; DC    ;  66,680 ;     mV ;       ; 00:18:45
   1:46'13"07 ; DC    ;  66,670 ;     mV ;       ; 00:18:45
   1:46'13"39 ; DC    ;  66,700 ;     mV ;       ; 00:18:46
   1:46'13"73 ; DC    ;  66,650 ;     mV ;       ; 00:18:46
   1:46'14"07 ; DC    ;  66,700 ;     mV ;       ; 00:18:46
   1:46'14"40 ; DC    ;  66,660 ;     mV ;       ; 00:18:47
   1:46'14"75 ; DC    ;  66,650 ;     mV ;       ; 00:18:47
   1:46'15"09 ; DC    ;  66,680 ;     mV ;       ; 00:18:47
   1:46'15"41 ; DC    ;  66,660 ;     mV ;       ; 00:18:48
   1:46'15"75 ; DC    ;  66,680 ;     mV ;       ; 00:18:48
   1:46'16"11 ; DC    ;  66,690 ;     mV ;       ; 00:18:48
   1:46'16"49 ; DC    ;  66,710 ;     mV ;       ; 00:18:49
   1:46'16"88 ; DC    ;  66,680 ;     mV ;       ; 00:18:49
   1:46'17"25 ; DC    ;  66,700 ;     mV ;       ; 00:18:49
   1:46'17"62 ; DC    ;  66,660 ;     mV ;       ; 00:18:50
   1:46'17"96 ; DC    ;  66,670 ;     mV ;       ; 00:18:50
   1:46'18"30 ; DC    ;  66,660 ;     mV ;       ; 00:18:50
   1:46'18"63 ; DC    ;  66,680 ;     mV ;       ; 00:18:51
   1:46'18"95 ; DC    ;  66,690 ;     mV ;       ; 00:18:51
   1:46'19"29 ; DC    ;  66,680 ;     mV ;       ; 00:18:51
   1:46'19"64 ; DC    ;  66,700 ;     mV ;       ; 00:18:52
   1:46'19"97 ; DC    ;  66,670 ;     mV ;       ; 00:18:52
   1:46'20"29 ; DC    ;  66,710 ;     mV ;       ; 00:18:52
   1:46'20"61 ; DC    ;  66,680 ;     mV ;       ; 00:18:53
   1:46'21"02 ; DC    ;  66,700 ;     mV ;       ; 00:18:53
   1:46'21"36 ; DC    ;  66,690 ;     mV ;       ; 00:18:54
   1:46'21"74 ; DC    ;  66,680 ;     mV ;       ; 00:18:54
   1:46'22"10 ; DC    ;  66,710 ;     mV ;       ; 00:18:54
   1:46'22"46 ; DC    ;  66,690 ;     mV ;       ; 00:18:55
   1:46'22"79 ; DC    ;  66,710 ;     mV ;       ; 00:18:55
   1:46'23"13 ; DC    ;  66,710 ;     mV ;       ; 00:18:55
   1:46'23"47 ; DC    ;  66,690 ;     mV ;       ; 00:18:56
   1:46'23"79 ; DC    ;  66,670 ;     mV ;       ; 00:18:56
   1:46'24"12 ; DC    ;  66,660 ;     mV ;       ; 00:18:56
   1:46'24"44 ; DC    ;  66,680 ;     mV ;       ; 00:18:57
   1:46'24"78 ; DC    ;  66,690 ;     mV ;       ; 00:18:57
   1:46'25"11 ; DC    ;  66,660 ;     mV ;       ; 00:18:57
   1:46'25"50 ; DC    ;  66,690 ;     mV ;       ; 00:18:58
   1:46'25"88 ; DC    ;  66,670 ;     mV ;       ; 00:18:58
   1:46'26"25 ; DC    ;  66,690 ;     mV ;       ; 00:18:58
   1:46'26"65 ; DC    ;  66,700 ;     mV ;       ; 00:18:59
   1:46'27"03 ; DC    ;  66,680 ;     mV ;       ; 00:18:59
   1:46'27"39 ; DC    ;  66,670 ;     mV ;       ; 00:19:00
   1:46'27"71 ; DC    ;  66,680 ;     mV ;       ; 00:19:00
   1:46'28"04 ; DC    ;  66,710 ;     mV ;       ; 00:19:00
   1:46'28"38 ; DC    ;  66,670 ;     mV ;       ; 00:19:01
   1:46'28"72 ; DC    ;  66,670 ;     mV ;       ; 00:19:01
   1:46'29"04 ; DC    ;  66,680 ;     mV ;       ; 00:19:01
   1:46'29"39 ; DC    ;  66,660 ;     mV ;       ; 00:19:02
   1:46'29"71 ; DC    ;  66,660 ;     mV ;       ; 00:19:02
   1:46'30"04 ; DC    ;  66,630 ;     mV ;       ; 00:19:02
   1:46'30"44 ; DC    ;  66,650 ;     mV ;       ; 00:19:03
   1:46'30"79 ; DC    ;  66,700 ;     mV ;       ; 00:19:03
   1:46'31"15 ; DC    ;  66,640 ;     mV ;       ; 00:19:03
   1:46'31"51 ; DC    ;  66,660 ;     mV ;       ; 00:19:04
   1:46'31"90 ; DC    ;  66,620 ;     mV ;       ; 00:19:04
   1:46'32"23 ; DC    ;  66,630 ;     mV ;       ; 00:19:04
   1:46'32"55 ; DC    ;  66,600 ;     mV ;       ; 00:19:05
   1:46'32"88 ; DC    ;  66,610 ;     mV ;       ; 00:19:05
   1:46'33"22 ; DC    ;  66,610 ;     mV ;       ; 00:19:05
   1:46'33"56 ; DC    ;  66,630 ;     mV ;       ; 00:19:06
   1:46'33"89 ; DC    ;  66,610 ;     mV ;       ; 00:19:06
   1:46'34"21 ; DC    ;  66,610 ;     mV ;       ; 00:19:06
   1:46'34"54 ; DC    ;  66,610 ;     mV ;       ; 00:19:07
   1:46'34"89 ; DC    ;  66,630 ;     mV ;       ; 00:19:07
   1:46'35"24 ; DC    ;  66,620 ;     mV ;       ; 00:19:07
   1:46'35"58 ; DC    ;  66,630 ;     mV ;       ; 00:19:08
   1:46'35"99 ; DC    ;  66,620 ;     mV ;       ; 00:19:08
   1:46'36"40 ; DC    ;  66,610 ;     mV ;       ; 00:19:09
   1:46'36"75 ; DC    ;  66,630 ;     mV ;       ; 00:19:09
   1:46'37"07 ; DC    ;  66,640 ;     mV ;       ; 00:19:09
   1:46'37"43 ; DC    ;  66,630 ;     mV ;       ; 00:19:10
   1:46'37"77 ; DC    ;  66,660 ;     mV ;       ; 00:19:10
   1:46'38"11 ; DC    ;  66,630 ;     mV ;       ; 00:19:10
   1:46'38"45 ; DC    ;  66,660 ;     mV ;       ; 00:19:11
   1:46'38"77 ; DC    ;  66,690 ;     mV ;       ; 00:19:11
   1:46'39"11 ; DC    ;  66,660 ;     mV ;       ; 00:19:11
   1:46'39"47 ; DC    ;  66,690 ;     mV ;       ; 00:19:12
   1:46'39"88 ; DC    ;  66,660 ;     mV ;       ; 00:19:12
   1:46'40"22 ; DC    ;  66,670 ;     mV ;       ; 00:19:12
   1:46'40"58 ; DC    ;  66,660 ;     mV ;       ; 00:19:13
   1:46'40"94 ; DC    ;  66,680 ;     mV ;       ; 00:19:13
   1:46'41"33 ; DC    ;  66,670 ;     mV ;       ; 00:19:14
   1:46'41"66 ; DC    ;  66,710 ;     mV ;       ; 00:19:14
   1:46'42"00 ; DC    ;  66,670 ;     mV ;       ; 00:19:14
   1:46'42"32 ; DC    ;  66,720 ;     mV ;       ; 00:19:14
   1:46'42"67 ; DC    ;  66,700 ;     mV ;       ; 00:19:15
   1:46'42"99 ; DC    ;  66,690 ;     mV ;       ; 00:19:15
   1:46'43"32 ; DC    ;  66,710 ;     mV ;       ; 00:19:15
   1:46'43"64 ; DC    ;  66,680 ;     mV ;       ; 00:19:16
   1:46'43"98 ; DC    ;  66,710 ;     mV ;       ; 00:19:16
   1:46'44"39 ; DC    ;  66,680 ;     mV ;       ; 00:19:17
   1:46'44"75 ; DC    ;  66,680 ;     mV ;       ; 00:19:17
   1:46'45"13 ; DC    ;  66,700 ;     mV ;       ; 00:19:17
   1:46'45"50 ; DC    ;  66,700 ;     mV ;       ; 00:19:18
   1:46'45"88 ; DC    ;  66,660 ;     mV ;       ; 00:19:18
   1:46'46"22 ; DC    ;  66,660 ;     mV ;       ; 00:19:18
   1:46'46"55 ; DC    ;  66,680 ;     mV ;       ; 00:19:19
   1:46'46"88 ; DC    ;  66,650 ;     mV ;       ; 00:19:19
   1:46'47"22 ; DC    ;  66,680 ;     mV ;       ; 00:19:19
   1:46'47"57 ; DC    ;  66,650 ;     mV ;       ; 00:19:20
   1:46'47"90 ; DC    ;  66,680 ;     mV ;       ; 00:19:20
   1:46'48"24 ; DC    ;  66,650 ;     mV ;       ; 00:19:20
   1:46'48"58 ; DC    ;  66,670 ;     mV ;       ; 00:19:21
   1:46'48"96 ; DC    ;  66,650 ;     mV ;       ; 00:19:21
   1:46'49"32 ; DC    ;  66,670 ;     mV ;       ; 00:19:21
   1:46'49"70 ; DC    ;  66,690 ;     mV ;       ; 00:19:22
   1:46'50"19 ; DC    ;  66,670 ;     mV ;       ; 00:19:22
   1:46'50"55 ; DC    ;  66,700 ;     mV ;       ; 00:19:23
   1:46'50"91 ; DC    ;  66,690 ;     mV ;       ; 00:19:23
   1:46'51"25 ; DC    ;  66,660 ;     mV ;       ; 00:19:23
   1:46'51"67 ; DC    ;  66,680 ;     mV ;       ; 00:19:24
   1:46'52"02 ; DC    ;  66,670 ;     mV ;       ; 00:19:24
   1:46'52"42 ; DC    ;  66,670 ;     mV ;       ; 00:19:25
   1:46'52"77 ; DC    ;  66,660 ;     mV ;       ; 00:19:25
   1:46'53"15 ; DC    ;  66,640 ;     mV ;       ; 00:19:25
   1:46'53"51 ; DC    ;  66,660 ;     mV ;       ; 00:19:26
   1:46'53"92 ; DC    ;  66,650 ;     mV ;       ; 00:19:26
   1:46'54"33 ; DC    ;  66,690 ;     mV ;       ; 00:19:27
   1:46'54"74 ; DC    ;  66,670 ;     mV ;       ; 00:19:27
   1:46'55"15 ; DC    ;  66,640 ;     mV ;       ; 00:19:27
   1:46'55"53 ; DC    ;  66,660 ;     mV ;       ; 00:19:28
   1:46'55"90 ; DC    ;  66,620 ;     mV ;       ; 00:19:28
   1:46'56"24 ; DC    ;  66,650 ;     mV ;       ; 00:19:28
   1:46'56"64 ; DC    ;  66,630 ;     mV ;       ; 00:19:29
   1:46'56"98 ; DC    ;  66,660 ;     mV ;       ; 00:19:29
   1:46'57"33 ; DC    ;  66,630 ;     mV ;       ; 00:19:29
   1:46'57"68 ; DC    ;  66,650 ;     mV ;       ; 00:19:30
   1:46'58"15 ; DC    ;  66,660 ;     mV ;       ; 00:19:30
   1:46'58"54 ; DC    ;  66,680 ;     mV ;       ; 00:19:31
   1:46'58"90 ; DC    ;  66,660 ;     mV ;       ; 00:19:31
   1:46'59"34 ; DC    ;  66,630 ;     mV ;       ; 00:19:32
   1:46'59"78 ; DC    ;  66,650 ;     mV ;       ; 00:19:32
   1:47'00"22 ; DC    ;  66,630 ;     mV ;       ; 00:19:32
   1:47'00"61 ; DC    ;  66,640 ;     mV ;       ; 00:19:33
   1:47'01"39 ; DC    ;  66,630 ;     mV ;       ; 00:19:34
   1:47'01"81 ; DC    ;  66,650 ;     mV ;       ; 00:19:34
   1:47'02"16 ; DC    ;  66,670 ;     mV ;       ; 00:19:34
   1:47'02"48 ; DC    ;  66,660 ;     mV ;       ; 00:19:35
   1:47'02"80 ; DC    ;  66,660 ;     mV ;       ; 00:19:35
   1:47'03"14 ; DC    ;  66,660 ;     mV ;       ; 00:19:35
   1:47'03"49 ; DC    ;  66,630 ;     mV ;       ; 00:19:36
   1:47'03"83 ; DC    ;  66,640 ;     mV ;       ; 00:19:36
   1:47'04"15 ; DC    ;  66,600 ;     mV ;       ; 00:19:36
   1:47'04"50 ; DC    ;  66,640 ;     mV ;       ; 00:19:37
   1:47'04"82 ; DC    ;  66,610 ;     mV ;       ; 00:19:37
   1:47'05"21 ; DC    ;  66,610 ;     mV ;       ; 00:19:37
   1:47'05"60 ; DC    ;  66,600 ;     mV ;       ; 00:19:38
   1:47'05"99 ; DC    ;  66,610 ;     mV ;       ; 00:19:38
   1:47'06"35 ; DC    ;  66,640 ;     mV ;       ; 00:19:39
   1:47'06"74 ; DC    ;  66,610 ;     mV ;       ; 00:19:39
   1:47'07"19 ; DC    ;  66,600 ;     mV ;       ; 00:19:39
   1:47'07"59 ; DC    ;  66,630 ;     mV ;       ; 00:19:40
   1:47'07"97 ; DC    ;  66,600 ;     mV ;       ; 00:19:40
   1:47'08"35 ; DC    ;  66,630 ;     mV ;       ; 00:19:41
   1:47'08"73 ; DC    ;  66,630 ;     mV ;       ; 00:19:41
   1:47'09"08 ; DC    ;  66,650 ;     mV ;       ; 00:19:41
   1:47'09"43 ; DC    ;  66,640 ;     mV ;       ; 00:19:42
   1:47'09"78 ; DC    ;  66,660 ;     mV ;       ; 00:19:42
   1:47'10"17 ; DC    ;  66,630 ;     mV ;       ; 00:19:42
   1:47'10"53 ; DC    ;  66,670 ;     mV ;       ; 00:19:43
   1:47'10"87 ; DC    ;  66,680 ;     mV ;       ; 00:19:43
   1:47'11"20 ; DC    ;  66,620 ;     mV ;       ; 00:19:43
   1:47'11"55 ; DC    ;  66,650 ;     mV ;       ; 00:19:44
   1:47'11"88 ; DC    ;  66,620 ;     mV ;       ; 00:19:44
   1:47'12"22 ; DC    ;  66,650 ;     mV ;       ; 00:19:44
   1:47'12"57 ; DC    ;  66,650 ;     mV ;       ; 00:19:45
   1:47'12"89 ; DC    ;  66,630 ;     mV ;       ; 00:19:45
   1:47'13"24 ; DC    ;  66,640 ;     mV ;       ; 00:19:45
   1:47'13"57 ; DC    ;  66,670 ;     mV ;       ; 00:19:46
   1:47'13"92 ; DC    ;  66,640 ;     mV ;       ; 00:19:46
   1:47'14"27 ; DC    ;  66,690 ;     mV ;       ; 00:19:46
   1:47'14"67 ; DC    ;  66,660 ;     mV ;       ; 00:19:47
   1:47'15"01 ; DC    ;  66,690 ;     mV ;       ; 00:19:47
   1:47'15"39 ; DC    ;  66,650 ;     mV ;       ; 00:19:48
   1:47'15"80 ; DC    ;  66,640 ;     mV ;       ; 00:19:48
   1:47'16"21 ; DC    ;  66,680 ;     mV ;       ; 00:19:48
   1:47'16"60 ; DC    ;  66,680 ;     mV ;       ; 00:19:49
   1:47'17"03 ; DC    ;  66,650 ;     mV ;       ; 00:19:49
   1:47'17"40 ; DC    ;  66,670 ;     mV ;       ; 00:19:50
   1:47'17"74 ; DC    ;  66,650 ;     mV ;       ; 00:19:50
   1:47'18"09 ; DC    ;  66,650 ;     mV ;       ; 00:19:50
   1:47'18"43 ; DC    ;  66,640 ;     mV ;       ; 00:19:51
   1:47'18"76 ; DC    ;  66,670 ;     mV ;       ; 00:19:51
   1:47'19"08 ; DC    ;  66,670 ;     mV ;       ; 00:19:51
   1:47'19"47 ; DC    ;  66,660 ;     mV ;       ; 00:19:52
   1:47'19"86 ; DC    ;  66,650 ;     mV ;       ; 00:19:52
   1:47'20"22 ; DC    ;  66,660 ;     mV ;       ; 00:19:52
   1:47'20"61 ; DC    ;  66,670 ;     mV ;       ; 00:19:53
   1:47'20"99 ; DC    ;  66,660 ;     mV ;       ; 00:19:53
   1:47'21"36 ; DC    ;  66,640 ;     mV ;       ; 00:19:54
   1:47'21"69 ; DC    ;  66,660 ;     mV ;       ; 00:19:54
   1:47'22"04 ; DC    ;  66,650 ;     mV ;       ; 00:19:54
   1:47'22"44 ; DC    ;  66,660 ;     mV ;       ; 00:19:55
   1:47'22"76 ; DC    ;  66,640 ;     mV ;       ; 00:19:55
   1:47'23"19 ; DC    ;  66,670 ;     mV ;       ; 00:19:55
   1:47'23"54 ; DC    ;  66,670 ;     mV ;       ; 00:19:56
   1:47'23"86 ; DC    ;  66,620 ;     mV ;       ; 00:19:56
   1:47'24"20 ; DC    ;  66,640 ;     mV ;       ; 00:19:56
   1:47'24"75 ; DC    ;  66,630 ;     mV ;       ; 00:19:57
   1:47'25"14 ; DC    ;  66,630 ;     mV ;       ; 00:19:57
   1:47'25"54 ; DC    ;  66,640 ;     mV ;       ; 00:19:58
   1:47'25"91 ; DC    ;  66,630 ;     mV ;       ; 00:19:58
   1:47'26"33 ; DC    ;  66,640 ;     mV ;       ; 00:19:59
   1:47'26"82 ; DC    ;  66,610 ;     mV ;       ; 00:19:59
   1:47'27"18 ; DC    ;  66,580 ;     mV ;       ; 00:19:59
   1:47'27"55 ; DC    ;  66,590 ;     mV ;       ; 00:20:00
   1:47'27"90 ; DC    ;  66,580 ;     mV ;       ; 00:20:00
   1:47'28"25 ; DC    ;  66,580 ;     mV ;       ; 00:20:00
   1:47'28"77 ; DC    ;  66,590 ;     mV ;       ; 00:20:01
   1:47'29"20 ; DC    ;  66,600 ;     mV ;       ; 00:20:01
   1:47'29"59 ; DC    ;  66,560 ;     mV ;       ; 00:20:02
   1:47'30"03 ; DC    ;  66,570 ;     mV ;       ; 00:20:02
   1:47'30"44 ; DC    ;  66,580 ;     mV ;       ; 00:20:03
   1:47'30"87 ; DC    ;  66,550 ;     mV ;       ; 00:20:03
   1:47'31"33 ; DC    ;  66,580 ;     mV ;       ; 00:20:04
   1:47'31"73 ; DC    ;  66,590 ;     mV ;       ; 00:20:04
   1:47'32"12 ; DC    ;  66,570 ;     mV ;       ; 00:20:04
   1:47'32"46 ; DC    ;  66,560 ;     mV ;       ; 00:20:05
   1:47'32"79 ; DC    ;  66,550 ;     mV ;       ; 00:20:05
   1:47'33"12 ; DC    ;  66,590 ;     mV ;       ; 00:20:05
   1:47'33"44 ; DC    ;  66,580 ;     mV ;       ; 00:20:06
   1:47'33"77 ; DC    ;  66,600 ;     mV ;       ; 00:20:06
   1:47'34"10 ; DC    ;  66,590 ;     mV ;       ; 00:20:06
   1:47'34"43 ; DC    ;  66,600 ;     mV ;       ; 00:20:07
   1:47'34"77 ; DC    ;  66,610 ;     mV ;       ; 00:20:07
   1:47'35"13 ; DC    ;  66,610 ;     mV ;       ; 00:20:07
   1:47'35"51 ; DC    ;  66,590 ;     mV ;       ; 00:20:08
   1:47'35"89 ; DC    ;  66,620 ;     mV ;       ; 00:20:08
   1:47'36"24 ; DC    ;  66,590 ;     mV ;       ; 00:20:08
   1:47'36"63 ; DC    ;  66,610 ;     mV ;       ; 00:20:09
   1:47'37"02 ; DC    ;  66,650 ;     mV ;       ; 00:20:09
   1:47'37"42 ; DC    ;  66,630 ;     mV ;       ; 00:20:10
   1:47'37"76 ; DC    ;  66,650 ;     mV ;       ; 00:20:10
   1:47'38"10 ; DC    ;  66,680 ;     mV ;       ; 00:20:10
   1:47'38"43 ; DC    ;  66,690 ;     mV ;       ; 00:20:11
   1:47'38"76 ; DC    ;  66,660 ;     mV ;       ; 00:20:11
   1:47'39"07 ; DC    ;  66,690 ;     mV ;       ; 00:20:11
   1:47'39"40 ; DC    ;  66,670 ;     mV ;       ; 00:20:12
   1:47'39"75 ; DC    ;  66,710 ;     mV ;       ; 00:20:12
   1:47'40"17 ; DC    ;  66,650 ;     mV ;       ; 00:20:12
   1:47'40"53 ; DC    ;  66,680 ;     mV ;       ; 00:20:13
   1:47'40"90 ; DC    ;  66,660 ;     mV ;       ; 00:20:13
   1:47'41"26 ; DC    ;  66,640 ;     mV ;       ; 00:20:13
   1:47'41"66 ; DC    ;  66,660 ;     mV ;       ; 00:20:14
   1:47'42"05 ; DC    ;  66,680 ;     mV ;       ; 00:20:14
   1:47'42"38 ; DC    ;  66,700 ;     mV ;       ; 00:20:15
   1:47'42"72 ; DC    ;  66,660 ;     mV ;       ; 00:20:15
   1:47'43"04 ; DC    ;  66,680 ;     mV ;       ; 00:20:15
   1:47'43"37 ; DC    ;  66,630 ;     mV ;       ; 00:20:16
   1:47'43"73 ; DC    ;  66,650 ;     mV ;       ; 00:20:16
   1:47'44"07 ; DC    ;  66,610 ;     mV ;       ; 00:20:16
   1:47'44"41 ; DC    ;  66,630 ;     mV ;       ; 00:20:17
   1:47'44"75 ; DC    ;  66,630 ;     mV ;       ; 00:20:17
   1:47'45"17 ; DC    ;  66,610 ;     mV ;       ; 00:20:17
   1:47'45"53 ; DC    ;  66,620 ;     mV ;       ; 00:20:18
   1:47'45"90 ; DC    ;  66,610 ;     mV ;       ; 00:20:18
   1:47'46"27 ; DC    ;  66,620 ;     mV ;       ; 00:20:18
   1:47'46"61 ; DC    ;  66,630 ;     mV ;       ; 00:20:19
   1:47'46"96 ; DC    ;  66,640 ;     mV ;       ; 00:20:19
   1:47'47"27 ; DC    ;  66,620 ;     mV ;       ; 00:20:19
   1:47'47"61 ; DC    ;  66,640 ;     mV ;       ; 00:20:20
   1:47'47"95 ; DC    ;  66,600 ;     mV ;       ; 00:20:20
   1:47'48"28 ; DC    ;  66,620 ;     mV ;       ; 00:20:20
   1:47'48"61 ; DC    ;  66,590 ;     mV ;       ; 00:20:21
   1:47'48"93 ; DC    ;  66,560 ;     mV ;       ; 00:20:21
   1:47'49"26 ; DC    ;  66,590 ;     mV ;       ; 00:20:21
   1:47'49"60 ; DC    ;  66,570 ;     mV ;       ; 00:20:22
   1:47'49"99 ; DC    ;  66,590 ;     mV ;       ; 00:20:22
   1:47'50"37 ; DC    ;  66,560 ;     mV ;       ; 00:20:23
   1:47'50"74 ; DC    ;  66,570 ;     mV ;       ; 00:20:23
   1:47'51"11 ; DC    ;  66,580 ;     mV ;       ; 00:20:23
   1:47'51"47 ; DC    ;  66,570 ;     mV ;       ; 00:20:24
   1:47'51"80 ; DC    ;  66,590 ;     mV ;       ; 00:20:24
   1:47'52"12 ; DC    ;  66,570 ;     mV ;       ; 00:20:24
   1:47'52"45 ; DC    ;  66,600 ;     mV ;       ; 00:20:25
   1:47'52"77 ; DC    ;  66,600 ;     mV ;       ; 00:20:25
   1:47'53"10 ; DC    ;  66,580 ;     mV ;       ; 00:20:25
   1:47'53"43 ; DC    ;  66,580 ;     mV ;       ; 00:20:26
   1:47'53"76 ; DC    ;  66,590 ;     mV ;       ; 00:20:26
   1:47'54"09 ; DC    ;  66,590 ;     mV ;       ; 00:20:26
   1:47'54"43 ; DC    ;  66,620 ;     mV ;       ; 00:20:27
   1:47'54"81 ; DC    ;  66,570 ;     mV ;       ; 00:20:27
   1:47'55"18 ; DC    ;  66,610 ;     mV ;       ; 00:20:27
   1:47'55"54 ; DC    ;  66,590 ;     mV ;       ; 00:20:28
   1:47'55"90 ; DC    ;  66,600 ;     mV ;       ; 00:20:28
   1:47'56"25 ; DC    ;  66,600 ;     mV ;       ; 00:20:28
   1:47'56"60 ; DC    ;  66,610 ;     mV ;       ; 00:20:29
   1:47'56"94 ; DC    ;  66,590 ;     mV ;       ; 00:20:29
   1:47'57"28 ; DC    ;  66,650 ;     mV ;       ; 00:20:29
   1:47'57"62 ; DC    ;  66,610 ;     mV ;       ; 00:20:30
   1:47'57"95 ; DC    ;  66,610 ;     mV ;       ; 00:20:30
   1:47'58"27 ; DC    ;  66,600 ;     mV ;       ; 00:20:30
   1:47'58"62 ; DC    ;  66,600 ;     mV ;       ; 00:20:31
   1:47'58"98 ; DC    ;  66,560 ;     mV ;       ; 00:20:31
   1:47'59"47 ; DC    ;  66,610 ;     mV ;       ; 00:20:32
   1:47'59"85 ; DC    ;  66,610 ;     mV ;       ; 00:20:32
   1:48'00"20 ; DC    ;  66,600 ;     mV ;       ; 00:20:32
   1:48'00"58 ; DC    ;  66,610 ;     mV ;       ; 00:20:33
   1:48'00"93 ; DC    ;  66,610 ;     mV ;       ; 00:20:33
   1:48'01"30 ; DC    ;  66,620 ;     mV ;       ; 00:20:33
   1:48'01"63 ; DC    ;  66,590 ;     mV ;       ; 00:20:34
   1:48'01"99 ; DC    ;  66,600 ;     mV ;       ; 00:20:34
   1:48'02"32 ; DC    ;  66,590 ;     mV ;       ; 00:20:34
   1:48'02"68 ; DC    ;  66,600 ;     mV ;       ; 00:20:35
   1:48'03"00 ; DC    ;  66,560 ;     mV ;       ; 00:20:35
   1:48'03"38 ; DC    ;  66,570 ;     mV ;       ; 00:20:36
   1:48'03"73 ; DC    ;  66,580 ;     mV ;       ; 00:20:36
   1:48'04"06 ; DC    ;  66,590 ;     mV ;       ; 00:20:36
   1:48'04"45 ; DC    ;  66,590 ;     mV ;       ; 00:20:37
   1:48'04"84 ; DC    ;  66,600 ;     mV ;       ; 00:20:37
   1:48'05"18 ; DC    ;  66,620 ;     mV ;       ; 00:20:37
   1:48'05"54 ; DC    ;  66,590 ;     mV ;       ; 00:20:38
   1:48'05"92 ; DC    ;  66,580 ;     mV ;       ; 00:20:38
   1:48'06"26 ; DC    ;  66,590 ;     mV ;       ; 00:20:38
   1:48'06"60 ; DC    ;  66,590 ;     mV ;       ; 00:20:39
   1:48'06"94 ; DC    ;  66,600 ;     mV ;       ; 00:20:39
   1:48'07"28 ; DC    ;  66,620 ;     mV ;       ; 00:20:39
   1:48'07"60 ; DC    ;  66,600 ;     mV ;       ; 00:20:40
   1:48'07"93 ; DC    ;  66,650 ;     mV ;       ; 00:20:40
   1:48'08"25 ; DC    ;  66,610 ;     mV ;       ; 00:20:40
   1:48'08"58 ; DC    ;  66,630 ;     mV ;       ; 00:20:41
   1:48'08"92 ; DC    ;  66,600 ;     mV ;       ; 00:20:41
   1:48'09"30 ; DC    ;  66,610 ;     mV ;       ; 00:20:41
   1:48'09"64 ; DC    ;  66,610 ;     mV ;       ; 00:20:42
   1:48'09"98 ; DC    ;  66,630 ;     mV ;       ; 00:20:42
   1:48'10"33 ; DC    ;  66,600 ;     mV ;       ; 00:20:42
   1:48'10"68 ; DC    ;  66,640 ;     mV ;       ; 00:20:43
   1:48'11"04 ; DC    ;  66,590 ;     mV ;       ; 00:20:43
   1:48'11"30 ; DC    ;  66,630 ;     mV ;       ; 00:20:43
   1:48'11"58 ; DC    ;  66,600 ;     mV ;       ; 00:20:44
   1:48'11"86 ; DC    ;  66,600 ;     mV ;       ; 00:20:44
   1:48'12"14 ; DC    ;  66,610 ;     mV ;       ; 00:20:44
   1:48'12"44 ; DC    ;  66,620 ;     mV ;       ; 00:20:45
   1:48'12"91 ; DC    ;  66,600 ;     mV ;       ; 00:20:45
   1:48'13"18 ; DC    ;  66,610 ;     mV ;       ; 00:20:45
   1:48'13"44 ; DC    ;  66,610 ;     mV ;       ; 00:20:46
   1:48'13"75 ; DC    ;  66,600 ;     mV ;       ; 00:20:46
   1:48'14"04 ; DC    ;  66,600 ;     mV ;       ; 00:20:46
   1:48'14"33 ; DC    ;  66,600 ;     mV ;       ; 00:20:46
   1:48'14"61 ; DC    ;  66,620 ;     mV ;       ; 00:20:47
   1:48'14"89 ; DC    ;  66,620 ;     mV ;       ; 00:20:47
   1:48'15"18 ; DC    ;  66,640 ;     mV ;       ; 00:20:47
   1:48'15"47 ; DC    ;  66,600 ;     mV ;       ; 00:20:48
   1:48'15"77 ; DC    ;  66,610 ;     mV ;       ; 00:20:48
   1:48'16"04 ; DC    ;  66,580 ;     mV ;       ; 00:20:48
   1:48'16"32 ; DC    ;  66,610 ;     mV ;       ; 00:20:48
   1:48'16"60 ; DC    ;  66,580 ;     mV ;       ; 00:20:49
   1:48'16"93 ; DC    ;  66,600 ;     mV ;       ; 00:20:49
   1:48'17"22 ; DC    ;  66,560 ;     mV ;       ; 00:20:49
   1:48'17"51 ; DC    ;  66,580 ;     mV ;       ; 00:20:50
   1:48'17"81 ; DC    ;  66,570 ;     mV ;       ; 00:20:50
   1:48'18"10 ; DC    ;  66,570 ;     mV ;       ; 00:20:50
   1:48'18"44 ; DC    ;  66,580 ;     mV ;       ; 00:20:51
   1:48'18"82 ; DC    ;  66,570 ;     mV ;       ; 00:20:51
   1:48'19"12 ; DC    ;  66,550 ;     mV ;       ; 00:20:51
   1:48'19"41 ; DC    ;  66,570 ;     mV ;       ; 00:20:52
   1:48'19"72 ; DC    ;  66,550 ;     mV ;       ; 00:20:52
   1:48'20"00 ; DC    ;  66,560 ;     mV ;       ; 00:20:52
   1:48'20"31 ; DC    ;  66,550 ;     mV ;       ; 00:20:52
   1:48'20"61 ; DC    ;  66,520 ;     mV ;       ; 00:20:53
   1:48'20"93 ; DC    ;  66,530 ;     mV ;       ; 00:20:53
   1:48'21"21 ; DC    ;  66,520 ;     mV ;       ; 00:20:53
   1:48'21"49 ; DC    ;  66,550 ;     mV ;       ; 00:20:54
   1:48'21"77 ; DC    ;  66,530 ;     mV ;       ; 00:20:54
   1:48'22"07 ; DC    ;  66,570 ;     mV ;       ; 00:20:54
   1:48'22"39 ; DC    ;  66,550 ;     mV ;       ; 00:20:55
   1:48'22"72 ; DC    ;  66,580 ;     mV ;       ; 00:20:55
   1:48'23"01 ; DC    ;  66,540 ;     mV ;       ; 00:20:55
   1:48'23"34 ; DC    ;  66,570 ;     mV ;       ; 00:20:56
   1:48'23"66 ; DC    ;  66,550 ;     mV ;       ; 00:20:56
   1:48'23"97 ; DC    ;  66,560 ;     mV ;       ; 00:20:56
   1:48'24"28 ; DC    ;  66,530 ;     mV ;       ; 00:20:56
   1:48'24"61 ; DC    ;  66,540 ;     mV ;       ; 00:20:57
   1:48'24"94 ; DC    ;  66,530 ;     mV ;       ; 00:20:57
   1:48'25"23 ; DC    ;  66,550 ;     mV ;       ; 00:20:57
   1:48'25"63 ; DC    ;  66,550 ;     mV ;       ; 00:20:58
   1:48'25"92 ; DC    ;  66,580 ;     mV ;       ; 00:20:58
   1:48'26"20 ; DC    ;  66,540 ;     mV ;       ; 00:20:58
   1:48'26"50 ; DC    ;  66,570 ;     mV ;       ; 00:20:59
   1:48'26"80 ; DC    ;  66,560 ;     mV ;       ; 00:20:59
   1:48'27"08 ; DC    ;  66,580 ;     mV ;       ; 00:20:59
   1:48'27"35 ; DC    ;  66,580 ;     mV ;       ; 00:21:00
   1:48'27"66 ; DC    ;  66,540 ;     mV ;       ; 00:21:00
   1:48'27"97 ; DC    ;  66,550 ;     mV ;       ; 00:21:00
   1:48'28"30 ; DC    ;  66,540 ;     mV ;       ; 00:21:00
   1:48'28"61 ; DC    ;  66,560 ;     mV ;       ; 00:21:01
   1:48'28"93 ; DC    ;  66,590 ;     mV ;       ; 00:21:01
   1:48'29"24 ; DC    ;  66,620 ;     mV ;       ; 00:21:01
   1:48'29"54 ; DC    ;  66,630 ;     mV ;       ; 00:21:02
   1:48'29"86 ; DC    ;  66,610 ;     mV ;       ; 00:21:02
   1:48'30"15 ; DC    ;  66,630 ;     mV ;       ; 00:21:02
   1:48'30"43 ; DC    ;  66,590 ;     mV ;       ; 00:21:03
   1:48'30"71 ; DC    ;  66,640 ;     mV ;       ; 00:21:03
   1:48'30"99 ; DC    ;  66,610 ;     mV ;       ; 00:21:03
   1:48'31"27 ; DC    ;  66,630 ;     mV ;       ; 00:21:03
   1:48'31"55 ; DC    ;  66,610 ;     mV ;       ; 00:21:04
   1:48'31"82 ; DC    ;  66,650 ;     mV ;       ; 00:21:04
   1:48'32"10 ; DC    ;  66,650 ;     mV ;       ; 00:21:04
   1:48'32"38 ; DC    ;  66,640 ;     mV ;       ; 00:21:05
   1:48'32"67 ; DC    ;  66,640 ;     mV ;       ; 00:21:05
   1:48'32"97 ; DC    ;  66,650 ;     mV ;       ; 00:21:05
   1:48'33"30 ; DC    ;  66,610 ;     mV ;       ; 00:21:05
   1:48'33"60 ; DC    ;  66,640 ;     mV ;       ; 00:21:06
   1:48'33"92 ; DC    ;  66,610 ;     mV ;       ; 00:21:06
   1:48'34"23 ; DC    ;  66,610 ;     mV ;       ; 00:21:06
   1:48'34"55 ; DC    ;  66,610 ;     mV ;       ; 00:21:07
   1:48'34"86 ; DC    ;  66,610 ;     mV ;       ; 00:21:07
   1:48'35"16 ; DC    ;  66,620 ;     mV ;       ; 00:21:07
   1:48'35"45 ; DC    ;  66,650 ;     mV ;       ; 00:21:08
   1:48'35"73 ; DC    ;  66,620 ;     mV ;       ; 00:21:08
   1:48'36"01 ; DC    ;  66,640 ;     mV ;       ; 00:21:08
   1:48'36"30 ; DC    ;  66,630 ;     mV ;       ; 00:21:08
   1:48'36"58 ; DC    ;  66,630 ;     mV ;       ; 00:21:09
   1:48'36"86 ; DC    ;  66,610 ;     mV ;       ; 00:21:09
   1:48'37"16 ; DC    ;  66,610 ;     mV ;       ; 00:21:09
   1:48'37"45 ; DC    ;  66,640 ;     mV ;       ; 00:21:10
   1:48'37"75 ; DC    ;  66,630 ;     mV ;       ; 00:21:10
   1:48'38"13 ; DC    ;  66,620 ;     mV ;       ; 00:21:10
   1:48'38"49 ; DC    ;  66,590 ;     mV ;       ; 00:21:11
   1:48'38"81 ; DC    ;  66,590 ;     mV ;       ; 00:21:11
   1:48'39"10 ; DC    ;  66,590 ;     mV ;       ; 00:21:11
   1:48'39"41 ; DC    ;  66,610 ;     mV ;       ; 00:21:12
   1:48'39"71 ; DC    ;  66,570 ;     mV ;       ; 00:21:12
   1:48'40"02 ; DC    ;  66,620 ;     mV ;       ; 00:21:12
   1:48'40"30 ; DC    ;  66,580 ;     mV ;       ; 00:21:12
   1:48'40"60 ; DC    ;  66,590 ;     mV ;       ; 00:21:13
   1:48'40"89 ; DC    ;  66,580 ;     mV ;       ; 00:21:13
   1:48'41"19 ; DC    ;  66,580 ;     mV ;       ; 00:21:13
   1:48'41"47 ; DC    ;  66,580 ;     mV ;       ; 00:21:14
   1:48'41"94 ; DC    ;  66,590 ;     mV ;       ; 00:21:14
   1:48'42"21 ; DC    ;  66,630 ;     mV ;       ; 00:21:14
   1:48'42"49 ; DC    ;  66,590 ;     mV ;       ; 00:21:15
   1:48'42"75 ; DC    ;  66,630 ;     mV ;       ; 00:21:15
   1:48'43"03 ; DC    ;  66,600 ;     mV ;       ; 00:21:15
   1:48'43"29 ; DC    ;  66,620 ;     mV ;       ; 00:21:15
   1:48'43"56 ; DC    ;  66,570 ;     mV ;       ; 00:21:16
   1:48'43"83 ; DC    ;  66,590 ;     mV ;       ; 00:21:16
   1:48'44"11 ; DC    ;  66,570 ;     mV ;       ; 00:21:16
   1:48'44"39 ; DC    ;  66,610 ;     mV ;       ; 00:21:17
   1:48'44"66 ; DC    ;  66,610 ;     mV ;       ; 00:21:17
   1:48'44"96 ; DC    ;  66,590 ;     mV ;       ; 00:21:17
   1:48'45"24 ; DC    ;  66,620 ;     mV ;       ; 00:21:17
   1:48'45"56 ; DC    ;  66,610 ;     mV ;       ; 00:21:18
   1:48'45"82 ; DC    ;  66,630 ;     mV ;       ; 00:21:18
   1:48'46"09 ; DC    ;  66,640 ;     mV ;       ; 00:21:18
   1:48'46"37 ; DC    ;  66,630 ;     mV ;       ; 00:21:19
   1:48'46"63 ; DC    ;  66,640 ;     mV ;       ; 00:21:19
   1:48'46"90 ; DC    ;  66,620 ;     mV ;       ; 00:21:19
   1:48'47"16 ; DC    ;  66,630 ;     mV ;       ; 00:21:19
   1:48'47"43 ; DC    ;  66,610 ;     mV ;       ; 00:21:20
   1:48'47"73 ; DC    ;  66,620 ;     mV ;       ; 00:21:20
   1:48'48"04 ; DC    ;  66,620 ;     mV ;       ; 00:21:20
   1:48'48"32 ; DC    ;  66,620 ;     mV ;       ; 00:21:20
   1:48'48"60 ; DC    ;  66,630 ;     mV ;       ; 00:21:21
   1:48'48"95 ; DC    ;  66,630 ;     mV ;       ; 00:21:21
   1:48'49"26 ; DC    ;  66,610 ;     mV ;       ; 00:21:21
   1:48'49"54 ; DC    ;  66,630 ;     mV ;       ; 00:21:22
   1:48'49"81 ; DC    ;  66,600 ;     mV ;       ; 00:21:22
   1:48'50"09 ; DC    ;  66,630 ;     mV ;       ; 00:21:22
   1:48'50"38 ; DC    ;  66,630 ;     mV ;       ; 00:21:23
   1:48'50"66 ; DC    ;  66,630 ;     mV ;       ; 00:21:23
   1:48'50"92 ; DC    ;  66,630 ;     mV ;       ; 00:21:23
   1:48'51"21 ; DC    ;  66,600 ;     mV ;       ; 00:21:23
   1:48'51"49 ; DC    ;  66,630 ;     mV ;       ; 00:21:24
   1:48'51"77 ; DC    ;  66,600 ;     mV ;       ; 00:21:24
   1:48'52"05 ; DC    ;  66,620 ;     mV ;       ; 00:21:24
   1:48'52"35 ; DC    ;  66,590 ;     mV ;       ; 00:21:25
   1:48'52"66 ; DC    ;  66,610 ;     mV ;       ; 00:21:25
   1:48'52"95 ; DC    ;  66,580 ;     mV ;       ; 00:21:25
   1:48'53"24 ; DC    ;  66,600 ;     mV ;       ; 00:21:25
   1:48'53"52 ; DC    ;  66,560 ;     mV ;       ; 00:21:26
   1:48'53"81 ; DC    ;  66,580 ;     mV ;       ; 00:21:26
   1:48'54"11 ; DC    ;  66,620 ;     mV ;       ; 00:21:26
   1:48'54"40 ; DC    ;  66,580 ;     mV ;       ; 00:21:27
   1:48'54"68 ; DC    ;  66,600 ;     mV ;       ; 00:21:27
   1:48'54"95 ; DC    ;  66,570 ;     mV ;       ; 00:21:27
   1:48'55"22 ; DC    ;  66,610 ;     mV ;       ; 00:21:27
   1:48'55"54 ; DC    ;  66,580 ;     mV ;       ; 00:21:28
   1:48'55"83 ; DC    ;  66,600 ;     mV ;       ; 00:21:28
   1:48'56"11 ; DC    ;  66,590 ;     mV ;       ; 00:21:28
   1:48'56"65 ; DC    ;  66,600 ;     mV ;       ; 00:21:29
   1:48'56"93 ; DC    ;  66,610 ;     mV ;       ; 00:21:29
   1:48'57"22 ; DC    ;  66,590 ;     mV ;       ; 00:21:29
   1:48'57"68 ; DC    ;  66,600 ;     mV ;       ; 00:21:30
   1:48'57"96 ; DC    ;  66,590 ;     mV ;       ; 00:21:30
   1:48'58"25 ; DC    ;  66,600 ;     mV ;       ; 00:21:30
   1:48'58"54 ; DC    ;  66,570 ;     mV ;       ; 00:21:31
   1:48'58"87 ; DC    ;  66,600 ;     mV ;       ; 00:21:31
   1:48'59"15 ; DC    ;  66,570 ;     mV ;       ; 00:21:31
   1:48'59"41 ; DC    ;  66,620 ;     mV ;       ; 00:21:32
   1:48'59"68 ; DC    ;  66,620 ;     mV ;       ; 00:21:32
   1:48'59"95 ; DC    ;  66,600 ;     mV ;       ; 00:21:32
   1:49'00"25 ; DC    ;  66,600 ;     mV ;       ; 00:21:32
   1:49'00"52 ; DC    ;  66,610 ;     mV ;       ; 00:21:33
   1:49'00"78 ; DC    ;  66,590 ;     mV ;       ; 00:21:33
   1:49'01"04 ; DC    ;  66,610 ;     mV ;       ; 00:21:33
   1:49'01"30 ; DC    ;  66,610 ;     mV ;       ; 00:21:33
   1:49'01"57 ; DC    ;  66,620 ;     mV ;       ; 00:21:34
   1:49'01"83 ; DC    ;  66,600 ;     mV ;       ; 00:21:34
   1:49'02"11 ; DC    ;  66,620 ;     mV ;       ; 00:21:34
   1:49'02"41 ; DC    ;  66,610 ;     mV ;       ; 00:21:35
   1:49'02"69 ; DC    ;  66,620 ;     mV ;       ; 00:21:35
   1:49'02"97 ; DC    ;  66,620 ;     mV ;       ; 00:21:35
   1:49'03"27 ; DC    ;  66,630 ;     mV ;       ; 00:21:35
   1:49'03"57 ; DC    ;  66,630 ;     mV ;       ; 00:21:36
   1:49'03"85 ; DC    ;  66,610 ;     mV ;       ; 00:21:36
   1:49'04"14 ; DC    ;  66,610 ;     mV ;       ; 00:21:36
   1:49'04"42 ; DC    ;  66,620 ;     mV ;       ; 00:21:37
   1:49'04"71 ; DC    ;  66,590 ;     mV ;       ; 00:21:37
   1:49'04"97 ; DC    ;  66,610 ;     mV ;       ; 00:21:37
   1:49'05"24 ; DC    ;  66,600 ;     mV ;       ; 00:21:37
   1:49'05"50 ; DC    ;  66,620 ;     mV ;       ; 00:21:38
   1:49'05"78 ; DC    ;  66,610 ;     mV ;       ; 00:21:38
   1:49'06"07 ; DC    ;  66,620 ;     mV ;       ; 00:21:38
   1:49'06"35 ; DC    ;  66,620 ;     mV ;       ; 00:21:39
   1:49'06"62 ; DC    ;  66,610 ;     mV ;       ; 00:21:39
   1:49'06"92 ; DC    ;  66,630 ;     mV ;       ; 00:21:39
   1:49'07"22 ; DC    ;  66,610 ;     mV ;       ; 00:21:39
   1:49'07"54 ; DC    ;  66,610 ;     mV ;       ; 00:21:40
   1:49'07"82 ; DC    ;  66,620 ;     mV ;       ; 00:21:40
   1:49'08"11 ; DC    ;  66,620 ;     mV ;       ; 00:21:40
   1:49'08"40 ; DC    ;  66,620 ;     mV ;       ; 00:21:41
   1:49'08"69 ; DC    ;  66,620 ;     mV ;       ; 00:21:41
   1:49'08"99 ; DC    ;  66,620 ;     mV ;       ; 00:21:41
   1:49'09"27 ; DC    ;  66,590 ;     mV ;       ; 00:21:41
   1:49'09"54 ; DC    ;  66,570 ;     mV ;       ; 00:21:42
   1:49'09"81 ; DC    ;  66,570 ;     mV ;       ; 00:21:42
   1:49'10"07 ; DC    ;  66,590 ;     mV ;       ; 00:21:42
   1:49'10"35 ; DC    ;  66,590 ;     mV ;       ; 00:21:43
   1:49'10"61 ; DC    ;  66,550 ;     mV ;       ; 00:21:43
   1:49'10"89 ; DC    ;  66,580 ;     mV ;       ; 00:21:43
   1:49'11"17 ; DC    ;  66,570 ;     mV ;       ; 00:21:43
   1:49'11"43 ; DC    ;  66,620 ;     mV ;       ; 00:21:44
   1:49'11"73 ; DC    ;  66,590 ;     mV ;       ; 00:21:44
   1:49'12"02 ; DC    ;  66,590 ;     mV ;       ; 00:21:44
   1:49'12"34 ; DC    ;  66,610 ;     mV ;       ; 00:21:45
   1:49'12"63 ; DC    ;  66,630 ;     mV ;       ; 00:21:45
   1:49'12"93 ; DC    ;  66,610 ;     mV ;       ; 00:21:45
   1:49'13"21 ; DC    ;  66,610 ;     mV ;       ; 00:21:45
   1:49'13"50 ; DC    ;  66,610 ;     mV ;       ; 00:21:46
   1:49'13"80 ; DC    ;  66,610 ;     mV ;       ; 00:21:46
   1:49'14"07 ; DC    ;  66,630 ;     mV ;       ; 00:21:46
   1:49'14"35 ; DC    ;  66,630 ;     mV ;       ; 00:21:47
   1:49'14"63 ; DC    ;  66,600 ;     mV ;       ; 00:21:47
   1:49'14"91 ; DC    ;  66,620 ;     mV ;       ; 00:21:47
   1:49'15"17 ; DC    ;  66,590 ;     mV ;       ; 00:21:47
   1:49'15"47 ; DC    ;  66,640 ;     mV ;       ; 00:21:48
   1:49'15"73 ; DC    ;  66,640 ;     mV ;       ; 00:21:48
   1:49'16"01 ; DC    ;  66,660 ;     mV ;       ; 00:21:48
   1:49'16"28 ; DC    ;  66,630 ;     mV ;       ; 00:21:48
   1:49'16"54 ; DC    ;  66,650 ;     mV ;       ; 00:21:49
   1:49'16"80 ; DC    ;  66,620 ;     mV ;       ; 00:21:49
   1:49'17"08 ; DC    ;  66,620 ;     mV ;       ; 00:21:49
   1:49'17"37 ; DC    ;  66,610 ;     mV ;       ; 00:21:50
   1:49'17"67 ; DC    ;  66,610 ;     mV ;       ; 00:21:50
   1:49'17"94 ; DC    ;  66,630 ;     mV ;       ; 00:21:50
   1:49'18"23 ; DC    ;  66,610 ;     mV ;       ; 00:21:50
   1:49'18"52 ; DC    ;  66,630 ;     mV ;       ; 00:21:51
   1:49'18"82 ; DC    ;  66,600 ;     mV ;       ; 00:21:51
   1:49'19"14 ; DC    ;  66,620 ;     mV ;       ; 00:21:51
   1:49'19"42 ; DC    ;  66,600 ;     mV ;       ; 00:21:52
   1:49'19"69 ; DC    ;  66,630 ;     mV ;       ; 00:21:52
   1:49'19"97 ; DC    ;  66,610 ;     mV ;       ; 00:21:52
   1:49'20"25 ; DC    ;  66,610 ;     mV ;       ; 00:21:52
   1:49'20"53 ; DC    ;  66,610 ;     mV ;       ; 00:21:53
   1:49'20"79 ; DC    ;  66,620 ;     mV ;       ; 00:21:53
   1:49'21"06 ; DC    ;  66,610 ;     mV ;       ; 00:21:53
   1:49'21"34 ; DC    ;  66,580 ;     mV ;       ; 00:21:54
   1:49'21"63 ; DC    ;  66,600 ;     mV ;       ; 00:21:54
   1:49'21"92 ; DC    ;  66,560 ;     mV ;       ; 00:21:54
   1:49'22"18 ; DC    ;  66,580 ;     mV ;       ; 00:21:54
   1:49'22"46 ; DC    ;  66,580 ;     mV ;       ; 00:21:55
   1:49'22"74 ; DC    ;  66,570 ;     mV ;       ; 00:21:55
   1:49'23"01 ; DC    ;  66,560 ;     mV ;       ; 00:21:55
   1:49'23"28 ; DC    ;  66,570 ;     mV ;       ; 00:21:55
   1:49'23"58 ; DC    ;  66,590 ;     mV ;       ; 00:21:56
   1:49'23"87 ; DC    ;  66,570 ;     mV ;       ; 00:21:56
   1:49'24"16 ; DC    ;  66,580 ;     mV ;       ; 00:21:56
   1:49'24"44 ; DC    ;  66,560 ;     mV ;       ; 00:21:57
   1:49'24"71 ; DC    ;  66,580 ;     mV ;       ; 00:21:57
   1:49'24"98 ; DC    ;  66,580 ;     mV ;       ; 00:21:57
   1:49'25"26 ; DC    ;  66,570 ;     mV ;       ; 00:21:57
   1:49'25"53 ; DC    ;  66,600 ;     mV ;       ; 00:21:58
   1:49'25"79 ; DC    ;  66,570 ;     mV ;       ; 00:21:58
   1:49'26"07 ; DC    ;  66,570 ;     mV ;       ; 00:21:58
   1:49'26"33 ; DC    ;  66,600 ;     mV ;       ; 00:21:59
   1:49'26"60 ; DC    ;  66,570 ;     mV ;       ; 00:21:59
   1:49'26"88 ; DC    ;  66,580 ;     mV ;       ; 00:21:59
   1:49'27"16 ; DC    ;  66,580 ;     mV ;       ; 00:21:59
   1:49'27"47 ; DC    ;  66,550 ;     mV ;       ; 00:22:00
   1:49'27"78 ; DC    ;  66,580 ;     mV ;       ; 00:22:00
   1:49'28"07 ; DC    ;  66,580 ;     mV ;       ; 00:22:00
   1:49'28"39 ; DC    ;  66,620 ;     mV ;       ; 00:22:01
   1:49'28"68 ; DC    ;  66,620 ;     mV ;       ; 00:22:01
   1:49'28"99 ; DC    ;  66,650 ;     mV ;       ; 00:22:01
   1:49'29"29 ; DC    ;  66,640 ;     mV ;       ; 00:22:01
   1:49'29"55 ; DC    ;  66,600 ;     mV ;       ; 00:22:02
   1:49'29"83 ; DC    ;  66,640 ;     mV ;       ; 00:22:02
   1:49'30"10 ; DC    ;  66,630 ;     mV ;       ; 00:22:02
   1:49'30"38 ; DC    ;  66,660 ;     mV ;       ; 00:22:03
   1:49'30"65 ; DC    ;  66,610 ;     mV ;       ; 00:22:03
   1:49'30"93 ; DC    ;  66,640 ;     mV ;       ; 00:22:03
   1:49'31"19 ; DC    ;  66,590 ;     mV ;       ; 00:22:03
   1:49'31"46 ; DC    ;  66,590 ;     mV ;       ; 00:22:04
   1:49'31"72 ; DC    ;  66,590 ;     mV ;       ; 00:22:04
   1:49'32"00 ; DC    ;  66,580 ;     mV ;       ; 00:22:04
   1:49'32"28 ; DC    ;  66,580 ;     mV ;       ; 00:22:04
   1:49'32"58 ; DC    ;  66,590 ;     mV ;       ; 00:22:05
   1:49'32"86 ; DC    ;  66,570 ;     mV ;       ; 00:22:05
   1:49'33"14 ; DC    ;  66,600 ;     mV ;       ; 00:22:05
   1:49'33"44 ; DC    ;  66,590 ;     mV ;       ; 00:22:06
   1:49'33"73 ; DC    ;  66,590 ;     mV ;       ; 00:22:06
   1:49'34"02 ; DC    ;  66,590 ;     mV ;       ; 00:22:06
   1:49'34"30 ; DC    ;  66,600 ;     mV ;       ; 00:22:06
   1:49'34"58 ; DC    ;  66,600 ;     mV ;       ; 00:22:07
   1:49'34"86 ; DC    ;  66,600 ;     mV ;       ; 00:22:07
   1:49'35"13 ; DC    ;  66,590 ;     mV ;       ; 00:22:07
   1:49'35"40 ; DC    ;  66,570 ;     mV ;       ; 00:22:08
   1:49'35"67 ; DC    ;  66,570 ;     mV ;       ; 00:22:08
   1:49'35"93 ; DC    ;  66,570 ;     mV ;       ; 00:22:08
   1:49'36"20 ; DC    ;  66,570 ;     mV ;       ; 00:22:08
   1:49'36"48 ; DC    ;  66,610 ;     mV ;       ; 00:22:09
   1:49'36"76 ; DC    ;  66,590 ;     mV ;       ; 00:22:09
   1:49'37"02 ; DC    ;  66,620 ;     mV ;       ; 00:22:09
   1:49'37"29 ; DC    ;  66,590 ;     mV ;       ; 00:22:09
   1:49'37"59 ; DC    ;  66,600 ;     mV ;       ; 00:22:10
   1:49'37"87 ; DC    ;  66,620 ;     mV ;       ; 00:22:10
   1:49'38"15 ; DC    ;  66,580 ;     mV ;       ; 00:22:10
   1:49'38"44 ; DC    ;  66,610 ;     mV ;       ; 00:22:11
   1:49'38"75 ; DC    ;  66,590 ;     mV ;       ; 00:22:11
   1:49'39"03 ; DC    ;  66,620 ;     mV ;       ; 00:22:11
   1:49'39"34 ; DC    ;  66,590 ;     mV ;       ; 00:22:12
   1:49'39"62 ; DC    ;  66,590 ;     mV ;       ; 00:22:12
   1:49'39"88 ; DC    ;  66,570 ;     mV ;       ; 00:22:12
   1:49'40"16 ; DC    ;  66,570 ;     mV ;       ; 00:22:12
   1:49'40"43 ; DC    ;  66,590 ;     mV ;       ; 00:22:13
   1:49'40"69 ; DC    ;  66,560 ;     mV ;       ; 00:22:13
   1:49'40"98 ; DC    ;  66,580 ;     mV ;       ; 00:22:13
   1:49'41"26 ; DC    ;  66,570 ;     mV ;       ; 00:22:13
   1:49'41"56 ; DC    ;  66,550 ;     mV ;       ; 00:22:14
   1:49'41"84 ; DC    ;  66,570 ;     mV ;       ; 00:22:14
   1:49'42"10 ; DC    ;  66,570 ;     mV ;       ; 00:22:14
   1:49'42"38 ; DC    ;  66,580 ;     mV ;       ; 00:22:15
   1:49'42"68 ; DC    ;  66,560 ;     mV ;       ; 00:22:15
   1:49'42"99 ; DC    ;  66,590 ;     mV ;       ; 00:22:15
   1:49'43"29 ; DC    ;  66,570 ;     mV ;       ; 00:22:15
   1:49'43"59 ; DC    ;  66,620 ;     mV ;       ; 00:22:16
   1:49'43"89 ; DC    ;  66,580 ;     mV ;       ; 00:22:16
   1:49'44"19 ; DC    ;  66,610 ;     mV ;       ; 00:22:16
   1:49'44"49 ; DC    ;  66,570 ;     mV ;       ; 00:22:17
   1:49'44"76 ; DC    ;  66,590 ;     mV ;       ; 00:22:17
   1:49'45"04 ; DC    ;  66,570 ;     mV ;       ; 00:22:17
   1:49'45"31 ; DC    ;  66,570 ;     mV ;       ; 00:22:17
   1:49'45"59 ; DC    ;  66,570 ;     mV ;       ; 00:22:18
   1:49'45"89 ; DC    ;  66,580 ;     mV ;       ; 00:22:18
   1:49'46"17 ; DC    ;  66,580 ;     mV ;       ; 00:22:18
   1:49'46"49 ; DC    ;  66,560 ;     mV ;       ; 00:22:19
   1:49'46"77 ; DC    ;  66,560 ;     mV ;       ; 00:22:19
   1:49'47"03 ; DC    ;  66,560 ;     mV ;       ; 00:22:19
   1:49'47"31 ; DC    ;  66,550 ;     mV ;       ; 00:22:19
   1:49'47"61 ; DC    ;  66,560 ;     mV ;       ; 00:22:20
   1:49'47"90 ; DC    ;  66,560 ;     mV ;       ; 00:22:20
   1:49'48"17 ; DC    ;  66,560 ;     mV ;       ; 00:22:20
   1:49'48"45 ; DC    ;  66,550 ;     mV ;       ; 00:22:21
   1:49'48"74 ; DC    ;  66,580 ;     mV ;       ; 00:22:21
   1:49'49"02 ; DC    ;  66,560 ;     mV ;       ; 00:22:21
   1:49'49"29 ; DC    ;  66,580 ;     mV ;       ; 00:22:21
   1:49'49"59 ; DC    ;  66,550 ;     mV ;       ; 00:22:22
   1:49'49"89 ; DC    ;  66,580 ;     mV ;       ; 00:22:22
   1:49'50"19 ; DC    ;  66,540 ;     mV ;       ; 00:22:22
   1:49'50"50 ; DC    ;  66,550 ;     mV ;       ; 00:22:23
   1:49'50"80 ; DC    ;  66,520 ;     mV ;       ; 00:22:23
   1:49'51"08 ; DC    ;  66,580 ;     mV ;       ; 00:22:23
   1:49'51"36 ; DC    ;  66,540 ;     mV ;       ; 00:22:24
   1:49'51"64 ; DC    ;  66,570 ;     mV ;       ; 00:22:24
   1:49'51"92 ; DC    ;  66,560 ;     mV ;       ; 00:22:24
   1:49'52"18 ; DC    ;  66,580 ;     mV ;       ; 00:22:24
   1:49'52"45 ; DC    ;  66,580 ;     mV ;       ; 00:22:25
   1:49'52"77 ; DC    ;  66,570 ;     mV ;       ; 00:22:25
   1:49'53"05 ; DC    ;  66,590 ;     mV ;       ; 00:22:25
   1:49'53"35 ; DC    ;  66,560 ;     mV ;       ; 00:22:26
   1:49'53"64 ; DC    ;  66,570 ;     mV ;       ; 00:22:26
   1:49'54"07 ; DC    ;  66,570 ;     mV ;       ; 00:22:26
   1:49'54"36 ; DC    ;  66,570 ;     mV ;       ; 00:22:27
   1:49'54"65 ; DC    ;  66,530 ;     mV ;       ; 00:22:27
   1:49'54"95 ; DC    ;  66,570 ;     mV ;       ; 00:22:27
   1:49'55"25 ; DC    ;  66,530 ;     mV ;       ; 00:22:27
   1:49'55"55 ; DC    ;  66,560 ;     mV ;       ; 00:22:28
   1:49'55"83 ; DC    ;  66,540 ;     mV ;       ; 00:22:28
   1:49'56"13 ; DC    ;  66,530 ;     mV ;       ; 00:22:28
   1:49'56"43 ; DC    ;  66,550 ;     mV ;       ; 00:22:29
   1:49'56"71 ; DC    ;  66,520 ;     mV ;       ; 00:22:29
   1:49'56"99 ; DC    ;  66,540 ;     mV ;       ; 00:22:29
   1:49'57"29 ; DC    ;  66,540 ;     mV ;       ; 00:22:29
   1:49'57"61 ; DC    ;  66,530 ;     mV ;       ; 00:22:30
   1:49'57"93 ; DC    ;  66,540 ;     mV ;       ; 00:22:30
   1:49'58"22 ; DC    ;  66,540 ;     mV ;       ; 00:22:30
   1:49'58"54 ; DC    ;  66,540 ;     mV ;       ; 00:22:31
   1:49'58"86 ; DC    ;  66,520 ;     mV ;       ; 00:22:31
   1:49'59"20 ; DC    ;  66,530 ;     mV ;       ; 00:22:31
   1:49'59"52 ; DC    ;  66,510 ;     mV ;       ; 00:22:32
   1:49'59"83 ; DC    ;  66,550 ;     mV ;       ; 00:22:32
   1:50'00"14 ; DC    ;  66,520 ;     mV ;       ; 00:22:32
   1:50'00"43 ; DC    ;  66,520 ;     mV ;       ; 00:22:33
   1:50'00"71 ; DC    ;  66,530 ;     mV ;       ; 00:22:33
   1:50'00"99 ; DC    ;  66,510 ;     mV ;       ; 00:22:33
   1:50'01"29 ; DC    ;  66,540 ;     mV ;       ; 00:22:33
   1:50'01"58 ; DC    ;  66,540 ;     mV ;       ; 00:22:34
   1:50'01"88 ; DC    ;  66,530 ;     mV ;       ; 00:22:34
   1:50'02"17 ; DC    ;  66,510 ;     mV ;       ; 00:22:34
   1:50'02"47 ; DC    ;  66,540 ;     mV ;       ; 00:22:35
   1:50'02"76 ; DC    ;  66,530 ;     mV ;       ; 00:22:35
   1:50'03"08 ; DC    ;  66,540 ;     mV ;       ; 00:22:35
   1:50'03"38 ; DC    ;  66,510 ;     mV ;       ; 00:22:36
   1:50'03"69 ; DC    ;  66,510 ;     mV ;       ; 00:22:36
   1:50'04"00 ; DC    ;  66,530 ;     mV ;       ; 00:22:36
   1:50'04"35 ; DC    ;  66,530 ;     mV ;       ; 00:22:37
   1:50'04"67 ; DC    ;  66,540 ;     mV ;       ; 00:22:37
   1:50'04"97 ; DC    ;  66,520 ;     mV ;       ; 00:22:37
   1:50'05"27 ; DC    ;  66,560 ;     mV ;       ; 00:22:37
   1:50'05"56 ; DC    ;  66,530 ;     mV ;       ; 00:22:38
   1:50'05"85 ; DC    ;  66,560 ;     mV ;       ; 00:22:38
   1:50'06"18 ; DC    ;  66,540 ;     mV ;       ; 00:22:38
   1:50'06"54 ; DC    ;  66,540 ;     mV ;       ; 00:22:39
   1:50'06"82 ; DC    ;  66,540 ;     mV ;       ; 00:22:39
   1:50'07"10 ; DC    ;  66,500 ;     mV ;       ; 00:22:39
   1:50'07"39 ; DC    ;  66,500 ;     mV ;       ; 00:22:40
   1:50'07"68 ; DC    ;  66,480 ;     mV ;       ; 00:22:40
   1:50'07"96 ; DC    ;  66,510 ;     mV ;       ; 00:22:40
   1:50'08"25 ; DC    ;  66,500 ;     mV ;       ; 00:22:40
   1:50'08"52 ; DC    ;  66,510 ;     mV ;       ; 00:22:41
   1:50'08"82 ; DC    ;  66,490 ;     mV ;       ; 00:22:41
   1:50'09"10 ; DC    ;  66,520 ;     mV ;       ; 00:22:41
   1:50'09"38 ; DC    ;  66,490 ;     mV ;       ; 00:22:42
   1:50'09"66 ; DC    ;  66,490 ;     mV ;       ; 00:22:42
   1:50'09"95 ; DC    ;  66,500 ;     mV ;       ; 00:22:42
   1:50'10"23 ; DC    ;  66,490 ;     mV ;       ; 00:22:42
   1:50'10"51 ; DC    ;  66,510 ;     mV ;       ; 00:22:43
   1:50'10"79 ; DC    ;  66,480 ;     mV ;       ; 00:22:43
   1:50'11"08 ; DC    ;  66,480 ;     mV ;       ; 00:22:43
   1:50'11"36 ; DC    ;  66,470 ;     mV ;       ; 00:22:44
   1:50'11"64 ; DC    ;  66,470 ;     mV ;       ; 00:22:44
   1:50'11"92 ; DC    ;  66,500 ;     mV ;       ; 00:22:44
   1:50'12"20 ; DC    ;  66,490 ;     mV ;       ; 00:22:44
   1:50'12"48 ; DC    ;  66,510 ;     mV ;       ; 00:22:45
   1:50'12"76 ; DC    ;  66,500 ;     mV ;       ; 00:22:45
   1:50'13"05 ; DC    ;  66,510 ;     mV ;       ; 00:22:45
   1:50'13"33 ; DC    ;  66,480 ;     mV ;       ; 00:22:46
   1:50'13"63 ; DC    ;  66,490 ;     mV ;       ; 00:22:46
   1:50'13"93 ; DC    ;  66,480 ;     mV ;       ; 00:22:46
   1:50'14"21 ; DC    ;  66,480 ;     mV ;       ; 00:22:46
   1:50'14"49 ; DC    ;  66,470 ;     mV ;       ; 00:22:47
   1:50'14"77 ; DC    ;  66,480 ;     mV ;       ; 00:22:47
   1:50'15"05 ; DC    ;  66,480 ;     mV ;       ; 00:22:47
   1:50'15"35 ; DC    ;  66,470 ;     mV ;       ; 00:22:48
   1:50'15"62 ; DC    ;  66,490 ;     mV ;       ; 00:22:48
   1:50'15"90 ; DC    ;  66,480 ;     mV ;       ; 00:22:48
   1:50'16"18 ; DC    ;  66,480 ;     mV ;       ; 00:22:48
   1:50'16"47 ; DC    ;  66,480 ;     mV ;       ; 00:22:49
   1:50'16"75 ; DC    ;  66,480 ;     mV ;       ; 00:22:49
   1:50'17"03 ; DC    ;  66,480 ;     mV ;       ; 00:22:49
   1:50'17"31 ; DC    ;  66,400 ;     mV ;       ; 00:22:49
   1:50'17"61 ; DC    ;  66,450 ;     mV ;       ; 00:22:50
   1:50'17"89 ; DC    ;  66,420 ;     mV ;       ; 00:22:50
   1:50'18"17 ; DC    ;  66,450 ;     mV ;       ; 00:22:50
   1:50'18"47 ; DC    ;  66,410 ;     mV ;       ; 00:22:51
   1:50'18"75 ; DC    ;  66,450 ;     mV ;       ; 00:22:51
   1:50'19"05 ; DC    ;  66,410 ;     mV ;       ; 00:22:51
   1:50'19"33 ; DC    ;  66,450 ;     mV ;       ; 00:22:52
   1:50'19"61 ; DC    ;  66,420 ;     mV ;       ; 00:22:52
   1:50'19"91 ; DC    ;  66,440 ;     mV ;       ; 00:22:52
   1:50'20"20 ; DC    ;  66,400 ;     mV ;       ; 00:22:52
   1:50'20"48 ; DC    ;  66,430 ;     mV ;       ; 00:22:53
   1:50'20"76 ; DC    ;  66,410 ;     mV ;       ; 00:22:53
   1:50'21"04 ; DC    ;  66,430 ;     mV ;       ; 00:22:53
   1:50'21"34 ; DC    ;  66,420 ;     mV ;       ; 00:22:54
   1:50'21"62 ; DC    ;  66,430 ;     mV ;       ; 00:22:54
   1:50'21"90 ; DC    ;  66,430 ;     mV ;       ; 00:22:54
   1:50'22"18 ; DC    ;  66,450 ;     mV ;       ; 00:22:54
   1:50'22"45 ; DC    ;  66,450 ;     mV ;       ; 00:22:55
   1:50'22"75 ; DC    ;  66,480 ;     mV ;       ; 00:22:55
   1:50'23"05 ; DC    ;  66,470 ;     mV ;       ; 00:22:55
   1:50'23"32 ; DC    ;  66,490 ;     mV ;       ; 00:22:55
   1:50'23"60 ; DC    ;  66,460 ;     mV ;       ; 00:22:56
   1:50'23"89 ; DC    ;  66,490 ;     mV ;       ; 00:22:56
   1:50'24"17 ; DC    ;  66,460 ;     mV ;       ; 00:22:56
   1:50'24"45 ; DC    ;  66,480 ;     mV ;       ; 00:22:57
   1:50'24"72 ; DC    ;  66,490 ;     mV ;       ; 00:22:57
   1:50'25"02 ; DC    ;  66,470 ;     mV ;       ; 00:22:57
   1:50'25"30 ; DC    ;  66,500 ;     mV ;       ; 00:22:57
   1:50'25"58 ; DC    ;  66,490 ;     mV ;       ; 00:22:58
   1:50'25"87 ; DC    ;  66,500 ;     mV ;       ; 00:22:58
   1:50'26"17 ; DC    ;  66,470 ;     mV ;       ; 00:22:58
   1:50'26"45 ; DC    ;  66,490 ;     mV ;       ; 00:22:59
   1:50'26"74 ; DC    ;  66,470 ;     mV ;       ; 00:22:59
   1:50'27"02 ; DC    ;  66,480 ;     mV ;       ; 00:22:59
   1:50'27"30 ; DC    ;  66,490 ;     mV ;       ; 00:22:59
   1:50'27"61 ; DC    ;  66,470 ;     mV ;       ; 00:23:00
   1:50'27"92 ; DC    ;  66,490 ;     mV ;       ; 00:23:00
   1:50'28"20 ; DC    ;  66,470 ;     mV ;       ; 00:23:00
   1:50'28"48 ; DC    ;  66,490 ;     mV ;       ; 00:23:01
   1:50'28"81 ; DC    ;  66,490 ;     mV ;       ; 00:23:01
   1:50'29"09 ; DC    ;  66,490 ;     mV ;       ; 00:23:01
   1:50'29"37 ; DC    ;  66,480 ;     mV ;       ; 00:23:02
   1:50'29"67 ; DC    ;  66,480 ;     mV ;       ; 00:23:02
   1:50'29"95 ; DC    ;  66,460 ;     mV ;       ; 00:23:02
   1:50'30"23 ; DC    ;  66,480 ;     mV ;       ; 00:23:02
   1:50'30"51 ; DC    ;  66,450 ;     mV ;       ; 00:23:03
   1:50'30"80 ; DC    ;  66,500 ;     mV ;       ; 00:23:03
   1:50'31"08 ; DC    ;  66,460 ;     mV ;       ; 00:23:03
   1:50'31"38 ; DC    ;  66,490 ;     mV ;       ; 00:23:04
   1:50'31"68 ; DC    ;  66,460 ;     mV ;       ; 00:23:04
   1:50'31"96 ; DC    ;  66,470 ;     mV ;       ; 00:23:04
   1:50'32"23 ; DC    ;  66,470 ;     mV ;       ; 00:23:04
   1:50'32"52 ; DC    ;  66,470 ;     mV ;       ; 00:23:05
   1:50'32"84 ; DC    ;  66,480 ;     mV ;       ; 00:23:05
   1:50'33"13 ; DC    ;  66,450 ;     mV ;       ; 00:23:05
   1:50'33"41 ; DC    ;  66,470 ;     mV ;       ; 00:23:06
   1:50'33"69 ; DC    ;  66,450 ;     mV ;       ; 00:23:06
   1:50'33"97 ; DC    ;  66,470 ;     mV ;       ; 00:23:06
   1:50'34"28 ; DC    ;  66,450 ;     mV ;       ; 00:23:06
   1:50'34"56 ; DC    ;  66,460 ;     mV ;       ; 00:23:07
   1:50'34"86 ; DC    ;  66,460 ;     mV ;       ; 00:23:07
   1:50'35"16 ; DC    ;  66,460 ;     mV ;       ; 00:23:07
   1:50'35"46 ; DC    ;  66,470 ;     mV ;       ; 00:23:08
   1:50'35"76 ; DC    ;  66,460 ;     mV ;       ; 00:23:08
   1:50'36"04 ; DC    ;  66,480 ;     mV ;       ; 00:23:08
   1:50'36"32 ; DC    ;  66,450 ;     mV ;       ; 00:23:08
   1:50'36"62 ; DC    ;  66,480 ;     mV ;       ; 00:23:09
   1:50'36"91 ; DC    ;  66,440 ;     mV ;       ; 00:23:09
   1:50'37"23 ; DC    ;  66,440 ;     mV ;       ; 00:23:09
   1:50'37"52 ; DC    ;  66,450 ;     mV ;       ; 00:23:10
   1:50'37"82 ; DC    ;  66,460 ;     mV ;       ; 00:23:10
   1:50'38"10 ; DC    ;  66,460 ;     mV ;       ; 00:23:10
   1:50'38"39 ; DC    ;  66,450 ;     mV ;       ; 00:23:11
   1:50'38"67 ; DC    ;  66,470 ;     mV ;       ; 00:23:11
   1:50'38"95 ; DC    ;  66,470 ;     mV ;       ; 00:23:11
   1:50'39"25 ; DC    ;  66,440 ;     mV ;       ; 00:23:11
   1:50'39"54 ; DC    ;  66,470 ;     mV ;       ; 00:23:12
   1:50'39"82 ; DC    ;  66,430 ;     mV ;       ; 00:23:12
   1:50'40"10 ; DC    ;  66,460 ;     mV ;       ; 00:23:12
   1:50'40"38 ; DC    ;  66,440 ;     mV ;       ; 00:23:13
   1:50'40"66 ; DC    ;  66,470 ;     mV ;       ; 00:23:13
   1:50'40"96 ; DC    ;  66,430 ;     mV ;       ; 00:23:13
   1:50'41"25 ; DC    ;  66,440 ;     mV ;       ; 00:23:13
   1:50'41"55 ; DC    ;  66,450 ;     mV ;       ; 00:23:14
   1:50'41"84 ; DC    ;  66,440 ;     mV ;       ; 00:23:14
   1:50'42"11 ; DC    ;  66,440 ;     mV ;       ; 00:23:14
   1:50'42"41 ; DC    ;  66,450 ;     mV ;       ; 00:23:15
   1:50'42"69 ; DC    ;  66,450 ;     mV ;       ; 00:23:15
   1:50'42"97 ; DC    ;  66,450 ;     mV ;       ; 00:23:15
   1:50'43"26 ; DC    ;  66,480 ;     mV ;       ; 00:23:15
   1:50'43"56 ; DC    ;  66,470 ;     mV ;       ; 00:23:16
   1:50'43"84 ; DC    ;  66,490 ;     mV ;       ; 00:23:16
   1:50'44"12 ; DC    ;  66,470 ;     mV ;       ; 00:23:16
   1:50'44"39 ; DC    ;  66,470 ;     mV ;       ; 00:23:17
   1:50'44"68 ; DC    ;  66,460 ;     mV ;       ; 00:23:17
   1:50'44"96 ; DC    ;  66,460 ;     mV ;       ; 00:23:17
   1:50'45"24 ; DC    ;  66,480 ;     mV ;       ; 00:23:17
   1:50'45"57 ; DC    ;  66,460 ;     mV ;       ; 00:23:18
   1:50'45"86 ; DC    ;  66,490 ;     mV ;       ; 00:23:18
   1:50'46"15 ; DC    ;  66,460 ;     mV ;       ; 00:23:18
   1:50'46"46 ; DC    ;  66,500 ;     mV ;       ; 00:23:19
   1:50'46"75 ; DC    ;  66,480 ;     mV ;       ; 00:23:19
   1:50'47"03 ; DC    ;  66,490 ;     mV ;       ; 00:23:19
   1:50'47"30 ; DC    ;  66,480 ;     mV ;       ; 00:23:19
   1:50'47"60 ; DC    ;  66,490 ;     mV ;       ; 00:23:20
   1:50'47"91 ; DC    ;  66,480 ;     mV ;       ; 00:23:20
   1:50'48"20 ; DC    ;  66,490 ;     mV ;       ; 00:23:20
   1:50'48"49 ; DC    ;  66,510 ;     mV ;       ; 00:23:21
   1:50'48"78 ; DC    ;  66,470 ;     mV ;       ; 00:23:21
   1:50'49"06 ; DC    ;  66,490 ;     mV ;       ; 00:23:21
   1:50'49"35 ; DC    ;  66,450 ;     mV ;       ; 00:23:22
   1:50'49"63 ; DC    ;  66,470 ;     mV ;       ; 00:23:22
   1:50'49"93 ; DC    ;  66,460 ;     mV ;       ; 00:23:22
   1:50'50"22 ; DC    ;  66,490 ;     mV ;       ; 00:23:22
   1:50'50"52 ; DC    ;  66,450 ;     mV ;       ; 00:23:23
   1:50'50"80 ; DC    ;  66,490 ;     mV ;       ; 00:23:23
   1:50'51"08 ; DC    ;  66,450 ;     mV ;       ; 00:23:23
   1:50'51"39 ; DC    ;  66,470 ;     mV ;       ; 00:23:24
   1:50'51"67 ; DC    ;  66,450 ;     mV ;       ; 00:23:24
   1:50'51"95 ; DC    ;  66,480 ;     mV ;       ; 00:23:24
   1:50'52"23 ; DC    ;  66,440 ;     mV ;       ; 00:23:24
   1:50'52"51 ; DC    ;  66,480 ;     mV ;       ; 00:23:25
   1:50'52"80 ; DC    ;  66,450 ;     mV ;       ; 00:23:25
   1:50'53"10 ; DC    ;  66,460 ;     mV ;       ; 00:23:25
   1:50'53"39 ; DC    ;  66,460 ;     mV ;       ; 00:23:26
   1:50'53"69 ; DC    ;  66,460 ;     mV ;       ; 00:23:26
   1:50'53"99 ; DC    ;  66,460 ;     mV ;       ; 00:23:26
   1:50'54"28 ; DC    ;  66,460 ;     mV ;       ; 00:23:26
   1:50'54"58 ; DC    ;  66,450 ;     mV ;       ; 00:23:27
   1:50'54"87 ; DC    ;  66,450 ;     mV ;       ; 00:23:27
   1:50'55"15 ; DC    ;  66,420 ;     mV ;       ; 00:23:27
   1:50'55"43 ; DC    ;  66,450 ;     mV ;       ; 00:23:28
   1:50'55"71 ; DC    ;  66,440 ;     mV ;       ; 00:23:28
   1:50'55"99 ; DC    ;  66,440 ;     mV ;       ; 00:23:28
   1:50'56"27 ; DC    ;  66,470 ;     mV ;       ; 00:23:28
   1:50'56"55 ; DC    ;  66,420 ;     mV ;       ; 00:23:29
   1:50'56"83 ; DC    ;  66,450 ;     mV ;       ; 00:23:29
   1:50'57"11 ; DC    ;  66,410 ;     mV ;       ; 00:23:29
   1:50'57"39 ; DC    ;  66,410 ;     mV ;       ; 00:23:30
   1:50'57"68 ; DC    ;  66,380 ;     mV ;       ; 00:23:30
   1:50'57"96 ; DC    ;  66,400 ;     mV ;       ; 00:23:30
   1:50'58"24 ; DC    ;  66,430 ;     mV ;       ; 00:23:30
   1:50'58"52 ; DC    ;  66,420 ;     mV ;       ; 00:23:31
   1:50'58"80 ; DC    ;  66,460 ;     mV ;       ; 00:23:31
   1:50'59"08 ; DC    ;  66,410 ;     mV ;       ; 00:23:31
   1:50'59"37 ; DC    ;  66,410 ;     mV ;       ; 00:23:32
   1:50'59"64 ; DC    ;  66,420 ;     mV ;       ; 00:23:32
   1:50'59"94 ; DC    ;  66,390 ;     mV ;       ; 00:23:32
   1:51'00"24 ; DC    ;  66,400 ;     mV ;       ; 00:23:32
   1:51'00"52 ; DC    ;  66,390 ;     mV ;       ; 00:23:33
   1:51'00"82 ; DC    ;  66,390 ;     mV ;       ; 00:23:33
   1:51'01"11 ; DC    ;  66,410 ;     mV ;       ; 00:23:33
   1:51'01"41 ; DC    ;  66,370 ;     mV ;       ; 00:23:34
   1:51'01"69 ; DC    ;  66,400 ;     mV ;       ; 00:23:34
   1:51'01"97 ; DC    ;  66,370 ;     mV ;       ; 00:23:34
   1:51'02"25 ; DC    ;  66,400 ;     mV ;       ; 00:23:34
   1:51'02"53 ; DC    ;  66,390 ;     mV ;       ; 00:23:35
   1:51'02"83 ; DC    ;  66,410 ;     mV ;       ; 00:23:35
   1:51'03"12 ; DC    ;  66,380 ;     mV ;       ; 00:23:35
   1:51'03"40 ; DC    ;  66,370 ;     mV ;       ; 00:23:36
   1:51'03"70 ; DC    ;  66,380 ;     mV ;       ; 00:23:36
   1:51'03"98 ; DC    ;  66,370 ;     mV ;       ; 00:23:36
   1:51'04"26 ; DC    ;  66,420 ;     mV ;       ; 00:23:36
   1:51'04"54 ; DC    ;  66,390 ;     mV ;       ; 00:23:37
   1:51'04"83 ; DC    ;  66,410 ;     mV ;       ; 00:23:37
   1:51'05"14 ; DC    ;  66,390 ;     mV ;       ; 00:23:37
   1:51'05"44 ; DC    ;  66,410 ;     mV ;       ; 00:23:38
   1:51'05"74 ; DC    ;  66,420 ;     mV ;       ; 00:23:38
   1:51'06"03 ; DC    ;  66,410 ;     mV ;       ; 00:23:38
   1:51'06"33 ; DC    ;  66,380 ;     mV ;       ; 00:23:39
   1:51'06"62 ; DC    ;  66,390 ;     mV ;       ; 00:23:39
   1:51'06"90 ; DC    ;  66,390 ;     mV ;       ; 00:23:39
   1:51'07"18 ; DC    ;  66,390 ;     mV ;       ; 00:23:39
   1:51'07"46 ; DC    ;  66,390 ;     mV ;       ; 00:23:40
   1:51'07"76 ; DC    ;  66,410 ;     mV ;       ; 00:23:40
   1:51'08"04 ; DC    ;  66,390 ;     mV ;       ; 00:23:40
   1:51'08"33 ; DC    ;  66,420 ;     mV ;       ; 00:23:41
   1:51'08"61 ; DC    ;  66,390 ;     mV ;       ; 00:23:41
   1:51'08"90 ; DC    ;  66,390 ;     mV ;       ; 00:23:41
   1:51'09"20 ; DC    ;  66,390 ;     mV ;       ; 00:23:41
   1:51'09"51 ; DC    ;  66,400 ;     mV ;       ; 00:23:42
   1:51'09"79 ; DC    ;  66,410 ;     mV ;       ; 00:23:42
   1:51'10"07 ; DC    ;  66,390 ;     mV ;       ; 00:23:42
   1:51'10"35 ; DC    ;  66,390 ;     mV ;       ; 00:23:43
   1:51'10"64 ; DC    ;  66,380 ;     mV ;       ; 00:23:43
   1:51'10"95 ; DC    ;  66,410 ;     mV ;       ; 00:23:43
   1:51'11"24 ; DC    ;  66,400 ;     mV ;       ; 00:23:43
   1:51'11"55 ; DC    ;  66,420 ;     mV ;       ; 00:23:44
   1:51'11"82 ; DC    ;  66,390 ;     mV ;       ; 00:23:44
   1:51'12"10 ; DC    ;  66,400 ;     mV ;       ; 00:23:44
   1:51'12"38 ; DC    ;  66,380 ;     mV ;       ; 00:23:45
   1:51'12"67 ; DC    ;  66,390 ;     mV ;       ; 00:23:45
   1:51'12"97 ; DC    ;  66,390 ;     mV ;       ; 00:23:45
   1:51'13"26 ; DC    ;  66,410 ;     mV ;       ; 00:23:45
   1:51'13"56 ; DC    ;  66,400 ;     mV ;       ; 00:23:46
   1:51'13"85 ; DC    ;  66,420 ;     mV ;       ; 00:23:46
   1:51'14"13 ; DC    ;  66,400 ;     mV ;       ; 00:23:46
   1:51'14"45 ; DC    ;  66,420 ;     mV ;       ; 00:23:47
   1:51'14"74 ; DC    ;  66,420 ;     mV ;       ; 00:23:47
   1:51'15"03 ; DC    ;  66,420 ;     mV ;       ; 00:23:47
   1:51'15"33 ; DC    ;  66,420 ;     mV ;       ; 00:23:47
   1:51'15"62 ; DC    ;  66,410 ;     mV ;       ; 00:23:48
   1:51'15"90 ; DC    ;  66,440 ;     mV ;       ; 00:23:48
   1:51'16"20 ; DC    ;  66,410 ;     mV ;       ; 00:23:48
   1:51'16"51 ; DC    ;  66,440 ;     mV ;       ; 00:23:49
   1:51'16"81 ; DC    ;  66,440 ;     mV ;       ; 00:23:49
   1:51'17"09 ; DC    ;  66,440 ;     mV ;       ; 00:23:49
   1:51'17"37 ; DC    ;  66,410 ;     mV ;       ; 00:23:50
   1:51'17"65 ; DC    ;  66,410 ;     mV ;       ; 00:23:50
   1:51'17"93 ; DC    ;  66,410 ;     mV ;       ; 00:23:50
   1:51'18"22 ; DC    ;  66,380 ;     mV ;       ; 00:23:50
   1:51'18"54 ; DC    ;  66,400 ;     mV ;       ; 00:23:51
   1:51'18"82 ; DC    ;  66,370 ;     mV ;       ; 00:23:51
   1:51'19"10 ; DC    ;  66,410 ;     mV ;       ; 00:23:51
   1:51'19"39 ; DC    ;  66,380 ;     mV ;       ; 00:23:52
   1:51'19"70 ; DC    ;  66,410 ;     mV ;       ; 00:23:52
   1:51'19"98 ; DC    ;  66,390 ;     mV ;       ; 00:23:52
   1:51'20"26 ; DC    ;  66,400 ;     mV ;       ; 00:23:52
   1:51'20"54 ; DC    ;  66,370 ;     mV ;       ; 00:23:53
   1:51'20"83 ; DC    ;  66,410 ;     mV ;       ; 00:23:53
   1:51'21"11 ; DC    ;  66,390 ;     mV ;       ; 00:23:53
   1:51'21"39 ; DC    ;  66,400 ;     mV ;       ; 00:23:54
   1:51'21"70 ; DC    ;  66,380 ;     mV ;       ; 00:23:54
   1:51'21"98 ; DC    ;  66,380 ;     mV ;       ; 00:23:54
   1:51'22"26 ; DC    ;  66,390 ;     mV ;       ; 00:23:54
   1:51'22"54 ; DC    ;  66,380 ;     mV ;       ; 00:23:55
   1:51'22"82 ; DC    ;  66,380 ;     mV ;       ; 00:23:55
   1:51'23"10 ; DC    ;  66,350 ;     mV ;       ; 00:23:55
   1:51'23"39 ; DC    ;  66,370 ;     mV ;       ; 00:23:56
   1:51'23"69 ; DC    ;  66,350 ;     mV ;       ; 00:23:56
   1:51'23"97 ; DC    ;  66,350 ;     mV ;       ; 00:23:56
   1:51'24"26 ; DC    ;  66,360 ;     mV ;       ; 00:23:56
   1:51'24"54 ; DC    ;  66,360 ;     mV ;       ; 00:23:57
   1:51'24"82 ; DC    ;  66,370 ;     mV ;       ; 00:23:57
   1:51'25"15 ; DC    ;  66,400 ;     mV ;       ; 00:23:57
   1:51'25"44 ; DC    ;  66,360 ;     mV ;       ; 00:23:58
   1:51'25"75 ; DC    ;  66,390 ;     mV ;       ; 00:23:58
   1:51'26"05 ; DC    ;  66,390 ;     mV ;       ; 00:23:58
   1:51'26"35 ; DC    ;  66,410 ;     mV ;       ; 00:23:59
   1:51'26"67 ; DC    ;  66,390 ;     mV ;       ; 00:23:59
   1:51'26"99 ; DC    ;  66,420 ;     mV ;       ; 00:23:59
   1:51'27"27 ; DC    ;  66,390 ;     mV ;       ; 00:23:59
   1:51'27"59 ; DC    ;  66,390 ;     mV ;       ; 00:24:00
   1:51'27"91 ; DC    ;  66,390 ;     mV ;       ; 00:24:00
   1:51'28"20 ; DC    ;  66,410 ;     mV ;       ; 00:24:00
   1:51'28"50 ; DC    ;  66,410 ;     mV ;       ; 00:24:01
   1:51'28"79 ; DC    ;  66,390 ;     mV ;       ; 00:24:01
   1:51'29"10 ; DC    ;  66,410 ;     mV ;       ; 00:24:01
   1:51'29"39 ; DC    ;  66,410 ;     mV ;       ; 00:24:02
   1:51'29"68 ; DC    ;  66,410 ;     mV ;       ; 00:24:02
   1:51'30"00 ; DC    ;  66,370 ;     mV ;       ; 00:24:02
   1:51'30"31 ; DC    ;  66,410 ;     mV ;       ; 00:24:02
   1:51'30"63 ; DC    ;  66,380 ;     mV ;       ; 00:24:03
   1:51'30"96 ; DC    ;  66,430 ;     mV ;       ; 00:24:03
   1:51'31"30 ; DC    ;  66,380 ;     mV ;       ; 00:24:03
   1:51'31"64 ; DC    ;  66,410 ;     mV ;       ; 00:24:04
   1:51'32"00 ; DC    ;  66,400 ;     mV ;       ; 00:24:04
   1:51'32"35 ; DC    ;  66,380 ;     mV ;       ; 00:24:05
   1:51'32"64 ; DC    ;  66,410 ;     mV ;       ; 00:24:05
   1:51'32"92 ; DC    ;  66,390 ;     mV ;       ; 00:24:05
   1:51'33"22 ; DC    ;  66,420 ;     mV ;       ; 00:24:05
   1:51'33"49 ; DC    ;  66,390 ;     mV ;       ; 00:24:06
   1:51'33"78 ; DC    ;  66,410 ;     mV ;       ; 00:24:06
   1:51'34"07 ; DC    ;  66,390 ;     mV ;       ; 00:24:06
   1:51'34"37 ; DC    ;  66,400 ;     mV ;       ; 00:24:07
   1:51'34"66 ; DC    ;  66,390 ;     mV ;       ; 00:24:07
   1:51'34"93 ; DC    ;  66,390 ;     mV ;       ; 00:24:07
   1:51'35"22 ; DC    ;  66,380 ;     mV ;       ; 00:24:07
   1:51'35"52 ; DC    ;  66,390 ;     mV ;       ; 00:24:08
   1:51'35"85 ; DC    ;  66,400 ;     mV ;       ; 00:24:08
   1:51'36"14 ; DC    ;  66,380 ;     mV ;       ; 00:24:08
   1:51'36"44 ; DC    ;  66,410 ;     mV ;       ; 00:24:09
   1:51'36"75 ; DC    ;  66,380 ;     mV ;       ; 00:24:09
   1:51'37"05 ; DC    ;  66,390 ;     mV ;       ; 00:24:09
   1:51'37"36 ; DC    ;  66,370 ;     mV ;       ; 00:24:10
   1:51'37"65 ; DC    ;  66,380 ;     mV ;       ; 00:24:10
   1:51'37"93 ; DC    ;  66,380 ;     mV ;       ; 00:24:10
   1:51'38"22 ; DC    ;  66,390 ;     mV ;       ; 00:24:10
   1:51'38"51 ; DC    ;  66,390 ;     mV ;       ; 00:24:11
   1:51'38"81 ; DC    ;  66,390 ;     mV ;       ; 00:24:11
   1:51'39"09 ; DC    ;  66,390 ;     mV ;       ; 00:24:11
   1:51'39"38 ; DC    ;  66,390 ;     mV ;       ; 00:24:12
   1:51'39"68 ; DC    ;  66,400 ;     mV ;       ; 00:24:12
   1:51'39"99 ; DC    ;  66,400 ;     mV ;       ; 00:24:12
   1:51'40"29 ; DC    ;  66,420 ;     mV ;       ; 00:24:12
   1:51'40"61 ; DC    ;  66,380 ;     mV ;       ; 00:24:13
   1:51'40"91 ; DC    ;  66,390 ;     mV ;       ; 00:24:13
   1:51'41"22 ; DC    ;  66,380 ;     mV ;       ; 00:24:13
   1:51'41"53 ; DC    ;  66,360 ;     mV ;       ; 00:24:14
   1:51'41"87 ; DC    ;  66,350 ;     mV ;       ; 00:24:14
   1:51'42"17 ; DC    ;  66,350 ;     mV ;       ; 00:24:14
   1:51'42"49 ; DC    ;  66,360 ;     mV ;       ; 00:24:15
   1:51'42"79 ; DC    ;  66,370 ;     mV ;       ; 00:24:15
   1:51'43"09 ; DC    ;  66,360 ;     mV ;       ; 00:24:15
   1:51'43"38 ; DC    ;  66,370 ;     mV ;       ; 00:24:16
   1:51'43"66 ; DC    ;  66,360 ;     mV ;       ; 00:24:16
   1:51'43"94 ; DC    ;  66,370 ;     mV ;       ; 00:24:16
   1:51'44"22 ; DC    ;  66,380 ;     mV ;       ; 00:24:16
   1:51'44"50 ; DC    ;  66,350 ;     mV ;       ; 00:24:17
   1:51'44"79 ; DC    ;  66,370 ;     mV ;       ; 00:24:17
   1:51'45"07 ; DC    ;  66,350 ;     mV ;       ; 00:24:17
   1:51'45"37 ; DC    ;  66,370 ;     mV ;       ; 00:24:18
   1:51'45"68 ; DC    ;  66,350 ;     mV ;       ; 00:24:18
   1:51'46"00 ; DC    ;  66,370 ;     mV ;       ; 00:24:18
   1:51'46"29 ; DC    ;  66,360 ;     mV ;       ; 00:24:18
   1:51'46"58 ; DC    ;  66,390 ;     mV ;       ; 00:24:19
   1:51'46"88 ; DC    ;  66,360 ;     mV ;       ; 00:24:19
   1:51'47"18 ; DC    ;  66,380 ;     mV ;       ; 00:24:19
   1:51'47"47 ; DC    ;  66,360 ;     mV ;       ; 00:24:20
   1:51'47"78 ; DC    ;  66,360 ;     mV ;       ; 00:24:20
   1:51'48"09 ; DC    ;  66,350 ;     mV ;       ; 00:24:20
   1:51'48"37 ; DC    ;  66,370 ;     mV ;       ; 00:24:21
   1:51'48"66 ; DC    ;  66,350 ;     mV ;       ; 00:24:21
   1:51'48"94 ; DC    ;  66,350 ;     mV ;       ; 00:24:21
   1:51'49"21 ; DC    ;  66,390 ;     mV ;       ; 00:24:21
   1:51'49"49 ; DC    ;  66,370 ;     mV ;       ; 00:24:22
   1:51'49"79 ; DC    ;  66,370 ;     mV ;       ; 00:24:22
   1:51'50"07 ; DC    ;  66,350 ;     mV ;       ; 00:24:22
   1:51'50"54 ; DC    ;  66,350 ;     mV ;       ; 00:24:23
   1:51'50"85 ; DC    ;  66,370 ;     mV ;       ; 00:24:23
   1:51'51"15 ; DC    ;  66,380 ;     mV ;       ; 00:24:23
   1:51'51"42 ; DC    ;  66,380 ;     mV ;       ; 00:24:24
   1:51'51"70 ; DC    ;  66,390 ;     mV ;       ; 00:24:24
   1:51'51"99 ; DC    ;  66,370 ;     mV ;       ; 00:24:24
   1:51'52"29 ; DC    ;  66,390 ;     mV ;       ; 00:24:24
   1:51'52"61 ; DC    ;  66,370 ;     mV ;       ; 00:24:25
   1:51'52"89 ; DC    ;  66,380 ;     mV ;       ; 00:24:25
   1:51'53"17 ; DC    ;  66,380 ;     mV ;       ; 00:24:25
   1:51'53"45 ; DC    ;  66,350 ;     mV ;       ; 00:24:26
   1:51'53"73 ; DC    ;  66,400 ;     mV ;       ; 00:24:26
   1:51'54"01 ; DC    ;  66,370 ;     mV ;       ; 00:24:26
   1:51'54"27 ; DC    ;  66,390 ;     mV ;       ; 00:24:26
   1:51'54"55 ; DC    ;  66,360 ;     mV ;       ; 00:24:27
   1:51'54"83 ; DC    ;  66,360 ;     mV ;       ; 00:24:27
   1:51'55"11 ; DC    ;  66,390 ;     mV ;       ; 00:24:27
   1:51'55"39 ; DC    ;  66,360 ;     mV ;       ; 00:24:28
   1:51'55"65 ; DC    ;  66,400 ;     mV ;       ; 00:24:28
   1:51'55"96 ; DC    ;  66,380 ;     mV ;       ; 00:24:28
   1:51'56"25 ; DC    ;  66,380 ;     mV ;       ; 00:24:28
   1:51'56"53 ; DC    ;  66,400 ;     mV ;       ; 00:24:29
   1:51'56"82 ; DC    ;  66,370 ;     mV ;       ; 00:24:29
   1:51'57"12 ; DC    ;  66,390 ;     mV ;       ; 00:24:29
   1:51'57"41 ; DC    ;  66,410 ;     mV ;       ; 00:24:30
   1:51'57"67 ; DC    ;  66,400 ;     mV ;       ; 00:24:30
   1:51'57"96 ; DC    ;  66,420 ;     mV ;       ; 00:24:30
   1:51'58"22 ; DC    ;  66,390 ;     mV ;       ; 00:24:30
   1:51'58"49 ; DC    ;  66,400 ;     mV ;       ; 00:24:31
   1:51'58"76 ; DC    ;  66,400 ;     mV ;       ; 00:24:31
   1:51'59"11 ; DC    ;  66,420 ;     mV ;       ; 00:24:31
   1:51'59"38 ; DC    ;  66,350 ;     mV ;       ; 00:24:32
   1:51'59"66 ; DC    ;  66,350 ;     mV ;       ; 00:24:32
   1:51'59"95 ; DC    ;  66,390 ;     mV ;       ; 00:24:32
   1:52'00"23 ; DC    ;  66,390 ;     mV ;       ; 00:24:32
   1:52'00"52 ; DC    ;  66,400 ;     mV ;       ; 00:24:33
   1:52'00"81 ; DC    ;  66,410 ;     mV ;       ; 00:24:33
   1:52'01"12 ; DC    ;  66,400 ;     mV ;       ; 00:24:33
   1:52'01"42 ; DC    ;  66,390 ;     mV ;       ; 00:24:34
   1:52'01"71 ; DC    ;  66,390 ;     mV ;       ; 00:24:34
   1:52'02"00 ; DC    ;  66,410 ;     mV ;       ; 00:24:34
   1:52'02"29 ; DC    ;  66,380 ;     mV ;       ; 00:24:34
   1:52'02"61 ; DC    ;  66,410 ;     mV ;       ; 00:24:35
   1:52'02"96 ; DC    ;  66,400 ;     mV ;       ; 00:24:35
   1:52'03"28 ; DC    ;  66,420 ;     mV ;       ; 00:24:35
   1:52'03"60 ; DC    ;  66,390 ;     mV ;       ; 00:24:36
   1:52'03"93 ; DC    ;  66,390 ;     mV ;       ; 00:24:36
   1:52'04"25 ; DC    ;  66,380 ;     mV ;       ; 00:24:36
   1:52'04"58 ; DC    ;  66,400 ;     mV ;       ; 00:24:37
   1:52'04"90 ; DC    ;  66,380 ;     mV ;       ; 00:24:37
   1:52'05"23 ; DC    ;  66,380 ;     mV ;       ; 00:24:37
   1:52'05"55 ; DC    ;  66,390 ;     mV ;       ; 00:24:38
   1:52'05"92 ; DC    ;  66,390 ;     mV ;       ; 00:24:38
   1:52'06"29 ; DC    ;  66,370 ;     mV ;       ; 00:24:38
   1:52'06"64 ; DC    ;  66,390 ;     mV ;       ; 00:24:39
   1:52'06"98 ; DC    ;  66,360 ;     mV ;       ; 00:24:39
   1:52'07"31 ; DC    ;  66,380 ;     mV ;       ; 00:24:39
   1:52'07"68 ; DC    ;  66,370 ;     mV ;       ; 00:24:40
   1:52'08"17 ; DC    ;  66,400 ;     mV ;       ; 00:24:40
   1:52'08"50 ; DC    ;  66,440 ;     mV ;       ; 00:24:41
   1:52'08"82 ; DC    ;  66,420 ;     mV ;       ; 00:24:41
   1:52'09"11 ; DC    ;  66,430 ;     mV ;       ; 00:24:41
   1:52'09"39 ; DC    ;  66,430 ;     mV ;       ; 00:24:42
   1:52'09"67 ; DC    ;  66,450 ;     mV ;       ; 00:24:42
   1:52'09"94 ; DC    ;  66,430 ;     mV ;       ; 00:24:42
   1:52'10"21 ; DC    ;  66,420 ;     mV ;       ; 00:24:42
   1:52'10"46 ; DC    ;  66,400 ;     mV ;       ; 00:24:43
   1:52'10"75 ; DC    ;  66,390 ;     mV ;       ; 00:24:43
   1:52'11"03 ; DC    ;  66,390 ;     mV ;       ; 00:24:43
   1:52'11"30 ; DC    ;  66,380 ;     mV ;       ; 00:24:43
   1:52'11"55 ; DC    ;  66,370 ;     mV ;       ; 00:24:44
   1:52'11"82 ; DC    ;  66,370 ;     mV ;       ; 00:24:44
   1:52'12"09 ; DC    ;  66,370 ;     mV ;       ; 00:24:44
   1:52'12"36 ; DC    ;  66,410 ;     mV ;       ; 00:24:45
   1:52'12"62 ; DC    ;  66,390 ;     mV ;       ; 00:24:45
   1:52'12"89 ; DC    ;  66,430 ;     mV ;       ; 00:24:45
   1:52'13"16 ; DC    ;  66,430 ;     mV ;       ; 00:24:45
   1:52'13"41 ; DC    ;  66,430 ;     mV ;       ; 00:24:46
   1:52'13"66 ; DC    ;  66,440 ;     mV ;       ; 00:24:46
   1:52'13"92 ; DC    ;  66,400 ;     mV ;       ; 00:24:46
   1:52'14"18 ; DC    ;  66,410 ;     mV ;       ; 00:24:46
   1:52'14"46 ; DC    ;  66,370 ;     mV ;       ; 00:24:47
   1:52'14"73 ; DC    ;  66,390 ;     mV ;       ; 00:24:47
   1:52'14"98 ; DC    ;  66,350 ;     mV ;       ; 00:24:47
   1:52'15"23 ; DC    ;  66,350 ;     mV ;       ; 00:24:47
   1:52'15"47 ; DC    ;  66,360 ;     mV ;       ; 00:24:48
   1:52'15"72 ; DC    ;  66,340 ;     mV ;       ; 00:24:48
   1:52'16"00 ; DC    ;  66,350 ;     mV ;       ; 00:24:48
   1:52'16"28 ; DC    ;  66,380 ;     mV ;       ; 00:24:48
   1:52'16"55 ; DC    ;  66,370 ;     mV ;       ; 00:24:49
   1:52'16"83 ; DC    ;  66,380 ;     mV ;       ; 00:24:49
   1:52'17"09 ; DC    ;  66,350 ;     mV ;       ; 00:24:49
   1:52'17"35 ; DC    ;  66,370 ;     mV ;       ; 00:24:50
   1:52'17"62 ; DC    ;  66,370 ;     mV ;       ; 00:24:50
   1:52'17"89 ; DC    ;  66,340 ;     mV ;       ; 00:24:50
   1:52'18"15 ; DC    ;  66,380 ;     mV ;       ; 00:24:50
   1:52'18"40 ; DC    ;  66,350 ;     mV ;       ; 00:24:51
   1:52'18"65 ; DC    ;  66,390 ;     mV ;       ; 00:24:51
   1:52'18"90 ; DC    ;  66,340 ;     mV ;       ; 00:24:51
   1:52'19"15 ; DC    ;  66,400 ;     mV ;       ; 00:24:51
   1:52'19"41 ; DC    ;  66,400 ;     mV ;       ; 00:24:52
   1:52'19"69 ; DC    ;  66,370 ;     mV ;       ; 00:24:52
   1:52'19"95 ; DC    ;  66,390 ;     mV ;       ; 00:24:52
   1:52'20"21 ; DC    ;  66,370 ;     mV ;       ; 00:24:52
   1:52'20"46 ; DC    ;  66,380 ;     mV ;       ; 00:24:53
   1:52'20"71 ; DC    ;  66,350 ;     mV ;       ; 00:24:53
   1:52'20"96 ; DC    ;  66,370 ;     mV ;       ; 00:24:53
   1:52'21"23 ; DC    ;  66,370 ;     mV ;       ; 00:24:53
   1:52'21"50 ; DC    ;  66,360 ;     mV ;       ; 00:24:54
   1:52'21"76 ; DC    ;  66,380 ;     mV ;       ; 00:24:54
   1:52'22"04 ; DC    ;  66,380 ;     mV ;       ; 00:24:54
   1:52'22"31 ; DC    ;  66,370 ;     mV ;       ; 00:24:54
   1:52'22"59 ; DC    ;  66,380 ;     mV ;       ; 00:24:55
   1:52'22"89 ; DC    ;  66,350 ;     mV ;       ; 00:24:55
   1:52'23"19 ; DC    ;  66,390 ;     mV ;       ; 00:24:55
   1:52'23"47 ; DC    ;  66,380 ;     mV ;       ; 00:24:56
   1:52'23"74 ; DC    ;  66,400 ;     mV ;       ; 00:24:56
   1:52'24"00 ; DC    ;  66,370 ;     mV ;       ; 00:24:56
   1:52'24"26 ; DC    ;  66,360 ;     mV ;       ; 00:24:56
   1:52'24"55 ; DC    ;  66,360 ;     mV ;       ; 00:24:57
   1:52'24"81 ; DC    ;  66,370 ;     mV ;       ; 00:24:57
   1:52'25"08 ; DC    ;  66,370 ;     mV ;       ; 00:24:57
   1:52'25"34 ; DC    ;  66,380 ;     mV ;       ; 00:24:58
   1:52'25"58 ; DC    ;  66,360 ;     mV ;       ; 00:24:58
   1:52'25"85 ; DC    ;  66,400 ;     mV ;       ; 00:24:58
   1:52'26"15 ; DC    ;  66,390 ;     mV ;       ; 00:24:58
   1:52'26"44 ; DC    ;  66,420 ;     mV ;       ; 00:24:59
   1:52'26"71 ; DC    ;  66,400 ;     mV ;       ; 00:24:59
   1:52'26"98 ; DC    ;  66,390 ;     mV ;       ; 00:24:59
   1:52'27"26 ; DC    ;  66,390 ;     mV ;       ; 00:24:59
   1:52'27"56 ; DC    ;  66,340 ;     mV ;       ; 00:25:00
   1:52'27"84 ; DC    ;  66,340 ;     mV ;       ; 00:25:00
   1:52'28"14 ; DC    ;  66,350 ;     mV ;       ; 00:25:00
   1:52'28"43 ; DC    ;  66,330 ;     mV ;       ; 00:25:01
   1:52'28"69 ; DC    ;  66,340 ;     mV ;       ; 00:25:01
   1:52'28"97 ; DC    ;  66,360 ;     mV ;       ; 00:25:01
   1:52'29"25 ; DC    ;  66,320 ;     mV ;       ; 00:25:01
   1:52'29"51 ; DC    ;  66,340 ;     mV ;       ; 00:25:02
   1:52'29"75 ; DC    ;  66,310 ;     mV ;       ; 00:25:02
   1:52'30"02 ; DC    ;  66,340 ;     mV ;       ; 00:25:02
   1:52'30"28 ; DC    ;  66,300 ;     mV ;       ; 00:25:02
   1:52'30"55 ; DC    ;  66,300 ;     mV ;       ; 00:25:03
   1:52'30"82 ; DC    ;  66,290 ;     mV ;       ; 00:25:03
   1:52'31"07 ; DC    ;  66,290 ;     mV ;       ; 00:25:03
   1:52'31"32 ; DC    ;  66,320 ;     mV ;       ; 00:25:03
   1:52'31"58 ; DC    ;  66,280 ;     mV ;       ; 00:25:04
   1:52'31"85 ; DC    ;  66,300 ;     mV ;       ; 00:25:04
   1:52'32"13 ; DC    ;  66,290 ;     mV ;       ; 00:25:04
   1:52'32"41 ; DC    ;  66,280 ;     mV ;       ; 00:25:05
   1:52'32"67 ; DC    ;  66,290 ;     mV ;       ; 00:25:05
   1:52'32"95 ; DC    ;  66,290 ;     mV ;       ; 00:25:05
   1:52'33"22 ; DC    ;  66,290 ;     mV ;       ; 00:25:05
   1:52'33"50 ; DC    ;  66,340 ;     mV ;       ; 00:25:06
   1:52'33"78 ; DC    ;  66,320 ;     mV ;       ; 00:25:06
   1:52'34"05 ; DC    ;  66,330 ;     mV ;       ; 00:25:06
   1:52'34"32 ; DC    ;  66,310 ;     mV ;       ; 00:25:06
   1:52'34"57 ; DC    ;  66,350 ;     mV ;       ; 00:25:07
   1:52'34"83 ; DC    ;  66,310 ;     mV ;       ; 00:25:07
   1:52'35"10 ; DC    ;  66,300 ;     mV ;       ; 00:25:07
   1:52'35"37 ; DC    ;  66,310 ;     mV ;       ; 00:25:08
   1:52'35"64 ; DC    ;  66,310 ;     mV ;       ; 00:25:08
   1:52'35"90 ; DC    ;  66,310 ;     mV ;       ; 00:25:08
   1:52'36"17 ; DC    ;  66,320 ;     mV ;       ; 00:25:08
   1:52'36"44 ; DC    ;  66,280 ;     mV ;       ; 00:25:09
   1:52'36"72 ; DC    ;  66,310 ;     mV ;       ; 00:25:09
   1:52'36"99 ; DC    ;  66,300 ;     mV ;       ; 00:25:09
   1:52'37"26 ; DC    ;  66,310 ;     mV ;       ; 00:25:09
   1:52'37"54 ; DC    ;  66,290 ;     mV ;       ; 00:25:10
   1:52'37"81 ; DC    ;  66,280 ;     mV ;       ; 00:25:10
   1:52'38"08 ; DC    ;  66,280 ;     mV ;       ; 00:25:10
   1:52'38"35 ; DC    ;  66,290 ;     mV ;       ; 00:25:11
   1:52'38"61 ; DC    ;  66,290 ;     mV ;       ; 00:25:11
   1:52'38"90 ; DC    ;  66,300 ;     mV ;       ; 00:25:11
   1:52'39"16 ; DC    ;  66,300 ;     mV ;       ; 00:25:11
   1:52'39"43 ; DC    ;  66,320 ;     mV ;       ; 00:25:12
   1:52'39"68 ; DC    ;  66,330 ;     mV ;       ; 00:25:12
   1:52'39"93 ; DC    ;  66,330 ;     mV ;       ; 00:25:12
   1:52'40"19 ; DC    ;  66,320 ;     mV ;       ; 00:25:12
   1:52'40"46 ; DC    ;  66,350 ;     mV ;       ; 00:25:13
   1:52'40"74 ; DC    ;  66,350 ;     mV ;       ; 00:25:13
   1:52'41"00 ; DC    ;  66,310 ;     mV ;       ; 00:25:13
   1:52'41"27 ; DC    ;  66,340 ;     mV ;       ; 00:25:13
   1:52'41"53 ; DC    ;  66,330 ;     mV ;       ; 00:25:14
   1:52'41"79 ; DC    ;  66,340 ;     mV ;       ; 00:25:14
   1:52'42"07 ; DC    ;  66,330 ;     mV ;       ; 00:25:14
   1:52'42"35 ; DC    ;  66,320 ;     mV ;       ; 00:25:15
   1:52'42"63 ; DC    ;  66,290 ;     mV ;       ; 00:25:15
   1:52'42"88 ; DC    ;  66,320 ;     mV ;       ; 00:25:15
   1:52'43"15 ; DC    ;  66,320 ;     mV ;       ; 00:25:15
   1:52'43"44 ; DC    ;  66,310 ;     mV ;       ; 00:25:16
   1:52'43"72 ; DC    ;  66,310 ;     mV ;       ; 00:25:16
   1:52'43"99 ; DC    ;  66,310 ;     mV ;       ; 00:25:16
   1:52'44"26 ; DC    ;  66,300 ;     mV ;       ; 00:25:16
   1:52'44"53 ; DC    ;  66,330 ;     mV ;       ; 00:25:17
   1:52'44"79 ; DC    ;  66,300 ;     mV ;       ; 00:25:17
   1:52'45"05 ; DC    ;  66,320 ;     mV ;       ; 00:25:17
   1:52'45"30 ; DC    ;  66,320 ;     mV ;       ; 00:25:17
   1:52'45"59 ; DC    ;  66,370 ;     mV ;       ; 00:25:18
   1:52'45"85 ; DC    ;  66,370 ;     mV ;       ; 00:25:18
   1:52'46"11 ; DC    ;  66,370 ;     mV ;       ; 00:25:18
   1:52'46"37 ; DC    ;  66,370 ;     mV ;       ; 00:25:19
   1:52'46"64 ; DC    ;  66,360 ;     mV ;       ; 00:25:19
   1:52'46"90 ; DC    ;  66,380 ;     mV ;       ; 00:25:19
   1:52'47"17 ; DC    ;  66,340 ;     mV ;       ; 00:25:19
   1:52'47"44 ; DC    ;  66,360 ;     mV ;       ; 00:25:20
   1:52'47"73 ; DC    ;  66,330 ;     mV ;       ; 00:25:20
   1:52'47"99 ; DC    ;  66,350 ;     mV ;       ; 00:25:20
   1:52'48"26 ; DC    ;  66,350 ;     mV ;       ; 00:25:20
   1:52'48"53 ; DC    ;  66,380 ;     mV ;       ; 00:25:21
   1:52'48"81 ; DC    ;  66,380 ;     mV ;       ; 00:25:21
   1:52'49"09 ; DC    ;  66,350 ;     mV ;       ; 00:25:21
   1:52'49"35 ; DC    ;  66,350 ;     mV ;       ; 00:25:22
   1:52'49"62 ; DC    ;  66,350 ;     mV ;       ; 00:25:22
   1:52'49"87 ; DC    ;  66,360 ;     mV ;       ; 00:25:22
   1:52'50"13 ; DC    ;  66,370 ;     mV ;       ; 00:25:22
   1:52'50"39 ; DC    ;  66,380 ;     mV ;       ; 00:25:23
   1:52'50"66 ; DC    ;  66,380 ;     mV ;       ; 00:25:23
   1:52'50"92 ; DC    ;  66,390 ;     mV ;       ; 00:25:23
   1:52'51"19 ; DC    ;  66,390 ;     mV ;       ; 00:25:23
   1:52'51"43 ; DC    ;  66,380 ;     mV ;       ; 00:25:24
   1:52'51"68 ; DC    ;  66,390 ;     mV ;       ; 00:25:24
   1:52'51"93 ; DC    ;  66,410 ;     mV ;       ; 00:25:24
   1:52'52"18 ; DC    ;  66,380 ;     mV ;       ; 00:25:24
   1:52'52"43 ; DC    ;  66,380 ;     mV ;       ; 00:25:25
   1:52'52"68 ; DC    ;  66,420 ;     mV ;       ; 00:25:25
   1:52'52"92 ; DC    ;  66,390 ;     mV ;       ; 00:25:25
   1:52'53"18 ; DC    ;  66,390 ;     mV ;       ; 00:25:25
   1:52'53"45 ; DC    ;  66,390 ;     mV ;       ; 00:25:26
   1:52'53"71 ; DC    ;  66,380 ;     mV ;       ; 00:25:26
   1:52'53"98 ; DC    ;  66,430 ;     mV ;       ; 00:25:26
   1:52'54"24 ; DC    ;  66,390 ;     mV ;       ; 00:25:26
   1:52'54"49 ; DC    ;  66,390 ;     mV ;       ; 00:25:27
   1:52'54"76 ; DC    ;  66,420 ;     mV ;       ; 00:25:27
   1:52'55"03 ; DC    ;  66,380 ;     mV ;       ; 00:25:27
   1:52'55"28 ; DC    ;  66,410 ;     mV ;       ; 00:25:27
   1:52'55"52 ; DC    ;  66,380 ;     mV ;       ; 00:25:28
   1:52'55"81 ; DC    ;  66,400 ;     mV ;       ; 00:25:28
   1:52'56"06 ; DC    ;  66,390 ;     mV ;       ; 00:25:28
   1:52'56"30 ; DC    ;  66,390 ;     mV ;       ; 00:25:28
   1:52'56"55 ; DC    ;  66,380 ;     mV ;       ; 00:25:29
   1:52'56"82 ; DC    ;  66,400 ;     mV ;       ; 00:25:29
   1:52'57"08 ; DC    ;  66,360 ;     mV ;       ; 00:25:29
   1:52'57"34 ; DC    ;  66,380 ;     mV ;       ; 00:25:30
   1:52'57"61 ; DC    ;  66,390 ;     mV ;       ; 00:25:30
   1:52'57"89 ; DC    ;  66,390 ;     mV ;       ; 00:25:30
   1:52'58"17 ; DC    ;  66,390 ;     mV ;       ; 00:25:30
   1:52'58"43 ; DC    ;  66,370 ;     mV ;       ; 00:25:31
   1:52'58"70 ; DC    ;  66,370 ;     mV ;       ; 00:25:31
   1:52'58"96 ; DC    ;  66,410 ;     mV ;       ; 00:25:31
   1:52'59"24 ; DC    ;  66,380 ;     mV ;       ; 00:25:31
   1:52'59"51 ; DC    ;  66,420 ;     mV ;       ; 00:25:32
   1:52'59"79 ; DC    ;  66,380 ;     mV ;       ; 00:25:32
   1:53'00"06 ; DC    ;  66,400 ;     mV ;       ; 00:25:32
   1:53'00"32 ; DC    ;  66,390 ;     mV ;       ; 00:25:32
   1:53'00"57 ; DC    ;  66,390 ;     mV ;       ; 00:25:33
   1:53'00"83 ; DC    ;  66,400 ;     mV ;       ; 00:25:33
   1:53'01"10 ; DC    ;  66,400 ;     mV ;       ; 00:25:33
   1:53'01"36 ; DC    ;  66,390 ;     mV ;       ; 00:25:34
   1:53'01"61 ; DC    ;  66,390 ;     mV ;       ; 00:25:34
   1:53'01"88 ; DC    ;  66,340 ;     mV ;       ; 00:25:34
   1:53'02"13 ; DC    ;  66,400 ;     mV ;       ; 00:25:34
   1:53'02"39 ; DC    ;  66,360 ;     mV ;       ; 00:25:35
   1:53'02"66 ; DC    ;  66,390 ;     mV ;       ; 00:25:35
   1:53'02"92 ; DC    ;  66,390 ;     mV ;       ; 00:25:35
   1:53'03"20 ; DC    ;  66,380 ;     mV ;       ; 00:25:35
   1:53'03"47 ; DC    ;  66,390 ;     mV ;       ; 00:25:36
   1:53'03"74 ; DC    ;  66,400 ;     mV ;       ; 00:25:36
   1:53'04"01 ; DC    ;  66,390 ;     mV ;       ; 00:25:36
   1:53'04"28 ; DC    ;  66,390 ;     mV ;       ; 00:25:36
   1:53'04"56 ; DC    ;  66,370 ;     mV ;       ; 00:25:37
   1:53'04"82 ; DC    ;  66,400 ;     mV ;       ; 00:25:37
   1:53'05"09 ; DC    ;  66,360 ;     mV ;       ; 00:25:37
   1:53'05"35 ; DC    ;  66,380 ;     mV ;       ; 00:25:38
   1:53'05"61 ; DC    ;  66,380 ;     mV ;       ; 00:25:38
   1:53'05"86 ; DC    ;  66,360 ;     mV ;       ; 00:25:38
   1:53'06"13 ; DC    ;  66,380 ;     mV ;       ; 00:25:38
   1:53'06"39 ; DC    ;  66,350 ;     mV ;       ; 00:25:39
   1:53'06"66 ; DC    ;  66,370 ;     mV ;       ; 00:25:39
   1:53'06"92 ; DC    ;  66,350 ;     mV ;       ; 00:25:39
   1:53'07"18 ; DC    ;  66,360 ;     mV ;       ; 00:25:39
   1:53'07"45 ; DC    ;  66,360 ;     mV ;       ; 00:25:40
   1:53'07"75 ; DC    ;  66,370 ;     mV ;       ; 00:25:40
   1:53'08"01 ; DC    ;  66,360 ;     mV ;       ; 00:25:40
   1:53'08"29 ; DC    ;  66,370 ;     mV ;       ; 00:25:40
   1:53'08"57 ; DC    ;  66,350 ;     mV ;       ; 00:25:41
   1:53'08"84 ; DC    ;  66,400 ;     mV ;       ; 00:25:41
   1:53'09"10 ; DC    ;  66,370 ;     mV ;       ; 00:25:41
   1:53'09"37 ; DC    ;  66,390 ;     mV ;       ; 00:25:42
   1:53'09"64 ; DC    ;  66,370 ;     mV ;       ; 00:25:42
   1:53'09"90 ; DC    ;  66,390 ;     mV ;       ; 00:25:42
   1:53'10"17 ; DC    ;  66,390 ;     mV ;       ; 00:25:42
   1:53'10"45 ; DC    ;  66,400 ;     mV ;       ; 00:25:43
   1:53'10"73 ; DC    ;  66,400 ;     mV ;       ; 00:25:43
   1:53'10"99 ; DC    ;  66,370 ;     mV ;       ; 00:25:43
   1:53'11"24 ; DC    ;  66,410 ;     mV ;       ; 00:25:43
   1:53'11"49 ; DC    ;  66,390 ;     mV ;       ; 00:25:44
   1:53'11"74 ; DC    ;  66,380 ;     mV ;       ; 00:25:44
   1:53'11"99 ; DC    ;  66,380 ;     mV ;       ; 00:25:44
   1:53'12"24 ; DC    ;  66,370 ;     mV ;       ; 00:25:44
   1:53'12"49 ; DC    ;  66,380 ;     mV ;       ; 00:25:45
   1:53'12"75 ; DC    ;  66,380 ;     mV ;       ; 00:25:45
   1:53'13"02 ; DC    ;  66,370 ;     mV ;       ; 00:25:45
   1:53'13"30 ; DC    ;  66,390 ;     mV ;       ; 00:25:45
   1:53'13"60 ; DC    ;  66,370 ;     mV ;       ; 00:25:46
   1:53'13"87 ; DC    ;  66,380 ;     mV ;       ; 00:25:46
   1:53'14"17 ; DC    ;  66,380 ;     mV ;       ; 00:25:46
   1:53'14"47 ; DC    ;  66,410 ;     mV ;       ; 00:25:47
   1:53'14"74 ; DC    ;  66,390 ;     mV ;       ; 00:25:47
   1:53'15"01 ; DC    ;  66,410 ;     mV ;       ; 00:25:47
   1:53'15"28 ; DC    ;  66,370 ;     mV ;       ; 00:25:47
   1:53'15"56 ; DC    ;  66,420 ;     mV ;       ; 00:25:48
   1:53'15"84 ; DC    ;  66,420 ;     mV ;       ; 00:25:48
   1:53'16"11 ; DC    ;  66,430 ;     mV ;       ; 00:25:48
   1:53'16"37 ; DC    ;  66,430 ;     mV ;       ; 00:25:49
   1:53'16"65 ; DC    ;  66,410 ;     mV ;       ; 00:25:49
   1:53'16"92 ; DC    ;  66,420 ;     mV ;       ; 00:25:49
   1:53'17"18 ; DC    ;  66,390 ;     mV ;       ; 00:25:49
   1:53'17"43 ; DC    ;  66,380 ;     mV ;       ; 00:25:50
   1:53'17"69 ; DC    ;  66,420 ;     mV ;       ; 00:25:50
   1:53'17"95 ; DC    ;  66,390 ;     mV ;       ; 00:25:50
   1:53'18"21 ; DC    ;  66,390 ;     mV ;       ; 00:25:50
   1:53'18"46 ; DC    ;  66,380 ;     mV ;       ; 00:25:51
   1:53'18"72 ; DC    ;  66,370 ;     mV ;       ; 00:25:51
   1:53'19"00 ; DC    ;  66,360 ;     mV ;       ; 00:25:51
   1:53'19"27 ; DC    ;  66,370 ;     mV ;       ; 00:25:51
   1:53'19"54 ; DC    ;  66,380 ;     mV ;       ; 00:25:52
   1:53'19"81 ; DC    ;  66,360 ;     mV ;       ; 00:25:52
   1:53'20"08 ; DC    ;  66,380 ;     mV ;       ; 00:25:52
   1:53'20"37 ; DC    ;  66,350 ;     mV ;       ; 00:25:53
   1:53'20"66 ; DC    ;  66,330 ;     mV ;       ; 00:25:53
   1:53'20"94 ; DC    ;  66,330 ;     mV ;       ; 00:25:53
   1:53'21"22 ; DC    ;  66,300 ;     mV ;       ; 00:25:53
   1:53'21"53 ; DC    ;  66,350 ;     mV ;       ; 00:25:54
   1:53'21"79 ; DC    ;  66,340 ;     mV ;       ; 00:25:54
   1:53'22"04 ; DC    ;  66,330 ;     mV ;       ; 00:25:54
   1:53'22"28 ; DC    ;  66,320 ;     mV ;       ; 00:25:54
   1:53'22"55 ; DC    ;  66,290 ;     mV ;       ; 00:25:55
   1:53'22"81 ; DC    ;  66,300 ;     mV ;       ; 00:25:55
   1:53'23"08 ; DC    ;  66,270 ;     mV ;       ; 00:25:55
   1:53'23"34 ; DC    ;  66,270 ;     mV ;       ; 00:25:56
   1:53'23"60 ; DC    ;  66,290 ;     mV ;       ; 00:25:56
   1:53'23"86 ; DC    ;  66,290 ;     mV ;       ; 00:25:56
   1:53'24"12 ; DC    ;  66,340 ;     mV ;       ; 00:25:56
   1:53'24"39 ; DC    ;  66,310 ;     mV ;       ; 00:25:57
   1:53'24"68 ; DC    ;  66,310 ;     mV ;       ; 00:25:57
   1:53'24"97 ; DC    ;  66,320 ;     mV ;       ; 00:25:57
   1:53'25"25 ; DC    ;  66,290 ;     mV ;       ; 00:25:57
   1:53'25"53 ; DC    ;  66,310 ;     mV ;       ; 00:25:58
   1:53'25"82 ; DC    ;  66,310 ;     mV ;       ; 00:25:58
   1:53'26"10 ; DC    ;  66,360 ;     mV ;       ; 00:25:58
   1:53'26"36 ; DC    ;  66,350 ;     mV ;       ; 00:25:59
   1:53'26"63 ; DC    ;  66,350 ;     mV ;       ; 00:25:59
   1:53'26"89 ; DC    ;  66,330 ;     mV ;       ; 00:25:59
   1:53'27"15 ; DC    ;  66,340 ;     mV ;       ; 00:25:59
   1:53'27"42 ; DC    ;  66,320 ;     mV ;       ; 00:26:00
   1:53'27"69 ; DC    ;  66,330 ;     mV ;       ; 00:26:00
   1:53'27"95 ; DC    ;  66,320 ;     mV ;       ; 00:26:00
   1:53'28"22 ; DC    ;  66,360 ;     mV ;       ; 00:26:00
   1:53'28"49 ; DC    ;  66,340 ;     mV ;       ; 00:26:01
   1:53'28"77 ; DC    ;  66,360 ;     mV ;       ; 00:26:01
   1:53'29"03 ; DC    ;  66,340 ;     mV ;       ; 00:26:01
   1:53'29"29 ; DC    ;  66,340 ;     mV ;       ; 00:26:01
   1:53'29"55 ; DC    ;  66,340 ;     mV ;       ; 00:26:02
   1:53'29"82 ; DC    ;  66,350 ;     mV ;       ; 00:26:02
   1:53'30"08 ; DC    ;  66,290 ;     mV ;       ; 00:26:02
   1:53'30"34 ; DC    ;  66,330 ;     mV ;       ; 00:26:03
   1:53'30"61 ; DC    ;  66,280 ;     mV ;       ; 00:26:03
   1:53'30"87 ; DC    ;  66,320 ;     mV ;       ; 00:26:03
   1:53'31"16 ; DC    ;  66,320 ;     mV ;       ; 00:26:03
   1:53'31"44 ; DC    ;  66,320 ;     mV ;       ; 00:26:04
   1:53'31"74 ; DC    ;  66,320 ;     mV ;       ; 00:26:04
   1:53'32"02 ; DC    ;  66,300 ;     mV ;       ; 00:26:04
   1:53'32"30 ; DC    ;  66,330 ;     mV ;       ; 00:26:04
   1:53'32"55 ; DC    ;  66,310 ;     mV ;       ; 00:26:05
   1:53'32"81 ; DC    ;  66,320 ;     mV ;       ; 00:26:05
   1:53'33"08 ; DC    ;  66,340 ;     mV ;       ; 00:26:05
   1:53'33"35 ; DC    ;  66,320 ;     mV ;       ; 00:26:06
   1:53'33"62 ; DC    ;  66,320 ;     mV ;       ; 00:26:06
   1:53'34"15 ; DC    ;  66,310 ;     mV ;       ; 00:26:06
   1:53'34"43 ; DC    ;  66,330 ;     mV ;       ; 00:26:07
   1:53'34"71 ; DC    ;  66,290 ;     mV ;       ; 00:26:07
   1:53'35"01 ; DC    ;  66,330 ;     mV ;       ; 00:26:07
   1:53'35"30 ; DC    ;  66,310 ;     mV ;       ; 00:26:07
   1:53'35"58 ; DC    ;  66,320 ;     mV ;       ; 00:26:08
   1:53'35"87 ; DC    ;  66,290 ;     mV ;       ; 00:26:08
   1:53'36"13 ; DC    ;  66,280 ;     mV ;       ; 00:26:08
   1:53'36"40 ; DC    ;  66,300 ;     mV ;       ; 00:26:09
   1:53'36"65 ; DC    ;  66,300 ;     mV ;       ; 00:26:09
   1:53'36"91 ; DC    ;  66,310 ;     mV ;       ; 00:26:09
   1:53'37"17 ; DC    ;  66,240 ;     mV ;       ; 00:26:09
   1:53'37"44 ; DC    ;  66,270 ;     mV ;       ; 00:26:10
   1:53'37"70 ; DC    ;  66,270 ;     mV ;       ; 00:26:10
   1:53'37"97 ; DC    ;  66,270 ;     mV ;       ; 00:26:10
   1:53'38"23 ; DC    ;  66,290 ;     mV ;       ; 00:26:10
   1:53'38"50 ; DC    ;  66,300 ;     mV ;       ; 00:26:11
   1:53'38"74 ; DC    ;  66,320 ;     mV ;       ; 00:26:11
   1:53'38"99 ; DC    ;  66,300 ;     mV ;       ; 00:26:11
   1:53'39"24 ; DC    ;  66,310 ;     mV ;       ; 00:26:11
   1:53'39"49 ; DC    ;  66,310 ;     mV ;       ; 00:26:12
   1:53'39"74 ; DC    ;  66,290 ;     mV ;       ; 00:26:12
   1:53'40"04 ; DC    ;  66,280 ;     mV ;       ; 00:26:12
   1:53'40"30 ; DC    ;  66,280 ;     mV ;       ; 00:26:12
   1:53'40"57 ; DC    ;  66,260 ;     mV ;       ; 00:26:13
   1:53'40"82 ; DC    ;  66,270 ;     mV ;       ; 00:26:13
   1:53'41"10 ; DC    ;  66,250 ;     mV ;       ; 00:26:13
   1:53'41"38 ; DC    ;  66,270 ;     mV ;       ; 00:26:14
   1:53'41"65 ; DC    ;  66,260 ;     mV ;       ; 00:26:14
   1:53'41"90 ; DC    ;  66,260 ;     mV ;       ; 00:26:14
   1:53'42"16 ; DC    ;  66,270 ;     mV ;       ; 00:26:14
   1:53'42"41 ; DC    ;  66,260 ;     mV ;       ; 00:26:15
   1:53'42"67 ; DC    ;  66,280 ;     mV ;       ; 00:26:15
   1:53'42"93 ; DC    ;  66,240 ;     mV ;       ; 00:26:15
   1:53'43"19 ; DC    ;  66,280 ;     mV ;       ; 00:26:15
   1:53'43"45 ; DC    ;  66,280 ;     mV ;       ; 00:26:16
   1:53'43"72 ; DC    ;  66,280 ;     mV ;       ; 00:26:16
   1:53'43"98 ; DC    ;  66,300 ;     mV ;       ; 00:26:16
   1:53'44"23 ; DC    ;  66,280 ;     mV ;       ; 00:26:16
   1:53'44"48 ; DC    ;  66,280 ;     mV ;       ; 00:26:17
   1:53'44"72 ; DC    ;  66,260 ;     mV ;       ; 00:26:17
   1:53'44"98 ; DC    ;  66,260 ;     mV ;       ; 00:26:17
   1:53'45"25 ; DC    ;  66,270 ;     mV ;       ; 00:26:17
   1:53'45"52 ; DC    ;  66,270 ;     mV ;       ; 00:26:18
   1:53'45"77 ; DC    ;  66,260 ;     mV ;       ; 00:26:18
   1:53'46"04 ; DC    ;  66,260 ;     mV ;       ; 00:26:18
   1:53'46"31 ; DC    ;  66,250 ;     mV ;       ; 00:26:18
   1:53'46"59 ; DC    ;  66,280 ;     mV ;       ; 00:26:19
   1:53'46"87 ; DC    ;  66,250 ;     mV ;       ; 00:26:19
   1:53'47"13 ; DC    ;  66,270 ;     mV ;       ; 00:26:19
   1:53'47"40 ; DC    ;  66,270 ;     mV ;       ; 00:26:20
   1:53'47"66 ; DC    ;  66,320 ;     mV ;       ; 00:26:20
   1:53'47"91 ; DC    ;  66,320 ;     mV ;       ; 00:26:20
   1:53'48"17 ; DC    ;  66,270 ;     mV ;       ; 00:26:20
   1:53'48"44 ; DC    ;  66,310 ;     mV ;       ; 00:26:21
   1:53'48"68 ; DC    ;  66,260 ;     mV ;       ; 00:26:21
   1:53'48"93 ; DC    ;  66,280 ;     mV ;       ; 00:26:21
   1:53'49"17 ; DC    ;  66,270 ;     mV ;       ; 00:26:21
   1:53'49"44 ; DC    ;  66,320 ;     mV ;       ; 00:26:22
   1:53'49"70 ; DC    ;  66,320 ;     mV ;       ; 00:26:22
   1:53'49"96 ; DC    ;  66,300 ;     mV ;       ; 00:26:22
   1:53'50"21 ; DC    ;  66,300 ;     mV ;       ; 00:26:22
   1:53'50"46 ; DC    ;  66,280 ;     mV ;       ; 00:26:23
   1:53'50"74 ; DC    ;  66,300 ;     mV ;       ; 00:26:23
   1:53'51"05 ; DC    ;  66,280 ;     mV ;       ; 00:26:23
   1:53'51"34 ; DC    ;  66,300 ;     mV ;       ; 00:26:24
   1:53'51"62 ; DC    ;  66,300 ;     mV ;       ; 00:26:24
   1:53'52"00 ; DC    ;  66,290 ;     mV ;       ; 00:26:24
   1:53'52"29 ; DC    ;  66,310 ;     mV ;       ; 00:26:24
   1:53'52"56 ; DC    ;  66,290 ;     mV ;       ; 00:26:25
   1:53'52"82 ; DC    ;  66,310 ;     mV ;       ; 00:26:25
   1:53'53"09 ; DC    ;  66,300 ;     mV ;       ; 00:26:25
   1:53'53"35 ; DC    ;  66,310 ;     mV ;       ; 00:26:26
   1:53'53"60 ; DC    ;  66,310 ;     mV ;       ; 00:26:26
   1:53'53"85 ; DC    ;  66,310 ;     mV ;       ; 00:26:26
   1:53'54"10 ; DC    ;  66,310 ;     mV ;       ; 00:26:26
   1:53'54"36 ; DC    ;  66,350 ;     mV ;       ; 00:26:27
   1:53'54"64 ; DC    ;  66,310 ;     mV ;       ; 00:26:27
   1:53'54"90 ; DC    ;  66,360 ;     mV ;       ; 00:26:27
   1:53'55"18 ; DC    ;  66,330 ;     mV ;       ; 00:26:27
   1:53'55"44 ; DC    ;  66,340 ;     mV ;       ; 00:26:28
   1:53'55"71 ; DC    ;  66,340 ;     mV ;       ; 00:26:28
   1:53'55"96 ; DC    ;  66,340 ;     mV ;       ; 00:26:28
   1:53'56"22 ; DC    ;  66,350 ;     mV ;       ; 00:26:28
   1:53'56"50 ; DC    ;  66,360 ;     mV ;       ; 00:26:29
   1:53'56"77 ; DC    ;  66,370 ;     mV ;       ; 00:26:29
   1:53'57"04 ; DC    ;  66,380 ;     mV ;       ; 00:26:29
   1:53'57"29 ; DC    ;  66,320 ;     mV ;       ; 00:26:29
   1:53'57"55 ; DC    ;  66,330 ;     mV ;       ; 00:26:30
   1:53'57"84 ; DC    ;  66,330 ;     mV ;       ; 00:26:30
   1:53'58"10 ; DC    ;  66,330 ;     mV ;       ; 00:26:30
   1:53'58"36 ; DC    ;  66,310 ;     mV ;       ; 00:26:31
   1:53'58"62 ; DC    ;  66,350 ;     mV ;       ; 00:26:31
   1:53'58"88 ; DC    ;  66,310 ;     mV ;       ; 00:26:31
   1:53'59"14 ; DC    ;  66,350 ;     mV ;       ; 00:26:31
   1:53'59"40 ; DC    ;  66,310 ;     mV ;       ; 00:26:32
   1:53'59"66 ; DC    ;  66,330 ;     mV ;       ; 00:26:32
   1:53'59"91 ; DC    ;  66,330 ;     mV ;       ; 00:26:32
   1:54'00"18 ; DC    ;  66,310 ;     mV ;       ; 00:26:32
   1:54'00"44 ; DC    ;  66,320 ;     mV ;       ; 00:26:33
   1:54'00"69 ; DC    ;  66,310 ;     mV ;       ; 00:26:33
   1:54'00"95 ; DC    ;  66,320 ;     mV ;       ; 00:26:33
   1:54'01"22 ; DC    ;  66,300 ;     mV ;       ; 00:26:33
   1:54'01"50 ; DC    ;  66,320 ;     mV ;       ; 00:26:34
   1:54'01"78 ; DC    ;  66,330 ;     mV ;       ; 00:26:34
   1:54'02"07 ; DC    ;  66,300 ;     mV ;       ; 00:26:34
   1:54'02"35 ; DC    ;  66,300 ;     mV ;       ; 00:26:35
   1:54'02"64 ; DC    ;  66,330 ;     mV ;       ; 00:26:35
   1:54'02"92 ; DC    ;  66,330 ;     mV ;       ; 00:26:35
   1:54'03"22 ; DC    ;  66,350 ;     mV ;       ; 00:26:35
   1:54'03"49 ; DC    ;  66,310 ;     mV ;       ; 00:26:36
   1:54'03"76 ; DC    ;  66,330 ;     mV ;       ; 00:26:36
   1:54'04"03 ; DC    ;  66,300 ;     mV ;       ; 00:26:36
   1:54'04"29 ; DC    ;  66,330 ;     mV ;       ; 00:26:36
   1:54'04"55 ; DC    ;  66,290 ;     mV ;       ; 00:26:37
   1:54'04"82 ; DC    ;  66,280 ;     mV ;       ; 00:26:37
   1:54'05"08 ; DC    ;  66,280 ;     mV ;       ; 00:26:37
   1:54'05"33 ; DC    ;  66,250 ;     mV ;       ; 00:26:38
   1:54'05"60 ; DC    ;  66,250 ;     mV ;       ; 00:26:38
   1:54'05"86 ; DC    ;  66,300 ;     mV ;       ; 00:26:38
   1:54'06"12 ; DC    ;  66,280 ;     mV ;       ; 00:26:38
   1:54'06"40 ; DC    ;  66,310 ;     mV ;       ; 00:26:39
   1:54'06"67 ; DC    ;  66,290 ;     mV ;       ; 00:26:39
   1:54'06"95 ; DC    ;  66,300 ;     mV ;       ; 00:26:39
   1:54'07"23 ; DC    ;  66,280 ;     mV ;       ; 00:26:39
   1:54'07"50 ; DC    ;  66,270 ;     mV ;       ; 00:26:40
   1:54'07"78 ; DC    ;  66,260 ;     mV ;       ; 00:26:40
   1:54'08"07 ; DC    ;  66,280 ;     mV ;       ; 00:26:40
   1:54'08"38 ; DC    ;  66,280 ;     mV ;       ; 00:26:41
   1:54'08"67 ; DC    ;  66,280 ;     mV ;       ; 00:26:41
   1:54'08"93 ; DC    ;  66,270 ;     mV ;       ; 00:26:41
   1:54'09"21 ; DC    ;  66,270 ;     mV ;       ; 00:26:41
   1:54'09"48 ; DC    ;  66,240 ;     mV ;       ; 00:26:42
   1:54'09"77 ; DC    ;  66,250 ;     mV ;       ; 00:26:42
   1:54'10"02 ; DC    ;  66,230 ;     mV ;       ; 00:26:42
   1:54'10"29 ; DC    ;  66,250 ;     mV ;       ; 00:26:42
   1:54'10"55 ; DC    ;  66,230 ;     mV ;       ; 00:26:43
   1:54'10"82 ; DC    ;  66,270 ;     mV ;       ; 00:26:43
   1:54'11"08 ; DC    ;  66,240 ;     mV ;       ; 00:26:43
   1:54'11"35 ; DC    ;  66,270 ;     mV ;       ; 00:26:44
   1:54'11"66 ; DC    ;  66,270 ;     mV ;       ; 00:26:44
   1:54'11"95 ; DC    ;  66,240 ;     mV ;       ; 00:26:44
   1:54'12"23 ; DC    ;  66,240 ;     mV ;       ; 00:26:44
   1:54'12"49 ; DC    ;  66,240 ;     mV ;       ; 00:26:45
   1:54'12"77 ; DC    ;  66,230 ;     mV ;       ; 00:26:45
   1:54'13"06 ; DC    ;  66,240 ;     mV ;       ; 00:26:45
   1:54'13"34 ; DC    ;  66,240 ;     mV ;       ; 00:26:46
   1:54'13"63 ; DC    ;  66,240 ;     mV ;       ; 00:26:46
   1:54'13"89 ; DC    ;  66,230 ;     mV ;       ; 00:26:46
   1:54'14"15 ; DC    ;  66,230 ;     mV ;       ; 00:26:46
   1:54'14"41 ; DC    ;  66,200 ;     mV ;       ; 00:26:47
   1:54'14"66 ; DC    ;  66,230 ;     mV ;       ; 00:26:47
   1:54'14"91 ; DC    ;  66,220 ;     mV ;       ; 00:26:47
   1:54'15"16 ; DC    ;  66,220 ;     mV ;       ; 00:26:47
   1:54'15"42 ; DC    ;  66,230 ;     mV ;       ; 00:26:48
   1:54'15"69 ; DC    ;  66,190 ;     mV ;       ; 00:26:48
   1:54'15"96 ; DC    ;  66,240 ;     mV ;       ; 00:26:48
   1:54'16"22 ; DC    ;  66,190 ;     mV ;       ; 00:26:48
   1:54'16"48 ; DC    ;  66,220 ;     mV ;       ; 00:26:49
   1:54'16"75 ; DC    ;  66,200 ;     mV ;       ; 00:26:49
   1:54'17"01 ; DC    ;  66,200 ;     mV ;       ; 00:26:49
   1:54'17"29 ; DC    ;  66,200 ;     mV ;       ; 00:26:49
   1:54'17"58 ; DC    ;  66,200 ;     mV ;       ; 00:26:50
   1:54'17"86 ; DC    ;  66,240 ;     mV ;       ; 00:26:50
   1:54'18"11 ; DC    ;  66,230 ;     mV ;       ; 00:26:50
   1:54'18"39 ; DC    ;  66,250 ;     mV ;       ; 00:26:51
   1:54'18"65 ; DC    ;  66,240 ;     mV ;       ; 00:26:51
   1:54'18"91 ; DC    ;  66,250 ;     mV ;       ; 00:26:51
   1:54'19"18 ; DC    ;  66,240 ;     mV ;       ; 00:26:51
   1:54'19"44 ; DC    ;  66,240 ;     mV ;       ; 00:26:52
   1:54'19"70 ; DC    ;  66,230 ;     mV ;       ; 00:26:52
   1:54'19"96 ; DC    ;  66,230 ;     mV ;       ; 00:26:52
   1:54'20"21 ; DC    ;  66,220 ;     mV ;       ; 00:26:52
   1:54'20"48 ; DC    ;  66,240 ;     mV ;       ; 00:26:53
   1:54'20"75 ; DC    ;  66,220 ;     mV ;       ; 00:26:53
   1:54'21"01 ; DC    ;  66,250 ;     mV ;       ; 00:26:53
   1:54'21"29 ; DC    ;  66,230 ;     mV ;       ; 00:26:53
   1:54'21"55 ; DC    ;  66,240 ;     mV ;       ; 00:26:54
   1:54'21"81 ; DC    ;  66,240 ;     mV ;       ; 00:26:54
   1:54'22"07 ; DC    ;  66,240 ;     mV ;       ; 00:26:54
   1:54'22"33 ; DC    ;  66,230 ;     mV ;       ; 00:26:54
   1:54'22"59 ; DC    ;  66,250 ;     mV ;       ; 00:26:55
   1:54'22"85 ; DC    ;  66,200 ;     mV ;       ; 00:26:55
   1:54'23"12 ; DC    ;  66,240 ;     mV ;       ; 00:26:55
   1:54'23"37 ; DC    ;  66,220 ;     mV ;       ; 00:26:56
   1:54'23"62 ; DC    ;  66,220 ;     mV ;       ; 00:26:56
   1:54'23"89 ; DC    ;  66,270 ;     mV ;       ; 00:26:56
   1:54'24"14 ; DC    ;  66,240 ;     mV ;       ; 00:26:56
   1:54'24"38 ; DC    ;  66,250 ;     mV ;       ; 00:26:57
   1:54'24"64 ; DC    ;  66,260 ;     mV ;       ; 00:26:57
   1:54'24"91 ; DC    ;  66,250 ;     mV ;       ; 00:26:57
   1:54'25"17 ; DC    ;  66,290 ;     mV ;       ; 00:26:57
   1:54'25"43 ; DC    ;  66,260 ;     mV ;       ; 00:26:58
   1:54'25"70 ; DC    ;  66,260 ;     mV ;       ; 00:26:58
   1:54'25"97 ; DC    ;  66,300 ;     mV ;       ; 00:26:58
   1:54'26"23 ; DC    ;  66,290 ;     mV ;       ; 00:26:58
   1:54'26"51 ; DC    ;  66,290 ;     mV ;       ; 00:26:59
   1:54'26"79 ; DC    ;  66,270 ;     mV ;       ; 00:26:59
   1:54'27"06 ; DC    ;  66,300 ;     mV ;       ; 00:26:59
   1:54'27"34 ; DC    ;  66,310 ;     mV ;       ; 00:27:00
   1:54'27"63 ; DC    ;  66,290 ;     mV ;       ; 00:27:00
   1:54'27"90 ; DC    ;  66,310 ;     mV ;       ; 00:27:00
   1:54'28"17 ; DC    ;  66,270 ;     mV ;       ; 00:27:00
   1:54'28"41 ; DC    ;  66,290 ;     mV ;       ; 00:27:01
   1:54'28"66 ; DC    ;  66,290 ;     mV ;       ; 00:27:01
   1:54'28"92 ; DC    ;  66,280 ;     mV ;       ; 00:27:01
   1:54'29"19 ; DC    ;  66,310 ;     mV ;       ; 00:27:01
   1:54'29"43 ; DC    ;  66,290 ;     mV ;       ; 00:27:02
   1:54'29"70 ; DC    ;  66,300 ;     mV ;       ; 00:27:02
   1:54'29"97 ; DC    ;  66,320 ;     mV ;       ; 00:27:02
   1:54'30"23 ; DC    ;  66,320 ;     mV ;       ; 00:27:02
   1:54'30"50 ; DC    ;  66,300 ;     mV ;       ; 00:27:03
   1:54'30"76 ; DC    ;  66,300 ;     mV ;       ; 00:27:03
   1:54'31"03 ; DC    ;  66,260 ;     mV ;       ; 00:27:03
   1:54'31"31 ; DC    ;  66,290 ;     mV ;       ; 00:27:03
   1:54'31"57 ; DC    ;  66,250 ;     mV ;       ; 00:27:04
   1:54'31"82 ; DC    ;  66,290 ;     mV ;       ; 00:27:04
   1:54'32"09 ; DC    ;  66,250 ;     mV ;       ; 00:27:04
   1:54'32"33 ; DC    ;  66,260 ;     mV ;       ; 00:27:05
   1:54'32"61 ; DC    ;  66,260 ;     mV ;       ; 00:27:05
   1:54'32"88 ; DC    ;  66,260 ;     mV ;       ; 00:27:05
   1:54'33"16 ; DC    ;  66,250 ;     mV ;       ; 00:27:05
   1:54'33"42 ; DC    ;  66,260 ;     mV ;       ; 00:27:06
   1:54'33"68 ; DC    ;  66,250 ;     mV ;       ; 00:27:06
   1:54'33"95 ; DC    ;  66,250 ;     mV ;       ; 00:27:06
   1:54'34"21 ; DC    ;  66,230 ;     mV ;       ; 00:27:06
   1:54'34"46 ; DC    ;  66,270 ;     mV ;       ; 00:27:07
   1:54'34"73 ; DC    ;  66,250 ;     mV ;       ; 00:27:07
   1:54'34"99 ; DC    ;  66,250 ;     mV ;       ; 00:27:07
   1:54'35"25 ; DC    ;  66,270 ;     mV ;       ; 00:27:07
   1:54'35"52 ; DC    ;  66,240 ;     mV ;       ; 00:27:08
   1:54'35"78 ; DC    ;  66,260 ;     mV ;       ; 00:27:08
   1:54'36"04 ; DC    ;  66,250 ;     mV ;       ; 00:27:08
   1:54'36"31 ; DC    ;  66,250 ;     mV ;       ; 00:27:08
   1:54'36"57 ; DC    ;  66,280 ;     mV ;       ; 00:27:09
   1:54'36"84 ; DC    ;  66,240 ;     mV ;       ; 00:27:09
   1:54'37"08 ; DC    ;  66,270 ;     mV ;       ; 00:27:09
   1:54'37"37 ; DC    ;  66,270 ;     mV ;       ; 00:27:10
   1:54'37"62 ; DC    ;  66,250 ;     mV ;       ; 00:27:10
   1:54'37"88 ; DC    ;  66,280 ;     mV ;       ; 00:27:10
   1:54'38"14 ; DC    ;  66,260 ;     mV ;       ; 00:27:10
   1:54'38"41 ; DC    ;  66,280 ;     mV ;       ; 00:27:11
   1:54'38"68 ; DC    ;  66,270 ;     mV ;       ; 00:27:11
   1:54'38"93 ; DC    ;  66,300 ;     mV ;       ; 00:27:11
   1:54'39"17 ; DC    ;  66,300 ;     mV ;       ; 00:27:11
   1:54'39"44 ; DC    ;  66,270 ;     mV ;       ; 00:27:12
   1:54'39"70 ; DC    ;  66,310 ;     mV ;       ; 00:27:12
   1:54'39"96 ; DC    ;  66,280 ;     mV ;       ; 00:27:12
   1:54'40"23 ; DC    ;  66,290 ;     mV ;       ; 00:27:12
   1:54'40"48 ; DC    ;  66,280 ;     mV ;       ; 00:27:13
   1:54'40"72 ; DC    ;  66,270 ;     mV ;       ; 00:27:13
   1:54'40"99 ; DC    ;  66,270 ;     mV ;       ; 00:27:13
   1:54'41"25 ; DC    ;  66,290 ;     mV ;       ; 00:27:13
   1:54'41"51 ; DC    ;  66,260 ;     mV ;       ; 00:27:14
   1:54'41"78 ; DC    ;  66,280 ;     mV ;       ; 00:27:14
   1:54'42"06 ; DC    ;  66,270 ;     mV ;       ; 00:27:14
   1:54'42"32 ; DC    ;  66,290 ;     mV ;       ; 00:27:14
   1:54'42"58 ; DC    ;  66,260 ;     mV ;       ; 00:27:15
   1:54'42"84 ; DC    ;  66,260 ;     mV ;       ; 00:27:15
   1:54'43"08 ; DC    ;  66,300 ;     mV ;       ; 00:27:15
   1:54'43"34 ; DC    ;  66,240 ;     mV ;       ; 00:27:16
   1:54'43"59 ; DC    ;  66,290 ;     mV ;       ; 00:27:16
   1:54'43"84 ; DC    ;  66,270 ;     mV ;       ; 00:27:16
   1:54'44"11 ; DC    ;  66,280 ;     mV ;       ; 00:27:16
   1:54'44"35 ; DC    ;  66,240 ;     mV ;       ; 00:27:17
   1:54'44"60 ; DC    ;  66,280 ;     mV ;       ; 00:27:17
   1:54'44"86 ; DC    ;  66,280 ;     mV ;       ; 00:27:17
   1:54'45"12 ; DC    ;  66,270 ;     mV ;       ; 00:27:17
   1:54'45"39 ; DC    ;  66,290 ;     mV ;       ; 00:27:18
   1:54'45"65 ; DC    ;  66,260 ;     mV ;       ; 00:27:18
   1:54'45"91 ; DC    ;  66,270 ;     mV ;       ; 00:27:18
   1:54'46"17 ; DC    ;  66,260 ;     mV ;       ; 00:27:18
   1:54'46"43 ; DC    ;  66,230 ;     mV ;       ; 00:27:19
   1:54'46"68 ; DC    ;  66,230 ;     mV ;       ; 00:27:19
   1:54'46"93 ; DC    ;  66,260 ;     mV ;       ; 00:27:19
   1:54'47"18 ; DC    ;  66,230 ;     mV ;       ; 00:27:19
   1:54'47"44 ; DC    ;  66,260 ;     mV ;       ; 00:27:20
   1:54'47"71 ; DC    ;  66,250 ;     mV ;       ; 00:27:20
   1:54'47"97 ; DC    ;  66,260 ;     mV ;       ; 00:27:20
   1:54'48"23 ; DC    ;  66,240 ;     mV ;       ; 00:27:20
   1:54'48"50 ; DC    ;  66,240 ;     mV ;       ; 00:27:21
   1:54'48"76 ; DC    ;  66,250 ;     mV ;       ; 00:27:21
   1:54'49"03 ; DC    ;  66,250 ;     mV ;       ; 00:27:21
   1:54'49"27 ; DC    ;  66,260 ;     mV ;       ; 00:27:21
   1:54'49"52 ; DC    ;  66,220 ;     mV ;       ; 00:27:22
   1:54'49"78 ; DC    ;  66,240 ;     mV ;       ; 00:27:22
   1:54'50"05 ; DC    ;  66,230 ;     mV ;       ; 00:27:22
   1:54'50"31 ; DC    ;  66,260 ;     mV ;       ; 00:27:22
   1:54'50"58 ; DC    ;  66,260 ;     mV ;       ; 00:27:23
   1:54'50"82 ; DC    ;  66,230 ;     mV ;       ; 00:27:23
   1:54'51"07 ; DC    ;  66,240 ;     mV ;       ; 00:27:23
   1:54'51"32 ; DC    ;  66,240 ;     mV ;       ; 00:27:23
   1:54'51"58 ; DC    ;  66,250 ;     mV ;       ; 00:27:24
   1:54'51"85 ; DC    ;  66,250 ;     mV ;       ; 00:27:24
   1:54'52"11 ; DC    ;  66,230 ;     mV ;       ; 00:27:24
   1:54'52"37 ; DC    ;  66,230 ;     mV ;       ; 00:27:25
   1:54'52"63 ; DC    ;  66,270 ;     mV ;       ; 00:27:25
   1:54'52"91 ; DC    ;  66,220 ;     mV ;       ; 00:27:25
   1:54'53"17 ; DC    ;  66,240 ;     mV ;       ; 00:27:25
   1:54'53"45 ; DC    ;  66,240 ;     mV ;       ; 00:27:26
   1:54'53"71 ; DC    ;  66,230 ;     mV ;       ; 00:27:26
   1:54'53"97 ; DC    ;  66,260 ;     mV ;       ; 00:27:26
   1:54'54"23 ; DC    ;  66,260 ;     mV ;       ; 00:27:26
   1:54'54"48 ; DC    ;  66,250 ;     mV ;       ; 00:27:27
   1:54'54"73 ; DC    ;  66,250 ;     mV ;       ; 00:27:27
   1:54'54"99 ; DC    ;  66,240 ;     mV ;       ; 00:27:27
   1:54'55"24 ; DC    ;  66,250 ;     mV ;       ; 00:27:27
   1:54'55"50 ; DC    ;  66,220 ;     mV ;       ; 00:27:28
   1:54'55"76 ; DC    ;  66,230 ;     mV ;       ; 00:27:28
   1:54'56"02 ; DC    ;  66,230 ;     mV ;       ; 00:27:28
   1:54'56"27 ; DC    ;  66,230 ;     mV ;       ; 00:27:28
   1:54'56"53 ; DC    ;  66,240 ;     mV ;       ; 00:27:29
   1:54'56"80 ; DC    ;  66,230 ;     mV ;       ; 00:27:29
   1:54'57"08 ; DC    ;  66,240 ;     mV ;       ; 00:27:29
   1:54'57"34 ; DC    ;  66,240 ;     mV ;       ; 00:27:30
   1:54'57"60 ; DC    ;  66,220 ;     mV ;       ; 00:27:30
   1:54'57"89 ; DC    ;  66,260 ;     mV ;       ; 00:27:30
   1:54'58"16 ; DC    ;  66,280 ;     mV ;       ; 00:27:30
   1:54'58"42 ; DC    ;  66,280 ;     mV ;       ; 00:27:31
   1:54'58"68 ; DC    ;  66,250 ;     mV ;       ; 00:27:31
   1:54'58"96 ; DC    ;  66,270 ;     mV ;       ; 00:27:31
   1:54'59"22 ; DC    ;  66,240 ;     mV ;       ; 00:27:31
   1:54'59"47 ; DC    ;  66,280 ;     mV ;       ; 00:27:32
   1:54'59"74 ; DC    ;  66,230 ;     mV ;       ; 00:27:32
   1:54'59"99 ; DC    ;  66,260 ;     mV ;       ; 00:27:32
   1:55'00"24 ; DC    ;  66,220 ;     mV ;       ; 00:27:32
   1:55'00"50 ; DC    ;  66,220 ;     mV ;       ; 00:27:33
   1:55'00"78 ; DC    ;  66,260 ;     mV ;       ; 00:27:33
   1:55'01"05 ; DC    ;  66,230 ;     mV ;       ; 00:27:33
   1:55'01"31 ; DC    ;  66,250 ;     mV ;       ; 00:27:33
   1:55'01"58 ; DC    ;  66,260 ;     mV ;       ; 00:27:34
   1:55'01"84 ; DC    ;  66,250 ;     mV ;       ; 00:27:34
   1:55'02"11 ; DC    ;  66,290 ;     mV ;       ; 00:27:34
   1:55'02"38 ; DC    ;  66,250 ;     mV ;       ; 00:27:35
   1:55'02"64 ; DC    ;  66,250 ;     mV ;       ; 00:27:35
   1:55'02"90 ; DC    ;  66,270 ;     mV ;       ; 00:27:35
   1:55'03"17 ; DC    ;  66,240 ;     mV ;       ; 00:27:35
   1:55'03"45 ; DC    ;  66,260 ;     mV ;       ; 00:27:36
   1:55'03"71 ; DC    ;  66,200 ;     mV ;       ; 00:27:36
   1:55'03"98 ; DC    ;  66,260 ;     mV ;       ; 00:27:36
   1:55'04"27 ; DC    ;  66,260 ;     mV ;       ; 00:27:36
   1:55'04"54 ; DC    ;  66,250 ;     mV ;       ; 00:27:37
   1:55'04"85 ; DC    ;  66,250 ;     mV ;       ; 00:27:37
   1:55'05"11 ; DC    ;  66,230 ;     mV ;       ; 00:27:37
   1:55'05"38 ; DC    ;  66,270 ;     mV ;       ; 00:27:38
   1:55'05"64 ; DC    ;  66,240 ;     mV ;       ; 00:27:38
   1:55'05"90 ; DC    ;  66,240 ;     mV ;       ; 00:27:38
   1:55'06"17 ; DC    ;  66,240 ;     mV ;       ; 00:27:38
   1:55'06"41 ; DC    ;  66,220 ;     mV ;       ; 00:27:39
   1:55'06"68 ; DC    ;  66,240 ;     mV ;       ; 00:27:39
   1:55'06"94 ; DC    ;  66,220 ;     mV ;       ; 00:27:39
   1:55'07"20 ; DC    ;  66,260 ;     mV ;       ; 00:27:39
   1:55'07"47 ; DC    ;  66,230 ;     mV ;       ; 00:27:40
   1:55'07"73 ; DC    ;  66,230 ;     mV ;       ; 00:27:40
   1:55'07"99 ; DC    ;  66,260 ;     mV ;       ; 00:27:40
   1:55'08"26 ; DC    ;  66,250 ;     mV ;       ; 00:27:40
   1:55'08"53 ; DC    ;  66,240 ;     mV ;       ; 00:27:41
   1:55'08"77 ; DC    ;  66,260 ;     mV ;       ; 00:27:41
   1:55'09"02 ; DC    ;  66,260 ;     mV ;       ; 00:27:41
   1:55'09"27 ; DC    ;  66,260 ;     mV ;       ; 00:27:41
   1:55'09"53 ; DC    ;  66,240 ;     mV ;       ; 00:27:42
   1:55'09"80 ; DC    ;  66,240 ;     mV ;       ; 00:27:42
   1:55'10"09 ; DC    ;  66,260 ;     mV ;       ; 00:27:42
   1:55'10"36 ; DC    ;  66,230 ;     mV ;       ; 00:27:43
   1:55'10"62 ; DC    ;  66,270 ;     mV ;       ; 00:27:43
   1:55'10"86 ; DC    ;  66,240 ;     mV ;       ; 00:27:43
   1:55'11"11 ; DC    ;  66,270 ;     mV ;       ; 00:27:43
   1:55'11"38 ; DC    ;  66,230 ;     mV ;       ; 00:27:44
   1:55'11"64 ; DC    ;  66,260 ;     mV ;       ; 00:27:44
   1:55'11"90 ; DC    ;  66,220 ;     mV ;       ; 00:27:44
   1:55'12"19 ; DC    ;  66,220 ;     mV ;       ; 00:27:44
   1:55'12"43 ; DC    ;  66,250 ;     mV ;       ; 00:27:45
   1:55'12"70 ; DC    ;  66,260 ;     mV ;       ; 00:27:45
   1:55'12"94 ; DC    ;  66,240 ;     mV ;       ; 00:27:45
   1:55'13"22 ; DC    ;  66,250 ;     mV ;       ; 00:27:45
   1:55'13"48 ; DC    ;  66,250 ;     mV ;       ; 00:27:46
   1:55'13"74 ; DC    ;  66,260 ;     mV ;       ; 00:27:46
   1:55'14"01 ; DC    ;  66,260 ;     mV ;       ; 00:27:46
   1:55'14"27 ; DC    ;  66,220 ;     mV ;       ; 00:27:46
   1:55'14"52 ; DC    ;  66,250 ;     mV ;       ; 00:27:47
   1:55'14"78 ; DC    ;  66,220 ;     mV ;       ; 00:27:47
   1:55'15"05 ; DC    ;  66,260 ;     mV ;       ; 00:27:47
   1:55'15"31 ; DC    ;  66,240 ;     mV ;       ; 00:27:47
   1:55'15"57 ; DC    ;  66,270 ;     mV ;       ; 00:27:48
   1:55'15"83 ; DC    ;  66,270 ;     mV ;       ; 00:27:48
   1:55'16"09 ; DC    ;  66,280 ;     mV ;       ; 00:27:48
   1:55'16"35 ; DC    ;  66,280 ;     mV ;       ; 00:27:49
   1:55'16"61 ; DC    ;  66,260 ;     mV ;       ; 00:27:49
   1:55'16"89 ; DC    ;  66,290 ;     mV ;       ; 00:27:49
   1:55'17"13 ; DC    ;  66,250 ;     mV ;       ; 00:27:49
   1:55'17"40 ; DC    ;  66,280 ;     mV ;       ; 00:27:50
   1:55'17"65 ; DC    ;  66,270 ;     mV ;       ; 00:27:50
   1:55'17"91 ; DC    ;  66,290 ;     mV ;       ; 00:27:50
   1:55'18"17 ; DC    ;  66,290 ;     mV ;       ; 00:27:50
   1:55'18"47 ; DC    ;  66,270 ;     mV ;       ; 00:27:51
   1:55'18"73 ; DC    ;  66,300 ;     mV ;       ; 00:27:51
   1:55'19"01 ; DC    ;  66,290 ;     mV ;       ; 00:27:51
   1:55'19"26 ; DC    ;  66,310 ;     mV ;       ; 00:27:51
   1:55'19"50 ; DC    ;  66,290 ;     mV ;       ; 00:27:52
   1:55'19"76 ; DC    ;  66,310 ;     mV ;       ; 00:27:52
   1:55'20"02 ; DC    ;  66,310 ;     mV ;       ; 00:27:52
   1:55'20"28 ; DC    ;  66,300 ;     mV ;       ; 00:27:52
   1:55'20"55 ; DC    ;  66,290 ;     mV ;       ; 00:27:53
   1:55'20"81 ; DC    ;  66,310 ;     mV ;       ; 00:27:53
   1:55'21"08 ; DC    ;  66,280 ;     mV ;       ; 00:27:53
   1:55'21"34 ; DC    ;  66,320 ;     mV ;       ; 00:27:54
   1:55'21"62 ; DC    ;  66,310 ;     mV ;       ; 00:27:54
   1:55'21"90 ; DC    ;  66,310 ;     mV ;       ; 00:27:54
   1:55'22"15 ; DC    ;  66,310 ;     mV ;       ; 00:27:54
   1:55'22"40 ; DC    ;  66,310 ;     mV ;       ; 00:27:55
   1:55'22"67 ; DC    ;  66,290 ;     mV ;       ; 00:27:55
   1:55'22"92 ; DC    ;  66,340 ;     mV ;       ; 00:27:55
   1:55'23"20 ; DC    ;  66,310 ;     mV ;       ; 00:27:55
   1:55'23"46 ; DC    ;  66,330 ;     mV ;       ; 00:27:56
   1:55'23"74 ; DC    ;  66,300 ;     mV ;       ; 00:27:56
   1:55'24"00 ; DC    ;  66,340 ;     mV ;       ; 00:27:56
   1:55'24"28 ; DC    ;  66,290 ;     mV ;       ; 00:27:56
   1:55'24"54 ; DC    ;  66,270 ;     mV ;       ; 00:27:57
   1:55'24"80 ; DC    ;  66,270 ;     mV ;       ; 00:27:57
   1:55'25"06 ; DC    ;  66,280 ;     mV ;       ; 00:27:57
   1:55'25"33 ; DC    ;  66,240 ;     mV ;       ; 00:27:57
   1:55'25"59 ; DC    ;  66,270 ;     mV ;       ; 00:27:58
   1:55'25"84 ; DC    ;  66,290 ;     mV ;       ; 00:27:58
   1:55'26"09 ; DC    ;  66,290 ;     mV ;       ; 00:27:58
   1:55'26"35 ; DC    ;  66,280 ;     mV ;       ; 00:27:59
   1:55'26"61 ; DC    ;  66,280 ;     mV ;       ; 00:27:59
   1:55'26"88 ; DC    ;  66,290 ;     mV ;       ; 00:27:59
   1:55'27"14 ; DC    ;  66,280 ;     mV ;       ; 00:27:59
   1:55'27"41 ; DC    ;  66,280 ;     mV ;       ; 00:28:00
   1:55'27"67 ; DC    ;  66,310 ;     mV ;       ; 00:28:00
   1:55'27"93 ; DC    ;  66,280 ;     mV ;       ; 00:28:00
   1:55'28"18 ; DC    ;  66,280 ;     mV ;       ; 00:28:00
   1:55'28"43 ; DC    ;  66,280 ;     mV ;       ; 00:28:01
   1:55'28"68 ; DC    ;  66,280 ;     mV ;       ; 00:28:01
   1:55'28"93 ; DC    ;  66,270 ;     mV ;       ; 00:28:01
   1:55'29"19 ; DC    ;  66,260 ;     mV ;       ; 00:28:01
   1:55'29"45 ; DC    ;  66,270 ;     mV ;       ; 00:28:02
   1:55'29"72 ; DC    ;  66,270 ;     mV ;       ; 00:28:02
   1:55'30"00 ; DC    ;  66,250 ;     mV ;       ; 00:28:02
   1:55'30"34 ; DC    ;  66,280 ;     mV ;       ; 00:28:03
   1:55'30"64 ; DC    ;  66,230 ;     mV ;       ; 00:28:03
   1:55'30"90 ; DC    ;  66,270 ;     mV ;       ; 00:28:03
   1:55'31"15 ; DC    ;  66,240 ;     mV ;       ; 00:28:03
   1:55'31"41 ; DC    ;  66,240 ;     mV ;       ; 00:28:04
   1:55'31"67 ; DC    ;  66,270 ;     mV ;       ; 00:28:04
   1:55'31"93 ; DC    ;  66,250 ;     mV ;       ; 00:28:04
   1:55'32"18 ; DC    ;  66,270 ;     mV ;       ; 00:28:04
   1:55'32"43 ; DC    ;  66,230 ;     mV ;       ; 00:28:05
   1:55'32"68 ; DC    ;  66,250 ;     mV ;       ; 00:28:05
   1:55'32"93 ; DC    ;  66,260 ;     mV ;       ; 00:28:05
   1:55'33"18 ; DC    ;  66,260 ;     mV ;       ; 00:28:05
   1:55'33"43 ; DC    ;  66,240 ;     mV ;       ; 00:28:06
   1:55'33"69 ; DC    ;  66,260 ;     mV ;       ; 00:28:06
   1:55'33"95 ; DC    ;  66,230 ;     mV ;       ; 00:28:06
   1:55'34"21 ; DC    ;  66,270 ;     mV ;       ; 00:28:06
   1:55'34"47 ; DC    ;  66,230 ;     mV ;       ; 00:28:07
   1:55'34"74 ; DC    ;  66,280 ;     mV ;       ; 00:28:07
   1:55'34"99 ; DC    ;  66,280 ;     mV ;       ; 00:28:07
   1:55'35"26 ; DC    ;  66,240 ;     mV ;       ; 00:28:07
   1:55'35"56 ; DC    ;  66,240 ;     mV ;       ; 00:28:08
   1:55'35"85 ; DC    ;  66,230 ;     mV ;       ; 00:28:08
   1:55'36"13 ; DC    ;  66,230 ;     mV ;       ; 00:28:08
   1:55'36"42 ; DC    ;  66,220 ;     mV ;       ; 00:28:09
   1:55'36"71 ; DC    ;  66,250 ;     mV ;       ; 00:28:09
   1:55'36"99 ; DC    ;  66,260 ;     mV ;       ; 00:28:09
   1:55'37"26 ; DC    ;  66,240 ;     mV ;       ; 00:28:09
   1:55'37"54 ; DC    ;  66,250 ;     mV ;       ; 00:28:10
   1:55'37"87 ; DC    ;  66,230 ;     mV ;       ; 00:28:10
   1:55'38"14 ; DC    ;  66,270 ;     mV ;       ; 00:28:10
   1:55'38"41 ; DC    ;  66,240 ;     mV ;       ; 00:28:11
   1:55'38"69 ; DC    ;  66,280 ;     mV ;       ; 00:28:11
   1:55'38"96 ; DC    ;  66,240 ;     mV ;       ; 00:28:11
   1:55'39"23 ; DC    ;  66,240 ;     mV ;       ; 00:28:11
   1:55'39"49 ; DC    ;  66,250 ;     mV ;       ; 00:28:12
   1:55'39"76 ; DC    ;  66,250 ;     mV ;       ; 00:28:12
   1:55'40"03 ; DC    ;  66,260 ;     mV ;       ; 00:28:12
   1:55'40"31 ; DC    ;  66,260 ;     mV ;       ; 00:28:12
   1:55'40"57 ; DC    ;  66,280 ;     mV ;       ; 00:28:13
   1:55'40"84 ; DC    ;  66,270 ;     mV ;       ; 00:28:13
   1:55'41"10 ; DC    ;  66,240 ;     mV ;       ; 00:28:13
   1:55'41"37 ; DC    ;  66,260 ;     mV ;       ; 00:28:14
   1:55'41"64 ; DC    ;  66,240 ;     mV ;       ; 00:28:14
   1:55'41"91 ; DC    ;  66,240 ;     mV ;       ; 00:28:14
   1:55'42"18 ; DC    ;  66,280 ;     mV ;       ; 00:28:14
   1:55'42"44 ; DC    ;  66,260 ;     mV ;       ; 00:28:15
   1:55'42"72 ; DC    ;  66,300 ;     mV ;       ; 00:28:15
   1:55'43"00 ; DC    ;  66,250 ;     mV ;       ; 00:28:15
   1:55'43"27 ; DC    ;  66,270 ;     mV ;       ; 00:28:15
   1:55'43"54 ; DC    ;  66,200 ;     mV ;       ; 00:28:16
   1:55'43"82 ; DC    ;  66,220 ;     mV ;       ; 00:28:16
   1:55'44"10 ; DC    ;  66,180 ;     mV ;       ; 00:28:16
   1:55'44"42 ; DC    ;  66,220 ;     mV ;       ; 00:28:17
   1:55'44"70 ; DC    ;  66,200 ;     mV ;       ; 00:28:17
   1:55'44"97 ; DC    ;  66,230 ;     mV ;       ; 00:28:17
   1:55'45"24 ; DC    ;  66,200 ;     mV ;       ; 00:28:17
   1:55'45"52 ; DC    ;  66,270 ;     mV ;       ; 00:28:18
   1:55'45"78 ; DC    ;  66,270 ;     mV ;       ; 00:28:18
   1:55'46"05 ; DC    ;  66,250 ;     mV ;       ; 00:28:18
   1:55'46"31 ; DC    ;  66,250 ;     mV ;       ; 00:28:18
   1:55'46"57 ; DC    ;  66,260 ;     mV ;       ; 00:28:19
   1:55'46"87 ; DC    ;  66,230 ;     mV ;       ; 00:28:19
   1:55'47"13 ; DC    ;  66,230 ;     mV ;       ; 00:28:19
   1:55'47"38 ; DC    ;  66,190 ;     mV ;       ; 00:28:20
   1:55'47"66 ; DC    ;  66,200 ;     mV ;       ; 00:28:20
   1:55'47"93 ; DC    ;  66,200 ;     mV ;       ; 00:28:20
   1:55'48"21 ; DC    ;  66,230 ;     mV ;       ; 00:28:20
   1:55'48"47 ; DC    ;  66,230 ;     mV ;       ; 00:28:21
   1:55'48"78 ; DC    ;  66,230 ;     mV ;       ; 00:28:21
   1:55'49"06 ; DC    ;  66,180 ;     mV ;       ; 00:28:21
   1:55'49"38 ; DC    ;  66,170 ;     mV ;       ; 00:28:22
   1:55'49"67 ; DC    ;  66,220 ;     mV ;       ; 00:28:22
   1:55'49"95 ; DC    ;  66,220 ;     mV ;       ; 00:28:22
   1:55'50"24 ; DC    ;  66,220 ;     mV ;       ; 00:28:22
   1:55'50"49 ; DC    ;  66,200 ;     mV ;       ; 00:28:23
   1:55'50"75 ; DC    ;  66,250 ;     mV ;       ; 00:28:23
   1:55'51"02 ; DC    ;  66,250 ;     mV ;       ; 00:28:23
   1:55'51"30 ; DC    ;  66,250 ;     mV ;       ; 00:28:23
   1:55'51"58 ; DC    ;  66,260 ;     mV ;       ; 00:28:24
   1:55'51"88 ; DC    ;  66,240 ;     mV ;       ; 00:28:24
   1:55'52"17 ; DC    ;  66,250 ;     mV ;       ; 00:28:24
   1:55'52"44 ; DC    ;  66,220 ;     mV ;       ; 00:28:25
   1:55'52"69 ; DC    ;  66,240 ;     mV ;       ; 00:28:25
   1:55'52"98 ; DC    ;  66,240 ;     mV ;       ; 00:28:25
   1:55'53"27 ; DC    ;  66,230 ;     mV ;       ; 00:28:25
   1:55'53"52 ; DC    ;  66,240 ;     mV ;       ; 00:28:26
   1:55'53"79 ; DC    ;  66,250 ;     mV ;       ; 00:28:26
   1:55'54"06 ; DC    ;  66,250 ;     mV ;       ; 00:28:26
   1:55'54"33 ; DC    ;  66,250 ;     mV ;       ; 00:28:27
   1:55'54"60 ; DC    ;  66,200 ;     mV ;       ; 00:28:27
   1:55'54"86 ; DC    ;  66,240 ;     mV ;       ; 00:28:27
   1:55'55"15 ; DC    ;  66,220 ;     mV ;       ; 00:28:27
   1:55'55"43 ; DC    ;  66,240 ;     mV ;       ; 00:28:28
   1:55'55"72 ; DC    ;  66,240 ;     mV ;       ; 00:28:28
   1:55'55"99 ; DC    ;  66,230 ;     mV ;       ; 00:28:28
   1:55'56"27 ; DC    ;  66,230 ;     mV ;       ; 00:28:28
   1:55'56"55 ; DC    ;  66,240 ;     mV ;       ; 00:28:29
   1:55'56"82 ; DC    ;  66,220 ;     mV ;       ; 00:28:29
   1:55'57"09 ; DC    ;  66,250 ;     mV ;       ; 00:28:29
   1:55'57"33 ; DC    ;  66,230 ;     mV ;       ; 00:28:30
   1:55'57"60 ; DC    ;  66,230 ;     mV ;       ; 00:28:30
   1:55'57"86 ; DC    ;  66,190 ;     mV ;       ; 00:28:30
   1:55'58"12 ; DC    ;  66,220 ;     mV ;       ; 00:28:30
   1:55'58"37 ; DC    ;  66,220 ;     mV ;       ; 00:28:31
   1:55'58"62 ; DC    ;  66,220 ;     mV ;       ; 00:28:31
   1:55'58"86 ; DC    ;  66,200 ;     mV ;       ; 00:28:31
   1:55'59"11 ; DC    ;  66,220 ;     mV ;       ; 00:28:31
   1:55'59"38 ; DC    ;  66,180 ;     mV ;       ; 00:28:32
   1:55'59"65 ; DC    ;  66,190 ;     mV ;       ; 00:28:32
   1:55'59"92 ; DC    ;  66,190 ;     mV ;       ; 00:28:32
   1:56'00"20 ; DC    ;  66,220 ;     mV ;       ; 00:28:32
   1:56'00"47 ; DC    ;  66,220 ;     mV ;       ; 00:28:33
   1:56'00"76 ; DC    ;  66,200 ;     mV ;       ; 00:28:33
   1:56'01"04 ; DC    ;  66,220 ;     mV ;       ; 00:28:33
   1:56'01"30 ; DC    ;  66,220 ;     mV ;       ; 00:28:33
   1:56'01"58 ; DC    ;  66,220 ;     mV ;       ; 00:28:34
   1:56'01"86 ; DC    ;  66,230 ;     mV ;       ; 00:28:34
   1:56'02"12 ; DC    ;  66,180 ;     mV ;       ; 00:28:34
   1:56'02"40 ; DC    ;  66,250 ;     mV ;       ; 00:28:35
   1:56'02"64 ; DC    ;  66,190 ;     mV ;       ; 00:28:35
   1:56'02"89 ; DC    ;  66,240 ;     mV ;       ; 00:28:35
   1:56'03"16 ; DC    ;  66,240 ;     mV ;       ; 00:28:35
   1:56'03"42 ; DC    ;  66,180 ;     mV ;       ; 00:28:36
   1:56'03"69 ; DC    ;  66,240 ;     mV ;       ; 00:28:36
   1:56'03"97 ; DC    ;  66,230 ;     mV ;       ; 00:28:36
   1:56'04"29 ; DC    ;  66,240 ;     mV ;       ; 00:28:36
   1:56'04"57 ; DC    ;  66,250 ;     mV ;       ; 00:28:37
   1:56'04"83 ; DC    ;  66,240 ;     mV ;       ; 00:28:37
   1:56'05"11 ; DC    ;  66,270 ;     mV ;       ; 00:28:37
   1:56'05"39 ; DC    ;  66,250 ;     mV ;       ; 00:28:38
   1:56'05"67 ; DC    ;  66,260 ;     mV ;       ; 00:28:38
   1:56'05"95 ; DC    ;  66,260 ;     mV ;       ; 00:28:38
   1:56'06"22 ; DC    ;  66,260 ;     mV ;       ; 00:28:38
   1:56'06"48 ; DC    ;  66,260 ;     mV ;       ; 00:28:39
   1:56'06"75 ; DC    ;  66,230 ;     mV ;       ; 00:28:39
   1:56'07"03 ; DC    ;  66,260 ;     mV ;       ; 00:28:39
   1:56'07"31 ; DC    ;  66,230 ;     mV ;       ; 00:28:39
   1:56'07"60 ; DC    ;  66,260 ;     mV ;       ; 00:28:40
   1:56'07"88 ; DC    ;  66,230 ;     mV ;       ; 00:28:40
   1:56'08"14 ; DC    ;  66,250 ;     mV ;       ; 00:28:40
   1:56'08"40 ; DC    ;  66,240 ;     mV ;       ; 00:28:41
   1:56'08"65 ; DC    ;  66,260 ;     mV ;       ; 00:28:41
   1:56'08"94 ; DC    ;  66,240 ;     mV ;       ; 00:28:41
   1:56'09"20 ; DC    ;  66,240 ;     mV ;       ; 00:28:41
   1:56'09"47 ; DC    ;  66,230 ;     mV ;       ; 00:28:42
   1:56'09"73 ; DC    ;  66,240 ;     mV ;       ; 00:28:42
   1:56'09"99 ; DC    ;  66,230 ;     mV ;       ; 00:28:42
   1:56'10"24 ; DC    ;  66,250 ;     mV ;       ; 00:28:42
   1:56'10"51 ; DC    ;  66,220 ;     mV ;       ; 00:28:43
   1:56'10"77 ; DC    ;  66,240 ;     mV ;       ; 00:28:43
   1:56'11"02 ; DC    ;  66,240 ;     mV ;       ; 00:28:43
   1:56'11"29 ; DC    ;  66,220 ;     mV ;       ; 00:28:43
   1:56'11"55 ; DC    ;  66,270 ;     mV ;       ; 00:28:44
   1:56'11"81 ; DC    ;  66,240 ;     mV ;       ; 00:28:44
   1:56'12"08 ; DC    ;  66,280 ;     mV ;       ; 00:28:44
   1:56'12"34 ; DC    ;  66,230 ;     mV ;       ; 00:28:45
   1:56'12"59 ; DC    ;  66,280 ;     mV ;       ; 00:28:45
   1:56'12"83 ; DC    ;  66,260 ;     mV ;       ; 00:28:45
   1:56'13"09 ; DC    ;  66,260 ;     mV ;       ; 00:28:45
   1:56'13"36 ; DC    ;  66,260 ;     mV ;       ; 00:28:46
   1:56'13"62 ; DC    ;  66,250 ;     mV ;       ; 00:28:46
   1:56'13"89 ; DC    ;  66,260 ;     mV ;       ; 00:28:46
   1:56'14"16 ; DC    ;  66,270 ;     mV ;       ; 00:28:46
   1:56'14"41 ; DC    ;  66,240 ;     mV ;       ; 00:28:47
   1:56'14"68 ; DC    ;  66,250 ;     mV ;       ; 00:28:47
   1:56'14"94 ; DC    ;  66,240 ;     mV ;       ; 00:28:47
   1:56'15"20 ; DC    ;  66,240 ;     mV ;       ; 00:28:47
   1:56'15"48 ; DC    ;  66,250 ;     mV ;       ; 00:28:48
   1:56'15"78 ; DC    ;  66,240 ;     mV ;       ; 00:28:48
   1:56'16"06 ; DC    ;  66,250 ;     mV ;       ; 00:28:48
   1:56'16"33 ; DC    ;  66,260 ;     mV ;       ; 00:28:48
   1:56'16"57 ; DC    ;  66,270 ;     mV ;       ; 00:28:49
   1:56'16"82 ; DC    ;  66,270 ;     mV ;       ; 00:28:49
   1:56'17"07 ; DC    ;  66,300 ;     mV ;       ; 00:28:49
   1:56'17"33 ; DC    ;  66,260 ;     mV ;       ; 00:28:50
   1:56'17"60 ; DC    ;  66,260 ;     mV ;       ; 00:28:50
   1:56'17"86 ; DC    ;  66,290 ;     mV ;       ; 00:28:50
   1:56'18"12 ; DC    ;  66,250 ;     mV ;       ; 00:28:50
   1:56'18"38 ; DC    ;  66,270 ;     mV ;       ; 00:28:51
   1:56'18"65 ; DC    ;  66,230 ;     mV ;       ; 00:28:51
   1:56'18"90 ; DC    ;  66,280 ;     mV ;       ; 00:28:51
   1:56'19"15 ; DC    ;  66,230 ;     mV ;       ; 00:28:51
   1:56'19"40 ; DC    ;  66,230 ;     mV ;       ; 00:28:52
   1:56'19"66 ; DC    ;  66,270 ;     mV ;       ; 00:28:52
   1:56'19"92 ; DC    ;  66,230 ;     mV ;       ; 00:28:52
   1:56'20"18 ; DC    ;  66,260 ;     mV ;       ; 00:28:52
   1:56'20"45 ; DC    ;  66,250 ;     mV ;       ; 00:28:53
   1:56'20"69 ; DC    ;  66,240 ;     mV ;       ; 00:28:53
   1:56'20"96 ; DC    ;  66,250 ;     mV ;       ; 00:28:53
   1:56'21"22 ; DC    ;  66,250 ;     mV ;       ; 00:28:53
   1:56'21"48 ; DC    ;  66,250 ;     mV ;       ; 00:28:54
   1:56'21"75 ; DC    ;  66,260 ;     mV ;       ; 00:28:54
   1:56'21"99 ; DC    ;  66,230 ;     mV ;       ; 00:28:54
   1:56'22"24 ; DC    ;  66,240 ;     mV ;       ; 00:28:54
   1:56'22"49 ; DC    ;  66,260 ;     mV ;       ; 00:28:55
   1:56'22"76 ; DC    ;  66,230 ;     mV ;       ; 00:28:55
   1:56'23"08 ; DC    ;  66,260 ;     mV ;       ; 00:28:55
   1:56'23"34 ; DC    ;  66,240 ;     mV ;       ; 00:28:56
   1:56'23"59 ; DC    ;  66,270 ;     mV ;       ; 00:28:56
   1:56'23"84 ; DC    ;  66,270 ;     mV ;       ; 00:28:56
   1:56'24"10 ; DC    ;  66,240 ;     mV ;       ; 00:28:56
   1:56'24"38 ; DC    ;  66,260 ;     mV ;       ; 00:28:57
   1:56'24"64 ; DC    ;  66,240 ;     mV ;       ; 00:28:57
   1:56'24"91 ; DC    ;  66,280 ;     mV ;       ; 00:28:57
   1:56'25"17 ; DC    ;  66,280 ;     mV ;       ; 00:28:57
   1:56'25"42 ; DC    ;  66,250 ;     mV ;       ; 00:28:58
   1:56'25"68 ; DC    ;  66,250 ;     mV ;       ; 00:28:58
   1:56'25"94 ; DC    ;  66,280 ;     mV ;       ; 00:28:58
   1:56'26"21 ; DC    ;  66,260 ;     mV ;       ; 00:28:58
   1:56'26"52 ; DC    ;  66,260 ;     mV ;       ; 00:28:59
   1:56'26"78 ; DC    ;  66,270 ;     mV ;       ; 00:28:59
   1:56'27"05 ; DC    ;  66,270 ;     mV ;       ; 00:28:59
   1:56'27"32 ; DC    ;  66,270 ;     mV ;       ; 00:28:59
   1:56'27"58 ; DC    ;  66,240 ;     mV ;       ; 00:29:00
   1:56'27"85 ; DC    ;  66,270 ;     mV ;       ; 00:29:00
   1:56'28"10 ; DC    ;  66,260 ;     mV ;       ; 00:29:00
   1:56'28"36 ; DC    ;  66,260 ;     mV ;       ; 00:29:01
   1:56'28"62 ; DC    ;  66,290 ;     mV ;       ; 00:29:01
   1:56'28"88 ; DC    ;  66,240 ;     mV ;       ; 00:29:01
   1:56'29"13 ; DC    ;  66,270 ;     mV ;       ; 00:29:01
   1:56'29"40 ; DC    ;  66,270 ;     mV ;       ; 00:29:02
   1:56'29"65 ; DC    ;  66,270 ;     mV ;       ; 00:29:02
   1:56'29"89 ; DC    ;  66,270 ;     mV ;       ; 00:29:02
   1:56'30"15 ; DC    ;  66,260 ;     mV ;       ; 00:29:02
   1:56'30"40 ; DC    ;  66,260 ;     mV ;       ; 00:29:03
   1:56'30"65 ; DC    ;  66,270 ;     mV ;       ; 00:29:03
   1:56'30"90 ; DC    ;  66,250 ;     mV ;       ; 00:29:03
   1:56'31"17 ; DC    ;  66,280 ;     mV ;       ; 00:29:03
   1:56'31"70 ; DC    ;  66,250 ;     mV ;       ; 00:29:04
   1:56'31"96 ; DC    ;  66,310 ;     mV ;       ; 00:29:04
   1:56'32"24 ; DC    ;  66,280 ;     mV ;       ; 00:29:04
   1:56'32"51 ; DC    ;  66,300 ;     mV ;       ; 00:29:05
   1:56'32"77 ; DC    ;  66,290 ;     mV ;       ; 00:29:05
   1:56'33"04 ; DC    ;  66,320 ;     mV ;       ; 00:29:05
   1:56'33"32 ; DC    ;  66,290 ;     mV ;       ; 00:29:05
   1:56'33"60 ; DC    ;  66,300 ;     mV ;       ; 00:29:06
   1:56'33"89 ; DC    ;  66,280 ;     mV ;       ; 00:29:06
   1:56'34"18 ; DC    ;  66,270 ;     mV ;       ; 00:29:06
   1:56'34"46 ; DC    ;  66,270 ;     mV ;       ; 00:29:07
   1:56'34"73 ; DC    ;  66,270 ;     mV ;       ; 00:29:07
   1:56'34"99 ; DC    ;  66,270 ;     mV ;       ; 00:29:07
   1:56'35"25 ; DC    ;  66,300 ;     mV ;       ; 00:29:07
   1:56'35"52 ; DC    ;  66,280 ;     mV ;       ; 00:29:08
   1:56'35"81 ; DC    ;  66,340 ;     mV ;       ; 00:29:08
   1:56'36"09 ; DC    ;  66,280 ;     mV ;       ; 00:29:08
   1:56'36"37 ; DC    ;  66,310 ;     mV ;       ; 00:29:09
   1:56'36"63 ; DC    ;  66,290 ;     mV ;       ; 00:29:09
   1:56'36"91 ; DC    ;  66,300 ;     mV ;       ; 00:29:09
   1:56'37"19 ; DC    ;  66,290 ;     mV ;       ; 00:29:09
   1:56'37"47 ; DC    ;  66,310 ;     mV ;       ; 00:29:10
   1:56'37"75 ; DC    ;  66,310 ;     mV ;       ; 00:29:10
   1:56'38"01 ; DC    ;  66,310 ;     mV ;       ; 00:29:10
   1:56'38"29 ; DC    ;  66,300 ;     mV ;       ; 00:29:10
   1:56'38"58 ; DC    ;  66,320 ;     mV ;       ; 00:29:11
   1:56'38"87 ; DC    ;  66,270 ;     mV ;       ; 00:29:11
   1:56'39"15 ; DC    ;  66,300 ;     mV ;       ; 00:29:11
   1:56'39"44 ; DC    ;  66,270 ;     mV ;       ; 00:29:12
   1:56'39"70 ; DC    ;  66,310 ;     mV ;       ; 00:29:12
   1:56'39"98 ; DC    ;  66,270 ;     mV ;       ; 00:29:12
   1:56'40"26 ; DC    ;  66,300 ;     mV ;       ; 00:29:12
   1:56'40"52 ; DC    ;  66,270 ;     mV ;       ; 00:29:13
   1:56'40"79 ; DC    ;  66,300 ;     mV ;       ; 00:29:13
   1:56'41"06 ; DC    ;  66,270 ;     mV ;       ; 00:29:13
   1:56'41"34 ; DC    ;  66,310 ;     mV ;       ; 00:29:14
   1:56'41"62 ; DC    ;  66,300 ;     mV ;       ; 00:29:14
   1:56'41"88 ; DC    ;  66,300 ;     mV ;       ; 00:29:14
   1:56'42"16 ; DC    ;  66,290 ;     mV ;       ; 00:29:14
   1:56'42"46 ; DC    ;  66,290 ;     mV ;       ; 00:29:15
   1:56'42"75 ; DC    ;  66,270 ;     mV ;       ; 00:29:15
   1:56'43"03 ; DC    ;  66,260 ;     mV ;       ; 00:29:15
   1:56'43"31 ; DC    ;  66,220 ;     mV ;       ; 00:29:15
   1:56'43"59 ; DC    ;  66,230 ;     mV ;       ; 00:29:16
   1:56'43"85 ; DC    ;  66,220 ;     mV ;       ; 00:29:16
   1:56'44"11 ; DC    ;  66,230 ;     mV ;       ; 00:29:16
   1:56'44"39 ; DC    ;  66,220 ;     mV ;       ; 00:29:17
   1:56'44"66 ; DC    ;  66,250 ;     mV ;       ; 00:29:17
   1:56'44"93 ; DC    ;  66,250 ;     mV ;       ; 00:29:17
   1:56'45"19 ; DC    ;  66,240 ;     mV ;       ; 00:29:17
   1:56'45"47 ; DC    ;  66,240 ;     mV ;       ; 00:29:18
   1:56'45"75 ; DC    ;  66,220 ;     mV ;       ; 00:29:18
   1:56'46"03 ; DC    ;  66,260 ;     mV ;       ; 00:29:18
   1:56'46"29 ; DC    ;  66,240 ;     mV ;       ; 00:29:18
   1:56'46"58 ; DC    ;  66,290 ;     mV ;       ; 00:29:19
   1:56'46"85 ; DC    ;  66,280 ;     mV ;       ; 00:29:19
   1:56'47"12 ; DC    ;  66,290 ;     mV ;       ; 00:29:19
   1:56'47"38 ; DC    ;  66,260 ;     mV ;       ; 00:29:20
   1:56'47"65 ; DC    ;  66,270 ;     mV ;       ; 00:29:20
   1:56'47"93 ; DC    ;  66,280 ;     mV ;       ; 00:29:20
   1:56'48"21 ; DC    ;  66,280 ;     mV ;       ; 00:29:20
   1:56'48"48 ; DC    ;  66,290 ;     mV ;       ; 00:29:21
   1:56'48"74 ; DC    ;  66,270 ;     mV ;       ; 00:29:21
   1:56'49"02 ; DC    ;  66,310 ;     mV ;       ; 00:29:21
   1:56'49"29 ; DC    ;  66,290 ;     mV ;       ; 00:29:21
   1:56'49"56 ; DC    ;  66,270 ;     mV ;       ; 00:29:22
   1:56'49"85 ; DC    ;  66,310 ;     mV ;       ; 00:29:22
   1:56'50"12 ; DC    ;  66,280 ;     mV ;       ; 00:29:22
   1:56'50"42 ; DC    ;  66,300 ;     mV ;       ; 00:29:23
   1:56'50"68 ; DC    ;  66,280 ;     mV ;       ; 00:29:23
   1:56'50"95 ; DC    ;  66,300 ;     mV ;       ; 00:29:23
   1:56'51"23 ; DC    ;  66,300 ;     mV ;       ; 00:29:23
   1:56'51"51 ; DC    ;  66,300 ;     mV ;       ; 00:29:24
   1:56'51"80 ; DC    ;  66,290 ;     mV ;       ; 00:29:24
   1:56'52"07 ; DC    ;  66,330 ;     mV ;       ; 00:29:24
   1:56'52"34 ; DC    ;  66,300 ;     mV ;       ; 00:29:25
   1:56'52"60 ; DC    ;  66,350 ;     mV ;       ; 00:29:25
   1:56'52"87 ; DC    ;  66,300 ;     mV ;       ; 00:29:25
   1:56'53"14 ; DC    ;  66,340 ;     mV ;       ; 00:29:25
   1:56'53"41 ; DC    ;  66,330 ;     mV ;       ; 00:29:26
   1:56'53"68 ; DC    ;  66,320 ;     mV ;       ; 00:29:26
   1:56'53"95 ; DC    ;  66,360 ;     mV ;       ; 00:29:26
   1:56'54"21 ; DC    ;  66,360 ;     mV ;       ; 00:29:26
   1:56'54"47 ; DC    ;  66,340 ;     mV ;       ; 00:29:27
   1:56'54"74 ; DC    ;  66,370 ;     mV ;       ; 00:29:27
   1:56'55"01 ; DC    ;  66,340 ;     mV ;       ; 00:29:27
   1:56'55"29 ; DC    ;  66,360 ;     mV ;       ; 00:29:27
   1:56'55"55 ; DC    ;  66,350 ;     mV ;       ; 00:29:28
   1:56'55"82 ; DC    ;  66,370 ;     mV ;       ; 00:29:28
   1:56'56"09 ; DC    ;  66,360 ;     mV ;       ; 00:29:28
   1:56'56"35 ; DC    ;  66,350 ;     mV ;       ; 00:29:29
   1:56'56"61 ; DC    ;  66,350 ;     mV ;       ; 00:29:29
   1:56'56"88 ; DC    ;  66,350 ;     mV ;       ; 00:29:29
   1:56'57"14 ; DC    ;  66,330 ;     mV ;       ; 00:29:29
   1:56'57"42 ; DC    ;  66,370 ;     mV ;       ; 00:29:30
   1:56'57"70 ; DC    ;  66,350 ;     mV ;       ; 00:29:30
   1:56'57"96 ; DC    ;  66,350 ;     mV ;       ; 00:29:30
   1:56'58"23 ; DC    ;  66,330 ;     mV ;       ; 00:29:30
   1:56'58"51 ; DC    ;  66,310 ;     mV ;       ; 00:29:31
   1:56'58"82 ; DC    ;  66,340 ;     mV ;       ; 00:29:31
   1:56'59"10 ; DC    ;  66,300 ;     mV ;       ; 00:29:31
   1:56'59"37 ; DC    ;  66,340 ;     mV ;       ; 00:29:32
   1:56'59"64 ; DC    ;  66,340 ;     mV ;       ; 00:29:32
   1:56'59"91 ; DC    ;  66,370 ;     mV ;       ; 00:29:32
   1:57'00"20 ; DC    ;  66,370 ;     mV ;       ; 00:29:32
   1:57'00"48 ; DC    ;  66,340 ;     mV ;       ; 00:29:33
   1:57'00"77 ; DC    ;  66,360 ;     mV ;       ; 00:29:33
   1:57'01"05 ; DC    ;  66,330 ;     mV ;       ; 00:29:33
   1:57'01"33 ; DC    ;  66,340 ;     mV ;       ; 00:29:33
   1:57'01"61 ; DC    ;  66,340 ;     mV ;       ; 00:29:34
   1:57'01"88 ; DC    ;  66,340 ;     mV ;       ; 00:29:34
   1:57'02"15 ; DC    ;  66,330 ;     mV ;       ; 00:29:34
   1:57'02"41 ; DC    ;  66,300 ;     mV ;       ; 00:29:35
   1:57'02"67 ; DC    ;  66,330 ;     mV ;       ; 00:29:35
   1:57'02"94 ; DC    ;  66,280 ;     mV ;       ; 00:29:35
   1:57'03"22 ; DC    ;  66,320 ;     mV ;       ; 00:29:35
   1:57'03"50 ; DC    ;  66,320 ;     mV ;       ; 00:29:36
   1:57'03"78 ; DC    ;  66,290 ;     mV ;       ; 00:29:36
   1:57'04"06 ; DC    ;  66,340 ;     mV ;       ; 00:29:36
   1:57'04"32 ; DC    ;  66,310 ;     mV ;       ; 00:29:36
   1:57'04"61 ; DC    ;  66,310 ;     mV ;       ; 00:29:37
   1:57'04"89 ; DC    ;  66,300 ;     mV ;       ; 00:29:37
   1:57'05"16 ; DC    ;  66,320 ;     mV ;       ; 00:29:37
   1:57'05"44 ; DC    ;  66,310 ;     mV ;       ; 00:29:38
   1:57'05"73 ; DC    ;  66,300 ;     mV ;       ; 00:29:38
   1:57'06"01 ; DC    ;  66,310 ;     mV ;       ; 00:29:38
   1:57'06"28 ; DC    ;  66,240 ;     mV ;       ; 00:29:38
   1:57'06"56 ; DC    ;  66,290 ;     mV ;       ; 00:29:39
   1:57'06"84 ; DC    ;  66,260 ;     mV ;       ; 00:29:39
   1:57'07"10 ; DC    ;  66,260 ;     mV ;       ; 00:29:39
   1:57'07"40 ; DC    ;  66,270 ;     mV ;       ; 00:29:40
   1:57'07"67 ; DC    ;  66,270 ;     mV ;       ; 00:29:40
   1:57'07"93 ; DC    ;  66,280 ;     mV ;       ; 00:29:40
   1:57'08"21 ; DC    ;  66,250 ;     mV ;       ; 00:29:40
   1:57'08"48 ; DC    ;  66,270 ;     mV ;       ; 00:29:41
   1:57'08"74 ; DC    ;  66,250 ;     mV ;       ; 00:29:41
   1:57'09"02 ; DC    ;  66,240 ;     mV ;       ; 00:29:41
   1:57'09"30 ; DC    ;  66,230 ;     mV ;       ; 00:29:41
   1:57'09"57 ; DC    ;  66,230 ;     mV ;       ; 00:29:42
   1:57'09"84 ; DC    ;  66,260 ;     mV ;       ; 00:29:42
   1:57'10"10 ; DC    ;  66,220 ;     mV ;       ; 00:29:42
   1:57'10"37 ; DC    ;  66,220 ;     mV ;       ; 00:29:43
   1:57'10"63 ; DC    ;  66,270 ;     mV ;       ; 00:29:43
   1:57'10"91 ; DC    ;  66,230 ;     mV ;       ; 00:29:43
   1:57'11"17 ; DC    ;  66,270 ;     mV ;       ; 00:29:43
   1:57'11"43 ; DC    ;  66,260 ;     mV ;       ; 00:29:44
   1:57'11"69 ; DC    ;  66,290 ;     mV ;       ; 00:29:44
   1:57'11"97 ; DC    ;  66,260 ;     mV ;       ; 00:29:44
   1:57'12"29 ; DC    ;  66,270 ;     mV ;       ; 00:29:44
   1:57'12"57 ; DC    ;  66,250 ;     mV ;       ; 00:29:45
   1:57'12"90 ; DC    ;  66,250 ;     mV ;       ; 00:29:45
   1:57'13"17 ; DC    ;  66,220 ;     mV ;       ; 00:29:45
   1:57'13"43 ; DC    ;  66,220 ;     mV ;       ; 00:29:46
   1:57'13"70 ; DC    ;  66,230 ;     mV ;       ; 00:29:46
   1:57'13"98 ; DC    ;  66,230 ;     mV ;       ; 00:29:46
   1:57'14"26 ; DC    ;  66,240 ;     mV ;       ; 00:29:46
   1:57'14"53 ; DC    ;  66,240 ;     mV ;       ; 00:29:47
   1:57'14"81 ; DC    ;  66,230 ;     mV ;       ; 00:29:47
   1:57'15"10 ; DC    ;  66,230 ;     mV ;       ; 00:29:47
   1:57'15"38 ; DC    ;  66,230 ;     mV ;       ; 00:29:48
   1:57'15"66 ; DC    ;  66,240 ;     mV ;       ; 00:29:48
   1:57'15"93 ; DC    ;  66,220 ;     mV ;       ; 00:29:48
   1:57'16"21 ; DC    ;  66,250 ;     mV ;       ; 00:29:48
   1:57'16"49 ; DC    ;  66,220 ;     mV ;       ; 00:29:49
   1:57'16"81 ; DC    ;  66,230 ;     mV ;       ; 00:29:49
   1:57'17"14 ; DC    ;  66,220 ;     mV ;       ; 00:29:49
   1:57'17"43 ; DC    ;  66,250 ;     mV ;       ; 00:29:50
   1:57'17"71 ; DC    ;  66,240 ;     mV ;       ; 00:29:50
   1:57'18"03 ; DC    ;  66,260 ;     mV ;       ; 00:29:50
   1:57'18"35 ; DC    ;  66,220 ;     mV ;       ; 00:29:51
   1:57'18"64 ; DC    ;  66,290 ;     mV ;       ; 00:29:51
   1:57'18"96 ; DC    ;  66,250 ;     mV ;       ; 00:29:51
   1:57'19"30 ; DC    ;  66,270 ;     mV ;       ; 00:29:51
   1:57'19"61 ; DC    ;  66,250 ;     mV ;       ; 00:29:52
   1:57'19"92 ; DC    ;  66,290 ;     mV ;       ; 00:29:52
   1:57'20"20 ; DC    ;  66,240 ;     mV ;       ; 00:29:52
   1:57'20"58 ; DC    ;  66,230 ;     mV ;       ; 00:29:53
   1:57'20"88 ; DC    ;  66,260 ;     mV ;       ; 00:29:53
   1:57'21"17 ; DC    ;  66,230 ;     mV ;       ; 00:29:53
   1:57'21"44 ; DC    ;  66,260 ;     mV ;       ; 00:29:54
   1:57'21"70 ; DC    ;  66,250 ;     mV ;       ; 00:29:54
   1:57'21"96 ; DC    ;  66,250 ;     mV ;       ; 00:29:54
   1:57'22"24 ; DC    ;  66,240 ;     mV ;       ; 00:29:54
   1:57'22"53 ; DC    ;  66,230 ;     mV ;       ; 00:29:55
   1:57'22"84 ; DC    ;  66,240 ;     mV ;       ; 00:29:55
   1:57'23"16 ; DC    ;  66,220 ;     mV ;       ; 00:29:55
   1:57'23"47 ; DC    ;  66,250 ;     mV ;       ; 00:29:56
   1:57'23"76 ; DC    ;  66,230 ;     mV ;       ; 00:29:56
   1:57'24"02 ; DC    ;  66,240 ;     mV ;       ; 00:29:56
   1:57'24"29 ; DC    ;  66,240 ;     mV ;       ; 00:29:56
   1:57'24"55 ; DC    ;  66,240 ;     mV ;       ; 00:29:57
   1:57'24"85 ; DC    ;  66,250 ;     mV ;       ; 00:29:57
   1:57'25"15 ; DC    ;  66,250 ;     mV ;       ; 00:29:57
   1:57'25"43 ; DC    ;  66,220 ;     mV ;       ; 00:29:58
   1:57'25"72 ; DC    ;  66,220 ;     mV ;       ; 00:29:58
   1:57'26"02 ; DC    ;  66,190 ;     mV ;       ; 00:29:58
   1:57'26"30 ; DC    ;  66,220 ;     mV ;       ; 00:29:58
   1:57'26"58 ; DC    ;  66,220 ;     mV ;       ; 00:29:59
   1:57'26"87 ; DC    ;  66,220 ;     mV ;       ; 00:29:59
   1:57'27"15 ; DC    ;  66,220 ;     mV ;       ; 00:29:59
   1:57'27"43 ; DC    ;  66,220 ;     mV ;       ; 00:30:00
   1:57'27"71 ; DC    ;  66,200 ;     mV ;       ; 00:30:00
   1:57'27"99 ; DC    ;  66,190 ;     mV ;       ; 00:30:00
   1:57'28"28 ; DC    ;  66,200 ;     mV ;       ; 00:30:00
   1:57'28"56 ; DC    ;  66,200 ;     mV ;       ; 00:30:01
   1:57'28"87 ; DC    ;  66,250 ;     mV ;       ; 00:30:01
   1:57'29"15 ; DC    ;  66,200 ;     mV ;       ; 00:30:01
   1:57'29"45 ; DC    ;  66,220 ;     mV ;       ; 00:30:02
   1:57'29"71 ; DC    ;  66,230 ;     mV ;       ; 00:30:02
   1:57'29"97 ; DC    ;  66,220 ;     mV ;       ; 00:30:02
   1:57'30"25 ; DC    ;  66,240 ;     mV ;       ; 00:30:02
   1:57'30"56 ; DC    ;  66,240 ;     mV ;       ; 00:30:03
   1:57'30"82 ; DC    ;  66,220 ;     mV ;       ; 00:30:03
   1:57'31"08 ; DC    ;  66,220 ;     mV ;       ; 00:30:03
   1:57'31"38 ; DC    ;  66,190 ;     mV ;       ; 00:30:04
   1:57'31"67 ; DC    ;  66,230 ;     mV ;       ; 00:30:04
   1:57'31"95 ; DC    ;  66,180 ;     mV ;       ; 00:30:04
   1:57'32"21 ; DC    ;  66,220 ;     mV ;       ; 00:30:04
   1:57'32"47 ; DC    ;  66,170 ;     mV ;       ; 00:30:05
   1:57'32"76 ; DC    ;  66,190 ;     mV ;       ; 00:30:05
   1:57'33"04 ; DC    ;  66,180 ;     mV ;       ; 00:30:05
   1:57'33"32 ; DC    ;  66,190 ;     mV ;       ; 00:30:05
   1:57'33"60 ; DC    ;  66,200 ;     mV ;       ; 00:30:06
   1:57'33"88 ; DC    ;  66,190 ;     mV ;       ; 00:30:06
   1:57'34"16 ; DC    ;  66,240 ;     mV ;       ; 00:30:06
   1:57'34"47 ; DC    ;  66,190 ;     mV ;       ; 00:30:07
   1:57'34"76 ; DC    ;  66,260 ;     mV ;       ; 00:30:07
   1:57'35"11 ; DC    ;  66,260 ;     mV ;       ; 00:30:07
   1:57'35"38 ; DC    ;  66,220 ;     mV ;       ; 00:30:08
   1:57'35"64 ; DC    ;  66,190 ;     mV ;       ; 00:30:08
   1:57'35"92 ; DC    ;  66,190 ;     mV ;       ; 00:30:08
   1:57'36"20 ; DC    ;  66,190 ;     mV ;       ; 00:30:08
   1:57'36"48 ; DC    ;  66,190 ;     mV ;       ; 00:30:09
   1:57'36"74 ; DC    ;  66,230 ;     mV ;       ; 00:30:09
   1:57'37"02 ; DC    ;  66,220 ;     mV ;       ; 00:30:09
   1:57'37"30 ; DC    ;  66,230 ;     mV ;       ; 00:30:09
   1:57'37"58 ; DC    ;  66,240 ;     mV ;       ; 00:30:10
   1:57'37"85 ; DC    ;  66,190 ;     mV ;       ; 00:30:10
   1:57'38"12 ; DC    ;  66,240 ;     mV ;       ; 00:30:10
   1:57'38"40 ; DC    ;  66,180 ;     mV ;       ; 00:30:11
   1:57'38"67 ; DC    ;  66,230 ;     mV ;       ; 00:30:11
   1:57'38"96 ; DC    ;  66,180 ;     mV ;       ; 00:30:11
   1:57'39"22 ; DC    ;  66,180 ;     mV ;       ; 00:30:11
   1:57'39"52 ; DC    ;  66,180 ;     mV ;       ; 00:30:12
   1:57'39"81 ; DC    ;  66,180 ;     mV ;       ; 00:30:12
   1:57'40"09 ; DC    ;  66,250 ;     mV ;       ; 00:30:12
   1:57'40"37 ; DC    ;  66,240 ;     mV ;       ; 00:30:13
   1:57'40"68 ; DC    ;  66,230 ;     mV ;       ; 00:30:13
   1:57'40"94 ; DC    ;  66,240 ;     mV ;       ; 00:30:13
   1:57'41"22 ; DC    ;  66,260 ;     mV ;       ; 00:30:13
   1:57'41"50 ; DC    ;  66,270 ;     mV ;       ; 00:30:14
   1:57'41"78 ; DC    ;  66,250 ;     mV ;       ; 00:30:14
   1:57'42"06 ; DC    ;  66,270 ;     mV ;       ; 00:30:14
   1:57'42"35 ; DC    ;  66,260 ;     mV ;       ; 00:30:15
   1:57'42"63 ; DC    ;  66,290 ;     mV ;       ; 00:30:15
   1:57'42"91 ; DC    ;  66,260 ;     mV ;       ; 00:30:15
   1:57'43"19 ; DC    ;  66,280 ;     mV ;       ; 00:30:15
   1:57'43"46 ; DC    ;  66,270 ;     mV ;       ; 00:30:16
   1:57'43"73 ; DC    ;  66,270 ;     mV ;       ; 00:30:16
   1:57'44"01 ; DC    ;  66,290 ;     mV ;       ; 00:30:16
   1:57'44"29 ; DC    ;  66,290 ;     mV ;       ; 00:30:16
   1:57'44"61 ; DC    ;  66,310 ;     mV ;       ; 00:30:17
   1:57'44"87 ; DC    ;  66,290 ;     mV ;       ; 00:30:17
   1:57'45"13 ; DC    ;  66,310 ;     mV ;       ; 00:30:17
   1:57'45"39 ; DC    ;  66,270 ;     mV ;       ; 00:30:18
   1:57'45"67 ; DC    ;  66,250 ;     mV ;       ; 00:30:18
   1:57'45"95 ; DC    ;  66,230 ;     mV ;       ; 00:30:18
   1:57'46"24 ; DC    ;  66,250 ;     mV ;       ; 00:30:18
   1:57'46"51 ; DC    ;  66,240 ;     mV ;       ; 00:30:19
   1:57'46"80 ; DC    ;  66,280 ;     mV ;       ; 00:30:19
   1:57'47"08 ; DC    ;  66,250 ;     mV ;       ; 00:30:19
   1:57'47"36 ; DC    ;  66,280 ;     mV ;       ; 00:30:20
   1:57'47"68 ; DC    ;  66,240 ;     mV ;       ; 00:30:20
   1:57'47"96 ; DC    ;  66,270 ;     mV ;       ; 00:30:20
   1:57'48"23 ; DC    ;  66,260 ;     mV ;       ; 00:30:20
   1:57'48"49 ; DC    ;  66,250 ;     mV ;       ; 00:30:21
   1:57'48"77 ; DC    ;  66,250 ;     mV ;       ; 00:30:21
   1:57'49"05 ; DC    ;  66,240 ;     mV ;       ; 00:30:21
   1:57'49"31 ; DC    ;  66,240 ;     mV ;       ; 00:30:21
   1:57'49"57 ; DC    ;  66,250 ;     mV ;       ; 00:30:22
   1:57'49"85 ; DC    ;  66,220 ;     mV ;       ; 00:30:22
   1:57'50"12 ; DC    ;  66,250 ;     mV ;       ; 00:30:22
   1:57'50"40 ; DC    ;  66,230 ;     mV ;       ; 00:30:23
   1:57'50"67 ; DC    ;  66,260 ;     mV ;       ; 00:30:23
   1:57'50"95 ; DC    ;  66,240 ;     mV ;       ; 00:30:23
   1:57'51"22 ; DC    ;  66,230 ;     mV ;       ; 00:30:23
   1:57'51"48 ; DC    ;  66,230 ;     mV ;       ; 00:30:24
   1:57'51"75 ; DC    ;  66,250 ;     mV ;       ; 00:30:24
   1:57'52"03 ; DC    ;  66,240 ;     mV ;       ; 00:30:24
   1:57'52"29 ; DC    ;  66,260 ;     mV ;       ; 00:30:24
   1:57'52"57 ; DC    ;  66,240 ;     mV ;       ; 00:30:25
   1:57'52"88 ; DC    ;  66,240 ;     mV ;       ; 00:30:25
   1:57'53"16 ; DC    ;  66,230 ;     mV ;       ; 00:30:25
   1:57'53"43 ; DC    ;  66,240 ;     mV ;       ; 00:30:26
   1:57'53"73 ; DC    ;  66,240 ;     mV ;       ; 00:30:26
   1:57'53"99 ; DC    ;  66,230 ;     mV ;       ; 00:30:26
   1:57'54"25 ; DC    ;  66,250 ;     mV ;       ; 00:30:26
   1:57'54"55 ; DC    ;  66,220 ;     mV ;       ; 00:30:27
   1:57'54"82 ; DC    ;  66,270 ;     mV ;       ; 00:30:27
   1:57'55"09 ; DC    ;  66,270 ;     mV ;       ; 00:30:27
   1:57'55"37 ; DC    ;  66,240 ;     mV ;       ; 00:30:28
   1:57'55"66 ; DC    ;  66,250 ;     mV ;       ; 00:30:28
   1:57'55"94 ; DC    ;  66,230 ;     mV ;       ; 00:30:28
   1:57'56"22 ; DC    ;  66,250 ;     mV ;       ; 00:30:28
   1:57'56"50 ; DC    ;  66,250 ;     mV ;       ; 00:30:29
   1:57'56"78 ; DC    ;  66,200 ;     mV ;       ; 00:30:29
   1:57'57"06 ; DC    ;  66,240 ;     mV ;       ; 00:30:29
   1:57'57"34 ; DC    ;  66,190 ;     mV ;       ; 00:30:30
   1:57'57"60 ; DC    ;  66,190 ;     mV ;       ; 00:30:30
   1:57'57"86 ; DC    ;  66,180 ;     mV ;       ; 00:30:30
   1:57'58"13 ; DC    ;  66,180 ;     mV ;       ; 00:30:30
   1:57'58"41 ; DC    ;  66,180 ;     mV ;       ; 00:30:31
   1:57'58"69 ; DC    ;  66,200 ;     mV ;       ; 00:30:31
   1:57'58"97 ; DC    ;  66,200 ;     mV ;       ; 00:30:31
   1:57'59"25 ; DC    ;  66,230 ;     mV ;       ; 00:30:31
   1:57'59"53 ; DC    ;  66,180 ;     mV ;       ; 00:30:32
   1:57'59"81 ; DC    ;  66,200 ;     mV ;       ; 00:30:32
   1:58'00"07 ; DC    ;  66,170 ;     mV ;       ; 00:30:32
   1:58'00"33 ; DC    ;  66,240 ;     mV ;       ; 00:30:33
   1:58'00"61 ; DC    ;  66,230 ;     mV ;       ; 00:30:33
   1:58'00"88 ; DC    ;  66,230 ;     mV ;       ; 00:30:33
   1:58'01"16 ; DC    ;  66,230 ;     mV ;       ; 00:30:33
   1:58'01"44 ; DC    ;  66,190 ;     mV ;       ; 00:30:34
   1:58'01"71 ; DC    ;  66,190 ;     mV ;       ; 00:30:34
   1:58'01"98 ; DC    ;  66,220 ;     mV ;       ; 00:30:34
   1:58'02"24 ; DC    ;  66,190 ;     mV ;       ; 00:30:34
   1:58'02"50 ; DC    ;  66,230 ;     mV ;       ; 00:30:35
   1:58'02"78 ; DC    ;  66,220 ;     mV ;       ; 00:30:35
   1:58'03"06 ; DC    ;  66,250 ;     mV ;       ; 00:30:35
   1:58'03"36 ; DC    ;  66,220 ;     mV ;       ; 00:30:36
   1:58'03"67 ; DC    ;  66,260 ;     mV ;       ; 00:30:36
   1:58'03"95 ; DC    ;  66,230 ;     mV ;       ; 00:30:36
   1:58'04"21 ; DC    ;  66,180 ;     mV ;       ; 00:30:36
   1:58'04"49 ; DC    ;  66,190 ;     mV ;       ; 00:30:37
   1:58'04"77 ; DC    ;  66,200 ;     mV ;       ; 00:30:37
   1:58'05"04 ; DC    ;  66,220 ;     mV ;       ; 00:30:37
   1:58'05"32 ; DC    ;  66,220 ;     mV ;       ; 00:30:37
   1:58'05"58 ; DC    ;  66,190 ;     mV ;       ; 00:30:38
   1:58'05"85 ; DC    ;  66,190 ;     mV ;       ; 00:30:38
   1:58'06"13 ; DC    ;  66,150 ;     mV ;       ; 00:30:38
   1:58'06"42 ; DC    ;  66,200 ;     mV ;       ; 00:30:39
   1:58'06"70 ; DC    ;  66,170 ;     mV ;       ; 00:30:39
   1:58'06"98 ; DC    ;  66,200 ;     mV ;       ; 00:30:39
   1:58'07"26 ; DC    ;  66,180 ;     mV ;       ; 00:30:39
   1:58'07"56 ; DC    ;  66,230 ;     mV ;       ; 00:30:40
   1:58'07"85 ; DC    ;  66,180 ;     mV ;       ; 00:30:40
   1:58'08"17 ; DC    ;  66,190 ;     mV ;       ; 00:30:40
   1:58'08"49 ; DC    ;  66,190 ;     mV ;       ; 00:30:41
   1:58'08"78 ; DC    ;  66,190 ;     mV ;       ; 00:30:41
   1:58'09"09 ; DC    ;  66,180 ;     mV ;       ; 00:30:41
   1:58'09"39 ; DC    ;  66,170 ;     mV ;       ; 00:30:42
   1:58'09"68 ; DC    ;  66,180 ;     mV ;       ; 00:30:42
   1:58'09"98 ; DC    ;  66,160 ;     mV ;       ; 00:30:42
   1:58'10"28 ; DC    ;  66,180 ;     mV ;       ; 00:30:42
   1:58'10"54 ; DC    ;  66,170 ;     mV ;       ; 00:30:43
   1:58'10"82 ; DC    ;  66,190 ;     mV ;       ; 00:30:43
   1:58'11"10 ; DC    ;  66,150 ;     mV ;       ; 00:30:43
   1:58'11"42 ; DC    ;  66,180 ;     mV ;       ; 00:30:44
   1:58'11"68 ; DC    ;  66,150 ;     mV ;       ; 00:30:44
   1:58'11"94 ; DC    ;  66,170 ;     mV ;       ; 00:30:44
   1:58'12"22 ; DC    ;  66,150 ;     mV ;       ; 00:30:44
   1:58'12"50 ; DC    ;  66,150 ;     mV ;       ; 00:30:45
   1:58'12"78 ; DC    ;  66,220 ;     mV ;       ; 00:30:45
   1:58'13"05 ; DC    ;  66,170 ;     mV ;       ; 00:30:45
   1:58'13"34 ; DC    ;  66,160 ;     mV ;       ; 00:30:46
   1:58'13"62 ; DC    ;  66,180 ;     mV ;       ; 00:30:46
   1:58'13"91 ; DC    ;  66,180 ;     mV ;       ; 00:30:46
   1:58'14"26 ; DC    ;  66,170 ;     mV ;       ; 00:30:46
   1:58'14"53 ; DC    ;  66,160 ;     mV ;       ; 00:30:47
   1:58'14"81 ; DC    ;  66,150 ;     mV ;       ; 00:30:47
   1:58'15"10 ; DC    ;  66,190 ;     mV ;       ; 00:30:47
   1:58'15"38 ; DC    ;  66,140 ;     mV ;       ; 00:30:48
   1:58'15"67 ; DC    ;  66,160 ;     mV ;       ; 00:30:48
   1:58'15"95 ; DC    ;  66,150 ;     mV ;       ; 00:30:48
   1:58'16"23 ; DC    ;  66,140 ;     mV ;       ; 00:30:48
   1:58'16"51 ; DC    ;  66,160 ;     mV ;       ; 00:30:49
   1:58'16"79 ; DC    ;  66,130 ;     mV ;       ; 00:30:49
   1:58'17"09 ; DC    ;  66,130 ;     mV ;       ; 00:30:49
   1:58'17"35 ; DC    ;  66,130 ;     mV ;       ; 00:30:50
   1:58'17"61 ; DC    ;  66,160 ;     mV ;       ; 00:30:50
   1:58'17"89 ; DC    ;  66,160 ;     mV ;       ; 00:30:50
   1:58'18"17 ; DC    ;  66,110 ;     mV ;       ; 00:30:50
   1:58'18"46 ; DC    ;  66,150 ;     mV ;       ; 00:30:51
   1:58'18"75 ; DC    ;  66,110 ;     mV ;       ; 00:30:51
   1:58'19"01 ; DC    ;  66,150 ;     mV ;       ; 00:30:51
   1:58'19"28 ; DC    ;  66,130 ;     mV ;       ; 00:30:51
   1:58'19"54 ; DC    ;  66,150 ;     mV ;       ; 00:30:52
   1:58'19"84 ; DC    ;  66,130 ;     mV ;       ; 00:30:52
   1:58'20"12 ; DC    ;  66,140 ;     mV ;       ; 00:30:52
   1:58'20"40 ; DC    ;  66,170 ;     mV ;       ; 00:30:53
   1:58'20"68 ; DC    ;  66,130 ;     mV ;       ; 00:30:53
   1:58'20"97 ; DC    ;  66,140 ;     mV ;       ; 00:30:53
   1:58'21"26 ; DC    ;  66,130 ;     mV ;       ; 00:30:53
   1:58'21"54 ; DC    ;  66,130 ;     mV ;       ; 00:30:54
   1:58'21"83 ; DC    ;  66,160 ;     mV ;       ; 00:30:54
   1:58'22"12 ; DC    ;  66,160 ;     mV ;       ; 00:30:54
   1:58'22"40 ; DC    ;  66,160 ;     mV ;       ; 00:30:55
   1:58'22"68 ; DC    ;  66,180 ;     mV ;       ; 00:30:55
   1:58'22"96 ; DC    ;  66,140 ;     mV ;       ; 00:30:55
   1:58'23"24 ; DC    ;  66,180 ;     mV ;       ; 00:30:55
   1:58'23"52 ; DC    ;  66,150 ;     mV ;       ; 00:30:56
   1:58'23"79 ; DC    ;  66,180 ;     mV ;       ; 00:30:56
   1:58'24"05 ; DC    ;  66,160 ;     mV ;       ; 00:30:56
   1:58'24"33 ; DC    ;  66,150 ;     mV ;       ; 00:30:57
   1:58'24"61 ; DC    ;  66,160 ;     mV ;       ; 00:30:57
   1:58'24"89 ; DC    ;  66,130 ;     mV ;       ; 00:30:57
   1:58'25"16 ; DC    ;  66,160 ;     mV ;       ; 00:30:57
   1:58'25"46 ; DC    ;  66,140 ;     mV ;       ; 00:30:58
   1:58'25"75 ; DC    ;  66,170 ;     mV ;       ; 00:30:58
   1:58'26"04 ; DC    ;  66,160 ;     mV ;       ; 00:30:58
   1:58'26"32 ; DC    ;  66,200 ;     mV ;       ; 00:30:58
   1:58'26"61 ; DC    ;  66,200 ;     mV ;       ; 00:30:59
   1:58'26"91 ; DC    ;  66,200 ;     mV ;       ; 00:30:59
   1:58'27"19 ; DC    ;  66,200 ;     mV ;       ; 00:30:59
   1:58'27"47 ; DC    ;  66,200 ;     mV ;       ; 00:31:00
   1:58'27"74 ; DC    ;  66,180 ;     mV ;       ; 00:31:00
   1:58'28"03 ; DC    ;  66,200 ;     mV ;       ; 00:31:00
   1:58'28"31 ; DC    ;  66,170 ;     mV ;       ; 00:31:00
   1:58'28"57 ; DC    ;  66,220 ;     mV ;       ; 00:31:01
   1:58'28"83 ; DC    ;  66,160 ;     mV ;       ; 00:31:01
   1:58'29"11 ; DC    ;  66,170 ;     mV ;       ; 00:31:01
   1:58'29"39 ; DC    ;  66,170 ;     mV ;       ; 00:31:02
   1:58'29"67 ; DC    ;  66,160 ;     mV ;       ; 00:31:02
   1:58'29"93 ; DC    ;  66,180 ;     mV ;       ; 00:31:02
   1:58'30"20 ; DC    ;  66,180 ;     mV ;       ; 00:31:02
   1:58'30"46 ; DC    ;  66,140 ;     mV ;       ; 00:31:03
   1:58'30"73 ; DC    ;  66,150 ;     mV ;       ; 00:31:03
   1:58'31"05 ; DC    ;  66,120 ;     mV ;       ; 00:31:03
   1:58'31"35 ; DC    ;  66,160 ;     mV ;       ; 00:31:04
   1:58'31"64 ; DC    ;  66,120 ;     mV ;       ; 00:31:04
   1:58'31"92 ; DC    ;  66,180 ;     mV ;       ; 00:31:04
   1:58'32"21 ; DC    ;  66,170 ;     mV ;       ; 00:31:04
   1:58'32"49 ; DC    ;  66,170 ;     mV ;       ; 00:31:05
   1:58'32"76 ; DC    ;  66,160 ;     mV ;       ; 00:31:05
   1:58'33"02 ; DC    ;  66,160 ;     mV ;       ; 00:31:05
   1:58'33"30 ; DC    ;  66,170 ;     mV ;       ; 00:31:05
   1:58'33"57 ; DC    ;  66,140 ;     mV ;       ; 00:31:06
   1:58'33"85 ; DC    ;  66,150 ;     mV ;       ; 00:31:06
   1:58'34"13 ; DC    ;  66,140 ;     mV ;       ; 00:31:06
   1:58'34"41 ; DC    ;  66,140 ;     mV ;       ; 00:31:07
   1:58'34"68 ; DC    ;  66,170 ;     mV ;       ; 00:31:07
   1:58'34"96 ; DC    ;  66,140 ;     mV ;       ; 00:31:07
   1:58'35"22 ; DC    ;  66,180 ;     mV ;       ; 00:31:07
   1:58'35"51 ; DC    ;  66,130 ;     mV ;       ; 00:31:08
   1:58'35"78 ; DC    ;  66,170 ;     mV ;       ; 00:31:08
   1:58'36"06 ; DC    ;  66,130 ;     mV ;       ; 00:31:08
   1:58'36"34 ; DC    ;  66,150 ;     mV ;       ; 00:31:09
   1:58'36"64 ; DC    ;  66,130 ;     mV ;       ; 00:31:09
   1:58'36"92 ; DC    ;  66,130 ;     mV ;       ; 00:31:09
   1:58'37"22 ; DC    ;  66,170 ;     mV ;       ; 00:31:09
   1:58'37"51 ; DC    ;  66,140 ;     mV ;       ; 00:31:10
   1:58'37"79 ; DC    ;  66,140 ;     mV ;       ; 00:31:10
   1:58'38"09 ; DC    ;  66,130 ;     mV ;       ; 00:31:10
   1:58'38"37 ; DC    ;  66,170 ;     mV ;       ; 00:31:11
   1:58'38"65 ; DC    ;  66,150 ;     mV ;       ; 00:31:11
   1:58'38"95 ; DC    ;  66,190 ;     mV ;       ; 00:31:11
   1:58'39"24 ; DC    ;  66,140 ;     mV ;       ; 00:31:11
   1:58'39"52 ; DC    ;  66,180 ;     mV ;       ; 00:31:12
   1:58'39"81 ; DC    ;  66,180 ;     mV ;       ; 00:31:12
   1:58'40"07 ; DC    ;  66,170 ;     mV ;       ; 00:31:12
   1:58'40"34 ; DC    ;  66,170 ;     mV ;       ; 00:31:13
   1:58'40"60 ; DC    ;  66,160 ;     mV ;       ; 00:31:13
   1:58'40"88 ; DC    ;  66,170 ;     mV ;       ; 00:31:13
   1:58'41"15 ; DC    ;  66,150 ;     mV ;       ; 00:31:13
   1:58'41"41 ; DC    ;  66,140 ;     mV ;       ; 00:31:14
   1:58'41"68 ; DC    ;  66,150 ;     mV ;       ; 00:31:14
   1:58'41"94 ; DC    ;  66,150 ;     mV ;       ; 00:31:14
   1:58'42"24 ; DC    ;  66,160 ;     mV ;       ; 00:31:14
   1:58'42"57 ; DC    ;  66,160 ;     mV ;       ; 00:31:15
   1:58'42"85 ; DC    ;  66,150 ;     mV ;       ; 00:31:15
   1:58'43"12 ; DC    ;  66,140 ;     mV ;       ; 00:31:15
   1:58'43"38 ; DC    ;  66,140 ;     mV ;       ; 00:31:16
   1:58'43"66 ; DC    ;  66,170 ;     mV ;       ; 00:31:16
   1:58'43"95 ; DC    ;  66,150 ;     mV ;       ; 00:31:16
   1:58'44"21 ; DC    ;  66,180 ;     mV ;       ; 00:31:16
   1:58'44"51 ; DC    ;  66,140 ;     mV ;       ; 00:31:17
   1:58'44"80 ; DC    ;  66,180 ;     mV ;       ; 00:31:17
   1:58'45"15 ; DC    ;  66,150 ;     mV ;       ; 00:31:17
   1:58'45"43 ; DC    ;  66,160 ;     mV ;       ; 00:31:18
   1:58'45"73 ; DC    ;  66,150 ;     mV ;       ; 00:31:18
   1:58'46"03 ; DC    ;  66,180 ;     mV ;       ; 00:31:18
   1:58'46"31 ; DC    ;  66,150 ;     mV ;       ; 00:31:18
   1:58'46"60 ; DC    ;  66,170 ;     mV ;       ; 00:31:19
   1:58'46"90 ; DC    ;  66,150 ;     mV ;       ; 00:31:19
   1:58'47"20 ; DC    ;  66,180 ;     mV ;       ; 00:31:19
   1:58'47"48 ; DC    ;  66,150 ;     mV ;       ; 00:31:20
   1:58'47"79 ; DC    ;  66,150 ;     mV ;       ; 00:31:20
   1:58'48"08 ; DC    ;  66,120 ;     mV ;       ; 00:31:20
   1:58'48"39 ; DC    ;  66,150 ;     mV ;       ; 00:31:21
   1:58'48"65 ; DC    ;  66,150 ;     mV ;       ; 00:31:21
   1:58'48"91 ; DC    ;  66,150 ;     mV ;       ; 00:31:21
   1:58'49"21 ; DC    ;  66,170 ;     mV ;       ; 00:31:21
   1:58'49"50 ; DC    ;  66,150 ;     mV ;       ; 00:31:22
   1:58'49"79 ; DC    ;  66,180 ;     mV ;       ; 00:31:22
   1:58'50"07 ; DC    ;  66,150 ;     mV ;       ; 00:31:22
   1:58'50"37 ; DC    ;  66,160 ;     mV ;       ; 00:31:23
   1:58'50"64 ; DC    ;  66,160 ;     mV ;       ; 00:31:23
   1:58'50"93 ; DC    ;  66,170 ;     mV ;       ; 00:31:23
   1:58'51"21 ; DC    ;  66,170 ;     mV ;       ; 00:31:23
   1:58'51"49 ; DC    ;  66,180 ;     mV ;       ; 00:31:24
   1:58'51"75 ; DC    ;  66,180 ;     mV ;       ; 00:31:24
   1:58'52"02 ; DC    ;  66,220 ;     mV ;       ; 00:31:24
   1:58'52"30 ; DC    ;  66,160 ;     mV ;       ; 00:31:24
   1:58'52"58 ; DC    ;  66,170 ;     mV ;       ; 00:31:25
   1:58'52"84 ; DC    ;  66,160 ;     mV ;       ; 00:31:25
   1:58'53"12 ; DC    ;  66,160 ;     mV ;       ; 00:31:25
   1:58'53"40 ; DC    ;  66,180 ;     mV ;       ; 00:31:26
   1:58'53"69 ; DC    ;  66,140 ;     mV ;       ; 00:31:26
   1:58'53"99 ; DC    ;  66,190 ;     mV ;       ; 00:31:26
   1:58'54"28 ; DC    ;  66,150 ;     mV ;       ; 00:31:26
   1:58'54"59 ; DC    ;  66,190 ;     mV ;       ; 00:31:27
   1:58'54"88 ; DC    ;  66,160 ;     mV ;       ; 00:31:27
   1:58'55"17 ; DC    ;  66,170 ;     mV ;       ; 00:31:27
   1:58'55"45 ; DC    ;  66,170 ;     mV ;       ; 00:31:28
   1:58'55"74 ; DC    ;  66,150 ;     mV ;       ; 00:31:28
   1:58'56"02 ; DC    ;  66,150 ;     mV ;       ; 00:31:28
   1:58'56"34 ; DC    ;  66,150 ;     mV ;       ; 00:31:29
   1:58'56"61 ; DC    ;  66,150 ;     mV ;       ; 00:31:29
   1:58'56"89 ; DC    ;  66,150 ;     mV ;       ; 00:31:29
   1:58'57"17 ; DC    ;  66,140 ;     mV ;       ; 00:31:29
   1:58'57"45 ; DC    ;  66,160 ;     mV ;       ; 00:31:30
   1:58'57"73 ; DC    ;  66,130 ;     mV ;       ; 00:31:30
   1:58'58"01 ; DC    ;  66,160 ;     mV ;       ; 00:31:30
   1:58'58"29 ; DC    ;  66,150 ;     mV ;       ; 00:31:30
   1:58'58"58 ; DC    ;  66,160 ;     mV ;       ; 00:31:31
   1:58'58"85 ; DC    ;  66,140 ;     mV ;       ; 00:31:31
   1:58'59"12 ; DC    ;  66,140 ;     mV ;       ; 00:31:31
   1:58'59"40 ; DC    ;  66,140 ;     mV ;       ; 00:31:32
   1:58'59"70 ; DC    ;  66,110 ;     mV ;       ; 00:31:32
   1:58'59"99 ; DC    ;  66,140 ;     mV ;       ; 00:31:32
   1:59'00"29 ; DC    ;  66,120 ;     mV ;       ; 00:31:32
   1:59'00"59 ; DC    ;  66,120 ;     mV ;       ; 00:31:33
   1:59'00"89 ; DC    ;  66,120 ;     mV ;       ; 00:31:33
   1:59'01"17 ; DC    ;  66,110 ;     mV ;       ; 00:31:33
   1:59'01"53 ; DC    ;  66,120 ;     mV ;       ; 00:31:34
   1:59'01"82 ; DC    ;  66,130 ;     mV ;       ; 00:31:34
   1:59'02"11 ; DC    ;  66,140 ;     mV ;       ; 00:31:34
   1:59'02"39 ; DC    ;  66,140 ;     mV ;       ; 00:31:35
   1:59'02"68 ; DC    ;  66,140 ;     mV ;       ; 00:31:35
   1:59'02"98 ; DC    ;  66,130 ;     mV ;       ; 00:31:35
   1:59'03"25 ; DC    ;  66,160 ;     mV ;       ; 00:31:35
   1:59'03"54 ; DC    ;  66,130 ;     mV ;       ; 00:31:36
   1:59'03"80 ; DC    ;  66,140 ;     mV ;       ; 00:31:36
   1:59'04"07 ; DC    ;  66,140 ;     mV ;       ; 00:31:36
   1:59'04"35 ; DC    ;  66,160 ;     mV ;       ; 00:31:37
   1:59'04"62 ; DC    ;  66,120 ;     mV ;       ; 00:31:37
   1:59'04"92 ; DC    ;  66,150 ;     mV ;       ; 00:31:37
   1:59'05"20 ; DC    ;  66,130 ;     mV ;       ; 00:31:37
   1:59'05"55 ; DC    ;  66,160 ;     mV ;       ; 00:31:38
   1:59'05"82 ; DC    ;  66,140 ;     mV ;       ; 00:31:38
   1:59'06"10 ; DC    ;  66,170 ;     mV ;       ; 00:31:38
   1:59'06"37 ; DC    ;  66,140 ;     mV ;       ; 00:31:39
   1:59'06"65 ; DC    ;  66,170 ;     mV ;       ; 00:31:39
   1:59'06"92 ; DC    ;  66,170 ;     mV ;       ; 00:31:39
   1:59'07"20 ; DC    ;  66,190 ;     mV ;       ; 00:31:39
   1:59'07"48 ; DC    ;  66,160 ;     mV ;       ; 00:31:40
   1:59'07"78 ; DC    ;  66,170 ;     mV ;       ; 00:31:40
   1:59'08"09 ; DC    ;  66,190 ;     mV ;       ; 00:31:40
   1:59'08"35 ; DC    ;  66,170 ;     mV ;       ; 00:31:41
   1:59'08"62 ; DC    ;  66,190 ;     mV ;       ; 00:31:41
   1:59'08"89 ; DC    ;  66,180 ;     mV ;       ; 00:31:41
   1:59'09"15 ; DC    ;  66,180 ;     mV ;       ; 00:31:41
   1:59'09"42 ; DC    ;  66,200 ;     mV ;       ; 00:31:42
   1:59'09"70 ; DC    ;  66,200 ;     mV ;       ; 00:31:42
   1:59'09"99 ; DC    ;  66,230 ;     mV ;       ; 00:31:42
   1:59'10"28 ; DC    ;  66,200 ;     mV ;       ; 00:31:42
   1:59'10"56 ; DC    ;  66,220 ;     mV ;       ; 00:31:43
   1:59'10"86 ; DC    ;  66,220 ;     mV ;       ; 00:31:43
   1:59'11"17 ; DC    ;  66,190 ;     mV ;       ; 00:31:43
   1:59'11"47 ; DC    ;  66,180 ;     mV ;       ; 00:31:44
   1:59'11"78 ; DC    ;  66,200 ;     mV ;       ; 00:31:44
   1:59'12"11 ; DC    ;  66,170 ;     mV ;       ; 00:31:44
   1:59'12"42 ; DC    ;  66,200 ;     mV ;       ; 00:31:45
   1:59'12"72 ; DC    ;  66,190 ;     mV ;       ; 00:31:45
   1:59'13"08 ; DC    ;  66,200 ;     mV ;       ; 00:31:45
   1:59'13"39 ; DC    ;  66,180 ;     mV ;       ; 00:31:46
   1:59'13"66 ; DC    ;  66,170 ;     mV ;       ; 00:31:46
   1:59'13"94 ; DC    ;  66,140 ;     mV ;       ; 00:31:46
   1:59'14"25 ; DC    ;  66,170 ;     mV ;       ; 00:31:46
   1:59'14"57 ; DC    ;  66,130 ;     mV ;       ; 00:31:47
   1:59'14"87 ; DC    ;  66,160 ;     mV ;       ; 00:31:47
   1:59'15"17 ; DC    ;  66,130 ;     mV ;       ; 00:31:47
   1:59'15"47 ; DC    ;  66,120 ;     mV ;       ; 00:31:48
   1:59'15"75 ; DC    ;  66,120 ;     mV ;       ; 00:31:48
   1:59'16"03 ; DC    ;  66,130 ;     mV ;       ; 00:31:48
   1:59'16"32 ; DC    ;  66,130 ;     mV ;       ; 00:31:48
   1:59'16"61 ; DC    ;  66,110 ;     mV ;       ; 00:31:49
   1:59'16"90 ; DC    ;  66,130 ;     mV ;       ; 00:31:49
   1:59'17"20 ; DC    ;  66,090 ;     mV ;       ; 00:31:49
   1:59'17"51 ; DC    ;  66,110 ;     mV ;       ; 00:31:50
   1:59'17"81 ; DC    ;  66,100 ;     mV ;       ; 00:31:50
   1:59'18"09 ; DC    ;  66,130 ;     mV ;       ; 00:31:50
   1:59'18"35 ; DC    ;  66,090 ;     mV ;       ; 00:31:51
   1:59'18"64 ; DC    ;  66,130 ;     mV ;       ; 00:31:51
   1:59'18"93 ; DC    ;  66,090 ;     mV ;       ; 00:31:51
   1:59'19"21 ; DC    ;  66,110 ;     mV ;       ; 00:31:51
   1:59'19"52 ; DC    ;  66,120 ;     mV ;       ; 00:31:52
   1:59'19"83 ; DC    ;  66,110 ;     mV ;       ; 00:31:52
   1:59'20"12 ; DC    ;  66,130 ;     mV ;       ; 00:31:52
   1:59'20"42 ; DC    ;  66,120 ;     mV ;       ; 00:31:53
   1:59'20"70 ; DC    ;  66,130 ;     mV ;       ; 00:31:53
   1:59'20"96 ; DC    ;  66,110 ;     mV ;       ; 00:31:53
   1:59'21"22 ; DC    ;  66,130 ;     mV ;       ; 00:31:53
   1:59'21"50 ; DC    ;  66,130 ;     mV ;       ; 00:31:54
   1:59'21"78 ; DC    ;  66,130 ;     mV ;       ; 00:31:54
   1:59'22"06 ; DC    ;  66,110 ;     mV ;       ; 00:31:54
   1:59'22"34 ; DC    ;  66,130 ;     mV ;       ; 00:31:55
   1:59'22"64 ; DC    ;  66,110 ;     mV ;       ; 00:31:55
   1:59'22"92 ; DC    ;  66,140 ;     mV ;       ; 00:31:55
   1:59'23"20 ; DC    ;  66,130 ;     mV ;       ; 00:31:55
   1:59'23"50 ; DC    ;  66,150 ;     mV ;       ; 00:31:56
   1:59'23"84 ; DC    ;  66,170 ;     mV ;       ; 00:31:56
   1:59'24"14 ; DC    ;  66,180 ;     mV ;       ; 00:31:56
   1:59'24"43 ; DC    ;  66,180 ;     mV ;       ; 00:31:57
   1:59'24"74 ; DC    ;  66,150 ;     mV ;       ; 00:31:57
   1:59'25"03 ; DC    ;  66,180 ;     mV ;       ; 00:31:57
   1:59'25"33 ; DC    ;  66,140 ;     mV ;       ; 00:31:58
   1:59'25"62 ; DC    ;  66,180 ;     mV ;       ; 00:31:58
   1:59'25"90 ; DC    ;  66,140 ;     mV ;       ; 00:31:58
   1:59'26"16 ; DC    ;  66,180 ;     mV ;       ; 00:31:58
   1:59'26"44 ; DC    ;  66,150 ;     mV ;       ; 00:31:59
   1:59'26"79 ; DC    ;  66,170 ;     mV ;       ; 00:31:59
   1:59'27"07 ; DC    ;  66,160 ;     mV ;       ; 00:31:59
   1:59'27"33 ; DC    ;  66,180 ;     mV ;       ; 00:32:00
   1:59'27"62 ; DC    ;  66,190 ;     mV ;       ; 00:32:00
   1:59'27"88 ; DC    ;  66,140 ;     mV ;       ; 00:32:00
   1:59'28"16 ; DC    ;  66,180 ;     mV ;       ; 00:32:00
   1:59'28"44 ; DC    ;  66,150 ;     mV ;       ; 00:32:01
   1:59'28"72 ; DC    ;  66,150 ;     mV ;       ; 00:32:01
   1:59'29"00 ; DC    ;  66,150 ;     mV ;       ; 00:32:01
   1:59'29"28 ; DC    ;  66,140 ;     mV ;       ; 00:32:01
   1:59'29"59 ; DC    ;  66,120 ;     mV ;       ; 00:32:02
   1:59'29"88 ; DC    ;  66,140 ;     mV ;       ; 00:32:02
   1:59'30"17 ; DC    ;  66,130 ;     mV ;       ; 00:32:02
   1:59'30"46 ; DC    ;  66,150 ;     mV ;       ; 00:32:03
   1:59'30"77 ; DC    ;  66,130 ;     mV ;       ; 00:32:03
   1:59'31"06 ; DC    ;  66,150 ;     mV ;       ; 00:32:03
   1:59'31"35 ; DC    ;  66,110 ;     mV ;       ; 00:32:04
   1:59'31"61 ; DC    ;  66,130 ;     mV ;       ; 00:32:04
   1:59'31"88 ; DC    ;  66,120 ;     mV ;       ; 00:32:04
   1:59'32"17 ; DC    ;  66,150 ;     mV ;       ; 00:32:04
   1:59'32"46 ; DC    ;  66,140 ;     mV ;       ; 00:32:05
   1:59'32"72 ; DC    ;  66,130 ;     mV ;       ; 00:32:05
   1:59'33"00 ; DC    ;  66,160 ;     mV ;       ; 00:32:05
   1:59'33"28 ; DC    ;  66,120 ;     mV ;       ; 00:32:05
   1:59'33"56 ; DC    ;  66,150 ;     mV ;       ; 00:32:06
   1:59'33"82 ; DC    ;  66,150 ;     mV ;       ; 00:32:06
   1:59'34"08 ; DC    ;  66,150 ;     mV ;       ; 00:32:06
   1:59'34"35 ; DC    ;  66,150 ;     mV ;       ; 00:32:07
   1:59'34"63 ; DC    ;  66,120 ;     mV ;       ; 00:32:07
   1:59'34"91 ; DC    ;  66,160 ;     mV ;       ; 00:32:07
   1:59'35"20 ; DC    ;  66,140 ;     mV ;       ; 00:32:07
   1:59'35"49 ; DC    ;  66,150 ;     mV ;       ; 00:32:08
   1:59'35"76 ; DC    ;  66,140 ;     mV ;       ; 00:32:08
   1:59'36"06 ; DC    ;  66,160 ;     mV ;       ; 00:32:08
   1:59'36"35 ; DC    ;  66,160 ;     mV ;       ; 00:32:09
   1:59'36"64 ; DC    ;  66,140 ;     mV ;       ; 00:32:09
   1:59'36"93 ; DC    ;  66,180 ;     mV ;       ; 00:32:09
   1:59'37"19 ; DC    ;  66,150 ;     mV ;       ; 00:32:09
   1:59'37"46 ; DC    ;  66,140 ;     mV ;       ; 00:32:10
   1:59'37"77 ; DC    ;  66,100 ;     mV ;       ; 00:32:10
   1:59'38"06 ; DC    ;  66,120 ;     mV ;       ; 00:32:10
   1:59'38"34 ; DC    ;  66,120 ;     mV ;       ; 00:32:11
   1:59'38"60 ; DC    ;  66,110 ;     mV ;       ; 00:32:11
   1:59'38"91 ; DC    ;  66,110 ;     mV ;       ; 00:32:11
   1:59'39"19 ; DC    ;  66,070 ;     mV ;       ; 00:32:11
   1:59'39"46 ; DC    ;  66,070 ;     mV ;       ; 00:32:12
   1:59'39"73 ; DC    ;  66,050 ;     mV ;       ; 00:32:12
   1:59'39"99 ; DC    ;  66,080 ;     mV ;       ; 00:32:12
   1:59'40"27 ; DC    ;  66,060 ;     mV ;       ; 00:32:12
   1:59'40"55 ; DC    ;  66,080 ;     mV ;       ; 00:32:13
   1:59'40"83 ; DC    ;  66,090 ;     mV ;       ; 00:32:13
   1:59'41"12 ; DC    ;  66,060 ;     mV ;       ; 00:32:13
   1:59'41"41 ; DC    ;  66,080 ;     mV ;       ; 00:32:14
   1:59'41"70 ; DC    ;  66,080 ;     mV ;       ; 00:32:14
   1:59'41"99 ; DC    ;  66,070 ;     mV ;       ; 00:32:14
   1:59'42"28 ; DC    ;  66,090 ;     mV ;       ; 00:32:14
   1:59'42"57 ; DC    ;  66,070 ;     mV ;       ; 00:32:15
   1:59'42"85 ; DC    ;  66,080 ;     mV ;       ; 00:32:15
   1:59'43"14 ; DC    ;  66,090 ;     mV ;       ; 00:32:15
   1:59'43"42 ; DC    ;  66,090 ;     mV ;       ; 00:32:16
   1:59'43"70 ; DC    ;  66,110 ;     mV ;       ; 00:32:16
   1:59'43"96 ; DC    ;  66,110 ;     mV ;       ; 00:32:16
   1:59'44"22 ; DC    ;  66,100 ;     mV ;       ; 00:32:16
   1:59'44"50 ; DC    ;  66,110 ;     mV ;       ; 00:32:17
   1:59'44"78 ; DC    ;  66,080 ;     mV ;       ; 00:32:17
   1:59'45"06 ; DC    ;  66,130 ;     mV ;       ; 00:32:17
   1:59'45"32 ; DC    ;  66,110 ;     mV ;       ; 00:32:17
   1:59'45"58 ; DC    ;  66,150 ;     mV ;       ; 00:32:18
   1:59'45"86 ; DC    ;  66,090 ;     mV ;       ; 00:32:18
   1:59'46"14 ; DC    ;  66,090 ;     mV ;       ; 00:32:18
   1:59'46"42 ; DC    ;  66,090 ;     mV ;       ; 00:32:19
   1:59'46"72 ; DC    ;  66,090 ;     mV ;       ; 00:32:19
   1:59'47"01 ; DC    ;  66,130 ;     mV ;       ; 00:32:19
   1:59'47"30 ; DC    ;  66,120 ;     mV ;       ; 00:32:19
   1:59'47"59 ; DC    ;  66,120 ;     mV ;       ; 00:32:20
   1:59'47"89 ; DC    ;  66,100 ;     mV ;       ; 00:32:20
   1:59'48"18 ; DC    ;  66,120 ;     mV ;       ; 00:32:20
   1:59'48"47 ; DC    ;  66,100 ;     mV ;       ; 00:32:21
   1:59'48"89 ; DC    ;  66,090 ;     mV ;       ; 00:32:21
   1:59'49"18 ; DC    ;  66,090 ;     mV ;       ; 00:32:21
   1:59'49"47 ; DC    ;  66,130 ;     mV ;       ; 00:32:22
   1:59'49"76 ; DC    ;  66,100 ;     mV ;       ; 00:32:22
   1:59'50"02 ; DC    ;  66,120 ;     mV ;       ; 00:32:22
   1:59'50"29 ; DC    ;  66,120 ;     mV ;       ; 00:32:22
   1:59'50"56 ; DC    ;  66,090 ;     mV ;       ; 00:32:23
   1:59'50"85 ; DC    ;  66,100 ;     mV ;       ; 00:32:23
   1:59'51"12 ; DC    ;  66,130 ;     mV ;       ; 00:32:23
   1:59'51"41 ; DC    ;  66,110 ;     mV ;       ; 00:32:24
   1:59'51"75 ; DC    ;  66,150 ;     mV ;       ; 00:32:24
   1:59'52"03 ; DC    ;  66,110 ;     mV ;       ; 00:32:24
   1:59'52"31 ; DC    ;  66,130 ;     mV ;       ; 00:32:24
   1:59'52"60 ; DC    ;  66,110 ;     mV ;       ; 00:32:25
   1:59'52"89 ; DC    ;  66,100 ;     mV ;       ; 00:32:25
   1:59'53"20 ; DC    ;  66,120 ;     mV ;       ; 00:32:25
   1:59'53"47 ; DC    ;  66,090 ;     mV ;       ; 00:32:26
   1:59'53"76 ; DC    ;  66,120 ;     mV ;       ; 00:32:26
   1:59'54"03 ; DC    ;  66,100 ;     mV ;       ; 00:32:26
   1:59'54"31 ; DC    ;  66,100 ;     mV ;       ; 00:32:26
   1:59'54"60 ; DC    ;  66,060 ;     mV ;       ; 00:32:27
   1:59'54"88 ; DC    ;  66,090 ;     mV ;       ; 00:32:27
   1:59'55"17 ; DC    ;  66,060 ;     mV ;       ; 00:32:27
   1:59'55"45 ; DC    ;  66,050 ;     mV ;       ; 00:32:28
   1:59'55"73 ; DC    ;  66,080 ;     mV ;       ; 00:32:28
   1:59'56"01 ; DC    ;  66,080 ;     mV ;       ; 00:32:28
   1:59'56"30 ; DC    ;  66,110 ;     mV ;       ; 00:32:28
   1:59'56"58 ; DC    ;  66,110 ;     mV ;       ; 00:32:29
   1:59'56"86 ; DC    ;  66,100 ;     mV ;       ; 00:32:29
   1:59'57"14 ; DC    ;  66,100 ;     mV ;       ; 00:32:29
   1:59'57"42 ; DC    ;  66,100 ;     mV ;       ; 00:32:30
   1:59'57"69 ; DC    ;  66,120 ;     mV ;       ; 00:32:30
   1:59'57"99 ; DC    ;  66,100 ;     mV ;       ; 00:32:30
   1:59'58"27 ; DC    ;  66,110 ;     mV ;       ; 00:32:30
   1:59'58"58 ; DC    ;  66,120 ;     mV ;       ; 00:32:31
   1:59'58"87 ; DC    ;  66,090 ;     mV ;       ; 00:32:31
   1:59'59"15 ; DC    ;  66,090 ;     mV ;       ; 00:32:31
   1:59'59"43 ; DC    ;  66,090 ;     mV ;       ; 00:32:32
   1:59'59"72 ; DC    ;  66,120 ;     mV ;       ; 00:32:32
   1:59'59"99 ; DC    ;  66,100 ;     mV ;       ; 00:32:32
   2:00'00"28 ; DC    ;  66,110 ;     mV ;       ; 00:32:32
   2:00'00"55 ; DC    ;  66,110 ;     mV ;       ; 00:32:33
   2:00'00"84 ; DC    ;  66,080 ;     mV ;       ; 00:32:33
   2:00'01"12 ; DC    ;  66,110 ;     mV ;       ; 00:32:33
   2:00'01"41 ; DC    ;  66,100 ;     mV ;       ; 00:32:34
   2:00'01"70 ; DC    ;  66,100 ;     mV ;       ; 00:32:34
   2:00'01"98 ; DC    ;  66,130 ;     mV ;       ; 00:32:34
   2:00'02"26 ; DC    ;  66,120 ;     mV ;       ; 00:32:34
   2:00'02"52 ; DC    ;  66,160 ;     mV ;       ; 00:32:35
   2:00'02"80 ; DC    ;  66,110 ;     mV ;       ; 00:32:35
   2:00'03"10 ; DC    ;  66,140 ;     mV ;       ; 00:32:35
   2:00'03"37 ; DC    ;  66,130 ;     mV ;       ; 00:32:36
   2:00'03"65 ; DC    ;  66,160 ;     mV ;       ; 00:32:36
   2:00'03"91 ; DC    ;  66,130 ;     mV ;       ; 00:32:36
   2:00'04"22 ; DC    ;  66,140 ;     mV ;       ; 00:32:36
   2:00'04"51 ; DC    ;  66,140 ;     mV ;       ; 00:32:37
   2:00'04"83 ; DC    ;  66,150 ;     mV ;       ; 00:32:37
   2:00'05"12 ; DC    ;  66,150 ;     mV ;       ; 00:32:37
   2:00'05"43 ; DC    ;  66,120 ;     mV ;       ; 00:32:38
   2:00'05"75 ; DC    ;  66,160 ;     mV ;       ; 00:32:38
   2:00'06"03 ; DC    ;  66,160 ;     mV ;       ; 00:32:38
   2:00'06"30 ; DC    ;  66,180 ;     mV ;       ; 00:32:38
   2:00'06"58 ; DC    ;  66,150 ;     mV ;       ; 00:32:39
   2:00'06"85 ; DC    ;  66,160 ;     mV ;       ; 00:32:39
   2:00'07"16 ; DC    ;  66,150 ;     mV ;       ; 00:32:39
   2:00'07"43 ; DC    ;  66,180 ;     mV ;       ; 00:32:40
   2:00'07"70 ; DC    ;  66,120 ;     mV ;       ; 00:32:40
   2:00'07"98 ; DC    ;  66,120 ;     mV ;       ; 00:32:40
   2:00'08"26 ; DC    ;  66,130 ;     mV ;       ; 00:32:40
   2:00'08"54 ; DC    ;  66,120 ;     mV ;       ; 00:32:41
   2:00'08"80 ; DC    ;  66,120 ;     mV ;       ; 00:32:41
   2:00'09"07 ; DC    ;  66,140 ;     mV ;       ; 00:32:41
   2:00'09"35 ; DC    ;  66,150 ;     mV ;       ; 00:32:42
   2:00'09"62 ; DC    ;  66,140 ;     mV ;       ; 00:32:42
   2:00'09"93 ; DC    ;  66,130 ;     mV ;       ; 00:32:42
   2:00'10"23 ; DC    ;  66,150 ;     mV ;       ; 00:32:42
   2:00'10"51 ; DC    ;  66,130 ;     mV ;       ; 00:32:43
   2:00'10"81 ; DC    ;  66,140 ;     mV ;       ; 00:32:43
   2:00'11"11 ; DC    ;  66,140 ;     mV ;       ; 00:32:43
   2:00'11"40 ; DC    ;  66,150 ;     mV ;       ; 00:32:44
   2:00'11"68 ; DC    ;  66,130 ;     mV ;       ; 00:32:44
   2:00'11"94 ; DC    ;  66,160 ;     mV ;       ; 00:32:44
   2:00'12"23 ; DC    ;  66,120 ;     mV ;       ; 00:32:44
   2:00'12"52 ; DC    ;  66,130 ;     mV ;       ; 00:32:45
   2:00'12"80 ; DC    ;  66,130 ;     mV ;       ; 00:32:45
   2:00'13"08 ; DC    ;  66,170 ;     mV ;       ; 00:32:45
   2:00'13"36 ; DC    ;  66,170 ;     mV ;       ; 00:32:46
   2:00'13"64 ; DC    ;  66,160 ;     mV ;       ; 00:32:46
   2:00'13"92 ; DC    ;  66,180 ;     mV ;       ; 00:32:46
   2:00'14"20 ; DC    ;  66,150 ;     mV ;       ; 00:32:46
   2:00'14"46 ; DC    ;  66,170 ;     mV ;       ; 00:32:47
   2:00'14"73 ; DC    ;  66,120 ;     mV ;       ; 00:32:47
   2:00'14"99 ; DC    ;  66,150 ;     mV ;       ; 00:32:47
   2:00'15"26 ; DC    ;  66,120 ;     mV ;       ; 00:32:47
   2:00'15"56 ; DC    ;  66,120 ;     mV ;       ; 00:32:48
   2:00'15"87 ; DC    ;  66,130 ;     mV ;       ; 00:32:48
   2:00'16"17 ; DC    ;  66,120 ;     mV ;       ; 00:32:48
   2:00'16"47 ; DC    ;  66,150 ;     mV ;       ; 00:32:49
   2:00'16"75 ; DC    ;  66,140 ;     mV ;       ; 00:32:49
   2:00'17"02 ; DC    ;  66,160 ;     mV ;       ; 00:32:49
   2:00'17"29 ; DC    ;  66,160 ;     mV ;       ; 00:32:49
   2:00'17"55 ; DC    ;  66,150 ;     mV ;       ; 00:32:50
   2:00'17"84 ; DC    ;  66,160 ;     mV ;       ; 00:32:50
   2:00'18"13 ; DC    ;  66,130 ;     mV ;       ; 00:32:50
   2:00'18"42 ; DC    ;  66,180 ;     mV ;       ; 00:32:51
   2:00'18"69 ; DC    ;  66,130 ;     mV ;       ; 00:32:51
   2:00'19"00 ; DC    ;  66,150 ;     mV ;       ; 00:32:51
   2:00'19"28 ; DC    ;  66,150 ;     mV ;       ; 00:32:51
   2:00'19"56 ; DC    ;  66,120 ;     mV ;       ; 00:32:52
   2:00'19"84 ; DC    ;  66,140 ;     mV ;       ; 00:32:52
   2:00'20"12 ; DC    ;  66,090 ;     mV ;       ; 00:32:52
   2:00'20"41 ; DC    ;  66,130 ;     mV ;       ; 00:32:53
   2:00'20"77 ; DC    ;  66,130 ;     mV ;       ; 00:32:53
   2:00'21"05 ; DC    ;  66,160 ;     mV ;       ; 00:32:53
   2:00'21"34 ; DC    ;  66,140 ;     mV ;       ; 00:32:54
   2:00'21"65 ; DC    ;  66,160 ;     mV ;       ; 00:32:54
   2:00'21"99 ; DC    ;  66,160 ;     mV ;       ; 00:32:54
   2:00'22"26 ; DC    ;  66,130 ;     mV ;       ; 00:32:54
   2:00'22"54 ; DC    ;  66,150 ;     mV ;       ; 00:32:55
   2:00'22"83 ; DC    ;  66,110 ;     mV ;       ; 00:32:55
   2:00'23"12 ; DC    ;  66,140 ;     mV ;       ; 00:32:55
   2:00'23"45 ; DC    ;  66,110 ;     mV ;       ; 00:32:56
   2:00'23"73 ; DC    ;  66,140 ;     mV ;       ; 00:32:56
   2:00'24"02 ; DC    ;  66,130 ;     mV ;       ; 00:32:56
   2:00'24"32 ; DC    ;  66,090 ;     mV ;       ; 00:32:56
   2:00'24"62 ; DC    ;  66,150 ;     mV ;       ; 00:32:57
   2:00'24"90 ; DC    ;  66,140 ;     mV ;       ; 00:32:57
   2:00'25"18 ; DC    ;  66,190 ;     mV ;       ; 00:32:57
   2:00'25"44 ; DC    ;  66,150 ;     mV ;       ; 00:32:58
   2:00'25"71 ; DC    ;  66,200 ;     mV ;       ; 00:32:58
   2:00'25"99 ; DC    ;  66,200 ;     mV ;       ; 00:32:58
   2:00'26"26 ; DC    ;  66,160 ;     mV ;       ; 00:32:58
   2:00'26"55 ; DC    ;  66,180 ;     mV ;       ; 00:32:59
   2:00'26"85 ; DC    ;  66,170 ;     mV ;       ; 00:32:59
   2:00'27"13 ; DC    ;  66,150 ;     mV ;       ; 00:32:59
   2:00'27"43 ; DC    ;  66,180 ;     mV ;       ; 00:33:00
   2:00'27"69 ; DC    ;  66,160 ;     mV ;       ; 00:33:00
   2:00'27"97 ; DC    ;  66,170 ;     mV ;       ; 00:33:00
   2:00'28"28 ; DC    ;  66,140 ;     mV ;       ; 00:33:00
   2:00'28"57 ; DC    ;  66,150 ;     mV ;       ; 00:33:01
   2:00'28"85 ; DC    ;  66,150 ;     mV ;       ; 00:33:01
   2:00'29"13 ; DC    ;  66,160 ;     mV ;       ; 00:33:01
   2:00'29"41 ; DC    ;  66,140 ;     mV ;       ; 00:33:02
   2:00'29"69 ; DC    ;  66,120 ;     mV ;       ; 00:33:02
   2:00'29"99 ; DC    ;  66,120 ;     mV ;       ; 00:33:02
   2:00'30"28 ; DC    ;  66,130 ;     mV ;       ; 00:33:02
   2:00'30"56 ; DC    ;  66,140 ;     mV ;       ; 00:33:03
   2:00'30"84 ; DC    ;  66,110 ;     mV ;       ; 00:33:03
   2:00'31"12 ; DC    ;  66,100 ;     mV ;       ; 00:33:03
   2:00'31"40 ; DC    ;  66,100 ;     mV ;       ; 00:33:04
   2:00'31"69 ; DC    ;  66,090 ;     mV ;       ; 00:33:04
   2:00'31"97 ; DC    ;  66,130 ;     mV ;       ; 00:33:04
   2:00'32"25 ; DC    ;  66,100 ;     mV ;       ; 00:33:04
   2:00'32"54 ; DC    ;  66,110 ;     mV ;       ; 00:33:05
   2:00'32"85 ; DC    ;  66,120 ;     mV ;       ; 00:33:05
   2:00'33"15 ; DC    ;  66,100 ;     mV ;       ; 00:33:05
   2:00'33"47 ; DC    ;  66,120 ;     mV ;       ; 00:33:06
   2:00'33"78 ; DC    ;  66,110 ;     mV ;       ; 00:33:06
   2:00'34"06 ; DC    ;  66,150 ;     mV ;       ; 00:33:06
   2:00'34"36 ; DC    ;  66,130 ;     mV ;       ; 00:33:07
   2:00'34"63 ; DC    ;  66,140 ;     mV ;       ; 00:33:07
   2:00'34"92 ; DC    ;  66,130 ;     mV ;       ; 00:33:07
   2:00'35"23 ; DC    ;  66,150 ;     mV ;       ; 00:33:07
   2:00'35"51 ; DC    ;  66,130 ;     mV ;       ; 00:33:08
   2:00'35"80 ; DC    ;  66,160 ;     mV ;       ; 00:33:08
   2:00'36"07 ; DC    ;  66,150 ;     mV ;       ; 00:33:08
   2:00'36"35 ; DC    ;  66,150 ;     mV ;       ; 00:33:09
   2:00'36"63 ; DC    ;  66,170 ;     mV ;       ; 00:33:09
   2:00'36"95 ; DC    ;  66,170 ;     mV ;       ; 00:33:09
   2:00'37"21 ; DC    ;  66,190 ;     mV ;       ; 00:33:09
   2:00'37"47 ; DC    ;  66,170 ;     mV ;       ; 00:33:10
   2:00'37"77 ; DC    ;  66,180 ;     mV ;       ; 00:33:10
   2:00'38"04 ; DC    ;  66,150 ;     mV ;       ; 00:33:10
   2:00'38"31 ; DC    ;  66,130 ;     mV ;       ; 00:33:10
   2:00'38"57 ; DC    ;  66,130 ;     mV ;       ; 00:33:11
   2:00'38"83 ; DC    ;  66,140 ;     mV ;       ; 00:33:11
   2:00'39"13 ; DC    ;  66,180 ;     mV ;       ; 00:33:11
   2:00'39"42 ; DC    ;  66,130 ;     mV ;       ; 00:33:12
   2:00'39"70 ; DC    ;  66,140 ;     mV ;       ; 00:33:12
   2:00'39"98 ; DC    ;  66,110 ;     mV ;       ; 00:33:12
   2:00'40"27 ; DC    ;  66,130 ;     mV ;       ; 00:33:12
   2:00'40"55 ; DC    ;  66,130 ;     mV ;       ; 00:33:13
   2:00'40"85 ; DC    ;  66,140 ;     mV ;       ; 00:33:13
   2:00'41"14 ; DC    ;  66,130 ;     mV ;       ; 00:33:13
   2:00'41"42 ; DC    ;  66,140 ;     mV ;       ; 00:33:14
   2:00'41"72 ; DC    ;  66,120 ;     mV ;       ; 00:33:14
   2:00'41"99 ; DC    ;  66,150 ;     mV ;       ; 00:33:14
   2:00'42"28 ; DC    ;  66,140 ;     mV ;       ; 00:33:14
   2:00'42"55 ; DC    ;  66,180 ;     mV ;       ; 00:33:15
   2:00'42"83 ; DC    ;  66,150 ;     mV ;       ; 00:33:15
   2:00'43"11 ; DC    ;  66,150 ;     mV ;       ; 00:33:15
   2:00'43"39 ; DC    ;  66,180 ;     mV ;       ; 00:33:16
   2:00'43"67 ; DC    ;  66,180 ;     mV ;       ; 00:33:16
   2:00'43"99 ; DC    ;  66,180 ;     mV ;       ; 00:33:16
   2:00'44"27 ; DC    ;  66,180 ;     mV ;       ; 00:33:16
   2:00'44"54 ; DC    ;  66,170 ;     mV ;       ; 00:33:17
   2:00'44"82 ; DC    ;  66,190 ;     mV ;       ; 00:33:17
   2:00'45"13 ; DC    ;  66,170 ;     mV ;       ; 00:33:17
   2:00'45"42 ; DC    ;  66,150 ;     mV ;       ; 00:33:18
   2:00'45"69 ; DC    ;  66,130 ;     mV ;       ; 00:33:18
   2:00'45"97 ; DC    ;  66,160 ;     mV ;       ; 00:33:18
   2:00'46"25 ; DC    ;  66,150 ;     mV ;       ; 00:33:18
   2:00'46"53 ; DC    ;  66,150 ;     mV ;       ; 00:33:19
   2:00'46"80 ; DC    ;  66,130 ;     mV ;       ; 00:33:19
   2:00'47"08 ; DC    ;  66,140 ;     mV ;       ; 00:33:19
   2:00'47"38 ; DC    ;  66,130 ;     mV ;       ; 00:33:20
   2:00'47"65 ; DC    ;  66,160 ;     mV ;       ; 00:33:20
   2:00'47"95 ; DC    ;  66,140 ;     mV ;       ; 00:33:20
   2:00'48"23 ; DC    ;  66,120 ;     mV ;       ; 00:33:20
   2:00'48"51 ; DC    ;  66,120 ;     mV ;       ; 00:33:21
   2:00'48"79 ; DC    ;  66,120 ;     mV ;       ; 00:33:21
   2:00'49"06 ; DC    ;  66,120 ;     mV ;       ; 00:33:21
   2:00'49"36 ; DC    ;  66,140 ;     mV ;       ; 00:33:22
   2:00'49"64 ; DC    ;  66,110 ;     mV ;       ; 00:33:22
   2:00'49"93 ; DC    ;  66,160 ;     mV ;       ; 00:33:22
   2:00'50"22 ; DC    ;  66,120 ;     mV ;       ; 00:33:22
   2:00'50"51 ; DC    ;  66,150 ;     mV ;       ; 00:33:23
   2:00'50"88 ; DC    ;  66,140 ;     mV ;       ; 00:33:23
   2:00'51"22 ; DC    ;  66,130 ;     mV ;       ; 00:33:23
   2:00'51"51 ; DC    ;  66,130 ;     mV ;       ; 00:33:24
   2:00'51"81 ; DC    ;  66,130 ;     mV ;       ; 00:33:24
   2:00'52"10 ; DC    ;  66,160 ;     mV ;       ; 00:33:24
   2:00'52"39 ; DC    ;  66,140 ;     mV ;       ; 00:33:25
   2:00'52"69 ; DC    ;  66,140 ;     mV ;       ; 00:33:25
   2:00'53"00 ; DC    ;  66,140 ;     mV ;       ; 00:33:25
   2:00'53"36 ; DC    ;  66,160 ;     mV ;       ; 00:33:26
   2:00'53"64 ; DC    ;  66,130 ;     mV ;       ; 00:33:26
   2:00'53"91 ; DC    ;  66,130 ;     mV ;       ; 00:33:26
   2:00'54"21 ; DC    ;  66,130 ;     mV ;       ; 00:33:26
   2:00'54"50 ; DC    ;  66,130 ;     mV ;       ; 00:33:27
   2:00'54"79 ; DC    ;  66,140 ;     mV ;       ; 00:33:27
   2:00'55"07 ; DC    ;  66,150 ;     mV ;       ; 00:33:27
   2:00'55"34 ; DC    ;  66,150 ;     mV ;       ; 00:33:28
   2:00'55"62 ; DC    ;  66,170 ;     mV ;       ; 00:33:28
   2:00'55"90 ; DC    ;  66,150 ;     mV ;       ; 00:33:28
   2:00'56"16 ; DC    ;  66,170 ;     mV ;       ; 00:33:28
   2:00'56"44 ; DC    ;  66,160 ;     mV ;       ; 00:33:29
   2:00'56"72 ; DC    ;  66,160 ;     mV ;       ; 00:33:29
   2:00'56"99 ; DC    ;  66,120 ;     mV ;       ; 00:33:29
   2:00'57"31 ; DC    ;  66,140 ;     mV ;       ; 00:33:29
   2:00'57"58 ; DC    ;  66,130 ;     mV ;       ; 00:33:30
   2:00'57"88 ; DC    ;  66,130 ;     mV ;       ; 00:33:30
   2:00'58"18 ; DC    ;  66,150 ;     mV ;       ; 00:33:30
   2:00'58"46 ; DC    ;  66,180 ;     mV ;       ; 00:33:31
   2:00'58"74 ; DC    ;  66,180 ;     mV ;       ; 00:33:31
   2:00'59"03 ; DC    ;  66,170 ;     mV ;       ; 00:33:31
   2:00'59"31 ; DC    ;  66,170 ;     mV ;       ; 00:33:31
   2:00'59"57 ; DC    ;  66,150 ;     mV ;       ; 00:33:32
   2:00'59"86 ; DC    ;  66,150 ;     mV ;       ; 00:33:32
   2:01'00"17 ; DC    ;  66,180 ;     mV ;       ; 00:33:32
   2:01'00"45 ; DC    ;  66,150 ;     mV ;       ; 00:33:33
   2:01'00"71 ; DC    ;  66,150 ;     mV ;       ; 00:33:33
   2:01'00"97 ; DC    ;  66,150 ;     mV ;       ; 00:33:33
   2:01'01"25 ; DC    ;  66,130 ;     mV ;       ; 00:33:33
   2:01'01"53 ; DC    ;  66,140 ;     mV ;       ; 00:33:34
   2:01'01"81 ; DC    ;  66,140 ;     mV ;       ; 00:33:34
   2:01'02"09 ; DC    ;  66,170 ;     mV ;       ; 00:33:34
   2:01'02"35 ; DC    ;  66,130 ;     mV ;       ; 00:33:35
   2:01'02"62 ; DC    ;  66,150 ;     mV ;       ; 00:33:35
   2:01'02"93 ; DC    ;  66,150 ;     mV ;       ; 00:33:35
   2:01'03"23 ; DC    ;  66,160 ;     mV ;       ; 00:33:35
   2:01'03"51 ; DC    ;  66,140 ;     mV ;       ; 00:33:36
   2:01'03"79 ; DC    ;  66,140 ;     mV ;       ; 00:33:36
   2:01'04"10 ; DC    ;  66,170 ;     mV ;       ; 00:33:36
   2:01'04"39 ; DC    ;  66,140 ;     mV ;       ; 00:33:37
   2:01'04"68 ; DC    ;  66,160 ;     mV ;       ; 00:33:37
   2:01'04"99 ; DC    ;  66,160 ;     mV ;       ; 00:33:37
   2:01'05"29 ; DC    ;  66,120 ;     mV ;       ; 00:33:37
   2:01'05"57 ; DC    ;  66,130 ;     mV ;       ; 00:33:38
   2:01'05"85 ; DC    ;  66,120 ;     mV ;       ; 00:33:38
   2:01'06"14 ; DC    ;  66,130 ;     mV ;       ; 00:33:38
   2:01'06"41 ; DC    ;  66,120 ;     mV ;       ; 00:33:39
   2:01'06"69 ; DC    ;  66,140 ;     mV ;       ; 00:33:39
   2:01'06"97 ; DC    ;  66,140 ;     mV ;       ; 00:33:39
   2:01'07"24 ; DC    ;  66,160 ;     mV ;       ; 00:33:39
   2:01'07"52 ; DC    ;  66,120 ;     mV ;       ; 00:33:40
   2:01'07"80 ; DC    ;  66,140 ;     mV ;       ; 00:33:40
   2:01'08"08 ; DC    ;  66,120 ;     mV ;       ; 00:33:40
   2:01'08"34 ; DC    ;  66,160 ;     mV ;       ; 00:33:41
   2:01'08"60 ; DC    ;  66,150 ;     mV ;       ; 00:33:41
   2:01'08"88 ; DC    ;  66,150 ;     mV ;       ; 00:33:41
   2:01'09"18 ; DC    ;  66,180 ;     mV ;       ; 00:33:41
   2:01'09"46 ; DC    ;  66,150 ;     mV ;       ; 00:33:42
   2:01'09"74 ; DC    ;  66,160 ;     mV ;       ; 00:33:42
   2:01'10"03 ; DC    ;  66,150 ;     mV ;       ; 00:33:42
   2:01'10"35 ; DC    ;  66,170 ;     mV ;       ; 00:33:43
   2:01'10"66 ; DC    ;  66,150 ;     mV ;       ; 00:33:43
   2:01'10"93 ; DC    ;  66,160 ;     mV ;       ; 00:33:43
   2:01'11"21 ; DC    ;  66,170 ;     mV ;       ; 00:33:43
   2:01'11"50 ; DC    ;  66,150 ;     mV ;       ; 00:33:44
   2:01'11"78 ; DC    ;  66,190 ;     mV ;       ; 00:33:44
   2:01'12"05 ; DC    ;  66,160 ;     mV ;       ; 00:33:44
   2:01'12"32 ; DC    ;  66,170 ;     mV ;       ; 00:33:44
   2:01'12"59 ; DC    ;  66,160 ;     mV ;       ; 00:33:45
   2:01'12"85 ; DC    ;  66,200 ;     mV ;       ; 00:33:45
   2:01'13"13 ; DC    ;  66,170 ;     mV ;       ; 00:33:45
   2:01'13"40 ; DC    ;  66,170 ;     mV ;       ; 00:33:46
   2:01'13"68 ; DC    ;  66,150 ;     mV ;       ; 00:33:46
   2:01'13"96 ; DC    ;  66,150 ;     mV ;       ; 00:33:46
   2:01'14"22 ; DC    ;  66,190 ;     mV ;       ; 00:33:46
   2:01'14"49 ; DC    ;  66,180 ;     mV ;       ; 00:33:47
   2:01'14"96 ; DC    ;  66,220 ;     mV ;       ; 00:33:47
   2:01'15"26 ; DC    ;  66,230 ;     mV ;       ; 00:33:47
   2:01'15"56 ; DC    ;  66,200 ;     mV ;       ; 00:33:48
   2:01'15"87 ; DC    ;  66,220 ;     mV ;       ; 00:33:48
   2:01'16"17 ; DC    ;  66,190 ;     mV ;       ; 00:33:48
   2:01'16"47 ; DC    ;  66,220 ;     mV ;       ; 00:33:49
   2:01'16"74 ; DC    ;  66,190 ;     mV ;       ; 00:33:49
   2:01'17"01 ; DC    ;  66,170 ;     mV ;       ; 00:33:49
   2:01'17"27 ; DC    ;  66,170 ;     mV ;       ; 00:33:49
   2:01'17"55 ; DC    ;  66,190 ;     mV ;       ; 00:33:50
   2:01'17"84 ; DC    ;  66,170 ;     mV ;       ; 00:33:50
   2:01'18"15 ; DC    ;  66,190 ;     mV ;       ; 00:33:50
   2:01'18"43 ; DC    ;  66,170 ;     mV ;       ; 00:33:51
   2:01'18"71 ; DC    ;  66,170 ;     mV ;       ; 00:33:51
   2:01'18"97 ; DC    ;  66,160 ;     mV ;       ; 00:33:51
   2:01'19"25 ; DC    ;  66,150 ;     mV ;       ; 00:33:51
   2:01'19"51 ; DC    ;  66,180 ;     mV ;       ; 00:33:52
   2:01'19"78 ; DC    ;  66,160 ;     mV ;       ; 00:33:52
   2:01'20"04 ; DC    ;  66,200 ;     mV ;       ; 00:33:52
   2:01'20"32 ; DC    ;  66,160 ;     mV ;       ; 00:33:52
   2:01'20"60 ; DC    ;  66,160 ;     mV ;       ; 00:33:53
   2:01'20"89 ; DC    ;  66,130 ;     mV ;       ; 00:33:53
   2:01'21"19 ; DC    ;  66,130 ;     mV ;       ; 00:33:53
   2:01'21"48 ; DC    ;  66,150 ;     mV ;       ; 00:33:54
   2:01'21"76 ; DC    ;  66,160 ;     mV ;       ; 00:33:54
   2:01'22"04 ; DC    ;  66,150 ;     mV ;       ; 00:33:54
   2:01'22"34 ; DC    ;  66,160 ;     mV ;       ; 00:33:55
   2:01'22"62 ; DC    ;  66,140 ;     mV ;       ; 00:33:55
   2:01'22"88 ; DC    ;  66,150 ;     mV ;       ; 00:33:55
   2:01'23"16 ; DC    ;  66,120 ;     mV ;       ; 00:33:55
   2:01'23"43 ; DC    ;  66,130 ;     mV ;       ; 00:33:56
   2:01'23"71 ; DC    ;  66,110 ;     mV ;       ; 00:33:56
   2:01'23"99 ; DC    ;  66,110 ;     mV ;       ; 00:33:56
   2:01'24"27 ; DC    ;  66,120 ;     mV ;       ; 00:33:56
   2:01'24"54 ; DC    ;  66,080 ;     mV ;       ; 00:33:57
   2:01'24"80 ; DC    ;  66,140 ;     mV ;       ; 00:33:57
   2:01'25"08 ; DC    ;  66,140 ;     mV ;       ; 00:33:57
   2:01'25"36 ; DC    ;  66,110 ;     mV ;       ; 00:33:58
   2:01'25"64 ; DC    ;  66,150 ;     mV ;       ; 00:33:58
   2:01'25"90 ; DC    ;  66,130 ;     mV ;       ; 00:33:58
   2:01'26"18 ; DC    ;  66,150 ;     mV ;       ; 00:33:58
   2:01'26"44 ; DC    ;  66,120 ;     mV ;       ; 00:33:59
   2:01'26"72 ; DC    ;  66,150 ;     mV ;       ; 00:33:59
   2:01'27"03 ; DC    ;  66,150 ;     mV ;       ; 00:33:59
   2:01'27"33 ; DC    ;  66,130 ;     mV ;       ; 00:33:59
   2:01'27"64 ; DC    ;  66,140 ;     mV ;       ; 00:34:00
   2:01'27"92 ; DC    ;  66,130 ;     mV ;       ; 00:34:00
   2:01'28"20 ; DC    ;  66,150 ;     mV ;       ; 00:34:00
   2:01'28"50 ; DC    ;  66,150 ;     mV ;       ; 00:34:01
   2:01'28"78 ; DC    ;  66,180 ;     mV ;       ; 00:34:01
   2:01'29"06 ; DC    ;  66,150 ;     mV ;       ; 00:34:01
   2:01'29"33 ; DC    ;  66,140 ;     mV ;       ; 00:34:02
   2:01'29"60 ; DC    ;  66,140 ;     mV ;       ; 00:34:02
   2:01'29"93 ; DC    ;  66,150 ;     mV ;       ; 00:34:02
   2:01'30"19 ; DC    ;  66,150 ;     mV ;       ; 00:34:02
   2:01'30"47 ; DC    ;  66,150 ;     mV ;       ; 00:34:03
   2:01'30"75 ; DC    ;  66,160 ;     mV ;       ; 00:34:03
   2:01'31"03 ; DC    ;  66,170 ;     mV ;       ; 00:34:03
   2:01'31"29 ; DC    ;  66,130 ;     mV ;       ; 00:34:03
   2:01'31"55 ; DC    ;  66,140 ;     mV ;       ; 00:34:04
   2:01'31"82 ; DC    ;  66,130 ;     mV ;       ; 00:34:04
   2:01'32"10 ; DC    ;  66,150 ;     mV ;       ; 00:34:04
   2:01'32"38 ; DC    ;  66,160 ;     mV ;       ; 00:34:05
   2:01'32"66 ; DC    ;  66,160 ;     mV ;       ; 00:34:05
   2:01'32"94 ; DC    ;  66,220 ;     mV ;       ; 00:34:05
   2:01'33"21 ; DC    ;  66,180 ;     mV ;       ; 00:34:05
   2:01'33"52 ; DC    ;  66,180 ;     mV ;       ; 00:34:06
   2:01'33"80 ; DC    ;  66,200 ;     mV ;       ; 00:34:06
   2:01'34"08 ; DC    ;  66,200 ;     mV ;       ; 00:34:06
   2:01'34"37 ; DC    ;  66,200 ;     mV ;       ; 00:34:07
   2:01'34"63 ; DC    ;  66,190 ;     mV ;       ; 00:34:07
   2:01'34"91 ; DC    ;  66,190 ;     mV ;       ; 00:34:07
   2:01'35"19 ; DC    ;  66,190 ;     mV ;       ; 00:34:07
   2:01'35"46 ; DC    ;  66,220 ;     mV ;       ; 00:34:08
   2:01'35"73 ; DC    ;  66,190 ;     mV ;       ; 00:34:08
   2:01'35"99 ; DC    ;  66,200 ;     mV ;       ; 00:34:08
   2:01'36"26 ; DC    ;  66,190 ;     mV ;       ; 00:34:08
   2:01'36"52 ; DC    ;  66,200 ;     mV ;       ; 00:34:09
   2:01'36"79 ; DC    ;  66,230 ;     mV ;       ; 00:34:09
   2:01'37"05 ; DC    ;  66,230 ;     mV ;       ; 00:34:09
   2:01'37"33 ; DC    ;  66,230 ;     mV ;       ; 00:34:09
   2:01'37"61 ; DC    ;  66,240 ;     mV ;       ; 00:34:10
   2:01'37"89 ; DC    ;  66,260 ;     mV ;       ; 00:34:10
   2:01'38"17 ; DC    ;  66,260 ;     mV ;       ; 00:34:10
   2:01'38"45 ; DC    ;  66,260 ;     mV ;       ; 00:34:11
   2:01'38"75 ; DC    ;  66,260 ;     mV ;       ; 00:34:11
   2:01'39"03 ; DC    ;  66,220 ;     mV ;       ; 00:34:11
   2:01'39"33 ; DC    ;  66,230 ;     mV ;       ; 00:34:11
   2:01'39"63 ; DC    ;  66,230 ;     mV ;       ; 00:34:12
   2:01'39"93 ; DC    ;  66,190 ;     mV ;       ; 00:34:12
   2:01'40"21 ; DC    ;  66,150 ;     mV ;       ; 00:34:12
   2:01'40"47 ; DC    ;  66,230 ;     mV ;       ; 00:34:13
   2:01'40"74 ; DC    ;  66,150 ;     mV ;       ; 00:34:13
   2:01'41"02 ; DC    ;  66,170 ;     mV ;       ; 00:34:13
   2:01'41"31 ; DC    ;  66,110 ;     mV ;       ; 00:34:13
   2:01'41"60 ; DC    ;  66,110 ;     mV ;       ; 00:34:14
   2:01'41"87 ; DC    ;  66,130 ;     mV ;       ; 00:34:14
   2:01'42"15 ; DC    ;  66,130 ;     mV ;       ; 00:34:14
   2:01'42"41 ; DC    ;  66,170 ;     mV ;       ; 00:34:15
   2:01'42"68 ; DC    ;  66,160 ;     mV ;       ; 00:34:15
   2:01'42"95 ; DC    ;  66,150 ;     mV ;       ; 00:34:15
   2:01'43"22 ; DC    ;  66,140 ;     mV ;       ; 00:34:15
   2:01'43"48 ; DC    ;  66,160 ;     mV ;       ; 00:34:16
   2:01'43"74 ; DC    ;  66,160 ;     mV ;       ; 00:34:16
   2:01'44"00 ; DC    ;  66,140 ;     mV ;       ; 00:34:16
   2:01'44"27 ; DC    ;  66,140 ;     mV ;       ; 00:34:16
   2:01'44"57 ; DC    ;  66,050 ;     mV ;       ; 00:34:17
   2:01'44"86 ; DC    ;  66,170 ;     mV ;       ; 00:34:17
   2:01'45"14 ; DC    ;  66,140 ;     mV ;       ; 00:34:17
   2:01'45"43 ; DC    ;  66,150 ;     mV ;       ; 00:34:18
   2:01'45"73 ; DC    ;  66,150 ;     mV ;       ; 00:34:18
   2:01'46"03 ; DC    ;  66,100 ;     mV ;       ; 00:34:18
   2:01'46"31 ; DC    ;  66,160 ;     mV ;       ; 00:34:18
   2:01'46"57 ; DC    ;  66,160 ;     mV ;       ; 00:34:19
   2:01'46"85 ; DC    ;  66,130 ;     mV ;       ; 00:34:19
   2:01'47"12 ; DC    ;  66,180 ;     mV ;       ; 00:34:19
   2:01'47"40 ; DC    ;  66,160 ;     mV ;       ; 00:34:20
   2:01'47"68 ; DC    ;  66,180 ;     mV ;       ; 00:34:20
   2:01'47"94 ; DC    ;  66,170 ;     mV ;       ; 00:34:20
   2:01'48"22 ; DC    ;  66,160 ;     mV ;       ; 00:34:20
   2:01'48"50 ; DC    ;  66,160 ;     mV ;       ; 00:34:21
   2:01'48"78 ; DC    ;  66,180 ;     mV ;       ; 00:34:21
   2:01'49"05 ; DC    ;  66,180 ;     mV ;       ; 00:34:21
   2:01'49"32 ; DC    ;  66,170 ;     mV ;       ; 00:34:21
   2:01'49"59 ; DC    ;  66,170 ;     mV ;       ; 00:34:22
   2:01'49"86 ; DC    ;  66,190 ;     mV ;       ; 00:34:22
   2:01'50"14 ; DC    ;  66,180 ;     mV ;       ; 00:34:22
   2:01'50"46 ; DC    ;  66,180 ;     mV ;       ; 00:34:23
   2:01'50"74 ; DC    ;  66,180 ;     mV ;       ; 00:34:23
   2:01'51"05 ; DC    ;  66,170 ;     mV ;       ; 00:34:23
   2:01'51"34 ; DC    ;  66,180 ;     mV ;       ; 00:34:24
   2:01'51"61 ; DC    ;  66,190 ;     mV ;       ; 00:34:24
   2:01'51"90 ; DC    ;  66,180 ;     mV ;       ; 00:34:24
   2:01'52"18 ; DC    ;  66,180 ;     mV ;       ; 00:34:24
   2:01'52"46 ; DC    ;  66,180 ;     mV ;       ; 00:34:25
   2:01'52"75 ; DC    ;  66,180 ;     mV ;       ; 00:34:25
   2:01'53"09 ; DC    ;  66,190 ;     mV ;       ; 00:34:25
   2:01'53"38 ; DC    ;  66,190 ;     mV ;       ; 00:34:26
   2:01'53"67 ; DC    ;  66,170 ;     mV ;       ; 00:34:26
   2:01'53"97 ; DC    ;  66,180 ;     mV ;       ; 00:34:26
   2:01'54"25 ; DC    ;  66,180 ;     mV ;       ; 00:34:26
   2:01'54"51 ; DC    ;  66,180 ;     mV ;       ; 00:34:27
   2:01'54"77 ; DC    ;  66,180 ;     mV ;       ; 00:34:27
   2:01'55"05 ; DC    ;  66,190 ;     mV ;       ; 00:34:27
   2:01'55"35 ; DC    ;  66,180 ;     mV ;       ; 00:34:28
   2:01'55"62 ; DC    ;  66,200 ;     mV ;       ; 00:34:28
   2:01'55"94 ; DC    ;  66,200 ;     mV ;       ; 00:34:28
   2:01'56"21 ; DC    ;  66,200 ;     mV ;       ; 00:34:28
   2:01'56"50 ; DC    ;  66,180 ;     mV ;       ; 00:34:29
   2:01'56"77 ; DC    ;  66,190 ;     mV ;       ; 00:34:29
   2:01'57"05 ; DC    ;  66,190 ;     mV ;       ; 00:34:29
   2:01'57"33 ; DC    ;  66,180 ;     mV ;       ; 00:34:29
   2:01'57"64 ; DC    ;  66,190 ;     mV ;       ; 00:34:30
   2:01'57"94 ; DC    ;  66,180 ;     mV ;       ; 00:34:30
   2:01'58"25 ; DC    ;  66,180 ;     mV ;       ; 00:34:30
   2:01'58"54 ; DC    ;  66,190 ;     mV ;       ; 00:34:31
   2:01'58"82 ; DC    ;  66,190 ;     mV ;       ; 00:34:31
   2:01'59"10 ; DC    ;  66,190 ;     mV ;       ; 00:34:31
   2:01'59"39 ; DC    ;  66,190 ;     mV ;       ; 00:34:32
   2:01'59"70 ; DC    ;  66,230 ;     mV ;       ; 00:34:32
   2:01'59"97 ; DC    ;  66,240 ;     mV ;       ; 00:34:32
   2:02'00"25 ; DC    ;  66,220 ;     mV ;       ; 00:34:32
   2:02'00"51 ; DC    ;  66,200 ;     mV ;       ; 00:34:33
   2:02'00"77 ; DC    ;  66,200 ;     mV ;       ; 00:34:33
   2:02'01"06 ; DC    ;  66,220 ;     mV ;       ; 00:34:33
   2:02'01"36 ; DC    ;  66,200 ;     mV ;       ; 00:34:34
   2:02'01"64 ; DC    ;  66,220 ;     mV ;       ; 00:34:34
   2:02'01"90 ; DC    ;  66,200 ;     mV ;       ; 00:34:34
   2:02'02"16 ; DC    ;  66,190 ;     mV ;       ; 00:34:34
   2:02'02"47 ; DC    ;  66,220 ;     mV ;       ; 00:34:35
   2:02'02"74 ; DC    ;  66,230 ;     mV ;       ; 00:34:35
   2:02'03"03 ; DC    ;  66,230 ;     mV ;       ; 00:34:35
   2:02'03"33 ; DC    ;  66,230 ;     mV ;       ; 00:34:35
   2:02'03"63 ; DC    ;  66,220 ;     mV ;       ; 00:34:36
   2:02'03"92 ; DC    ;  66,200 ;     mV ;       ; 00:34:36
   2:02'04"20 ; DC    ;  66,200 ;     mV ;       ; 00:34:36
   2:02'04"48 ; DC    ;  66,200 ;     mV ;       ; 00:34:37
   2:02'04"76 ; DC    ;  66,200 ;     mV ;       ; 00:34:37
   2:02'05"04 ; DC    ;  66,230 ;     mV ;       ; 00:34:37
   2:02'05"32 ; DC    ;  66,230 ;     mV ;       ; 00:34:37
   2:02'05"60 ; DC    ;  66,230 ;     mV ;       ; 00:34:38
   2:02'05"87 ; DC    ;  66,230 ;     mV ;       ; 00:34:38
   2:02'06"13 ; DC    ;  66,230 ;     mV ;       ; 00:34:38
   2:02'06"41 ; DC    ;  66,220 ;     mV ;       ; 00:34:39
   2:02'06"69 ; DC    ;  66,220 ;     mV ;       ; 00:34:39
   2:02'06"98 ; DC    ;  66,200 ;     mV ;       ; 00:34:39
   2:02'07"24 ; DC    ;  66,200 ;     mV ;       ; 00:34:39
   2:02'07"53 ; DC    ;  66,220 ;     mV ;       ; 00:34:40
   2:02'07"79 ; DC    ;  66,220 ;     mV ;       ; 00:34:40
   2:02'08"05 ; DC    ;  66,190 ;     mV ;       ; 00:34:40
   2:02'08"35 ; DC    ;  66,180 ;     mV ;       ; 00:34:41
   2:02'08"64 ; DC    ;  66,170 ;     mV ;       ; 00:34:41
   2:02'08"94 ; DC    ;  66,180 ;     mV ;       ; 00:34:41
   2:02'09"23 ; DC    ;  66,190 ;     mV ;       ; 00:34:41
   2:02'09"51 ; DC    ;  66,190 ;     mV ;       ; 00:34:42
   2:02'09"77 ; DC    ;  66,190 ;     mV ;       ; 00:34:42
   2:02'10"05 ; DC    ;  66,200 ;     mV ;       ; 00:34:42
   2:02'10"32 ; DC    ;  66,190 ;     mV ;       ; 00:34:42
   2:02'10"60 ; DC    ;  66,190 ;     mV ;       ; 00:34:43
   2:02'10"89 ; DC    ;  66,190 ;     mV ;       ; 00:34:43
   2:02'11"19 ; DC    ;  66,200 ;     mV ;       ; 00:34:43
   2:02'11"46 ; DC    ;  66,200 ;     mV ;       ; 00:34:44
   2:02'11"72 ; DC    ;  66,220 ;     mV ;       ; 00:34:44
   2:02'11"99 ; DC    ;  66,230 ;     mV ;       ; 00:34:44
   2:02'12"25 ; DC    ;  66,230 ;     mV ;       ; 00:34:44
   2:02'12"55 ; DC    ;  66,240 ;     mV ;       ; 00:34:45
   2:02'12"83 ; DC    ;  66,250 ;     mV ;       ; 00:34:45
   2:02'13"12 ; DC    ;  66,230 ;     mV ;       ; 00:34:45
   2:02'13"40 ; DC    ;  66,230 ;     mV ;       ; 00:34:46
   2:02'13"72 ; DC    ;  66,230 ;     mV ;       ; 00:34:46
   2:02'14"02 ; DC    ;  66,220 ;     mV ;       ; 00:34:46
   2:02'14"34 ; DC    ;  66,220 ;     mV ;       ; 00:34:47
   2:02'14"66 ; DC    ;  66,220 ;     mV ;       ; 00:34:47
   2:02'14"94 ; DC    ;  66,250 ;     mV ;       ; 00:34:47
   2:02'15"22 ; DC    ;  66,270 ;     mV ;       ; 00:34:47
   2:02'15"50 ; DC    ;  66,270 ;     mV ;       ; 00:34:48
   2:02'15"79 ; DC    ;  66,270 ;     mV ;       ; 00:34:48
   2:02'16"08 ; DC    ;  66,250 ;     mV ;       ; 00:34:48
   2:02'16"39 ; DC    ;  66,240 ;     mV ;       ; 00:34:49
   2:02'16"66 ; DC    ;  66,240 ;     mV ;       ; 00:34:49
   2:02'16"94 ; DC    ;  66,250 ;     mV ;       ; 00:34:49
   2:02'17"23 ; DC    ;  66,240 ;     mV ;       ; 00:34:49
   2:02'17"55 ; DC    ;  66,250 ;     mV ;       ; 00:34:50
   2:02'17"83 ; DC    ;  66,250 ;     mV ;       ; 00:34:50
   2:02'18"11 ; DC    ;  66,250 ;     mV ;       ; 00:34:50
   2:02'18"39 ; DC    ;  66,230 ;     mV ;       ; 00:34:51
   2:02'18"66 ; DC    ;  66,230 ;     mV ;       ; 00:34:51
   2:02'18"95 ; DC    ;  66,230 ;     mV ;       ; 00:34:51
   2:02'19"21 ; DC    ;  66,220 ;     mV ;       ; 00:34:51
   2:02'19"48 ; DC    ;  66,230 ;     mV ;       ; 00:34:52
   2:02'19"76 ; DC    ;  66,240 ;     mV ;       ; 00:34:52
   2:02'20"04 ; DC    ;  66,240 ;     mV ;       ; 00:34:52
   2:02'20"33 ; DC    ;  66,230 ;     mV ;       ; 00:34:52
   2:02'20"63 ; DC    ;  66,230 ;     mV ;       ; 00:34:53
   2:02'20"91 ; DC    ;  66,240 ;     mV ;       ; 00:34:53
   2:02'21"21 ; DC    ;  66,260 ;     mV ;       ; 00:34:53
   2:02'21"50 ; DC    ;  66,260 ;     mV ;       ; 00:34:54
   2:02'21"79 ; DC    ;  66,250 ;     mV ;       ; 00:34:54
   2:02'22"07 ; DC    ;  66,250 ;     mV ;       ; 00:34:54
   2:02'22"37 ; DC    ;  66,200 ;     mV ;       ; 00:34:55
   2:02'22"65 ; DC    ;  66,190 ;     mV ;       ; 00:34:55
   2:02'22"93 ; DC    ;  66,190 ;     mV ;       ; 00:34:55
   2:02'23"22 ; DC    ;  66,180 ;     mV ;       ; 00:34:55
   2:02'23"50 ; DC    ;  66,200 ;     mV ;       ; 00:34:56
   2:02'23"79 ; DC    ;  66,180 ;     mV ;       ; 00:34:56
   2:02'24"06 ; DC    ;  66,180 ;     mV ;       ; 00:34:56
   2:02'24"34 ; DC    ;  66,180 ;     mV ;       ; 00:34:57
   2:02'24"60 ; DC    ;  66,180 ;     mV ;       ; 00:34:57
   2:02'24"89 ; DC    ;  66,170 ;     mV ;       ; 00:34:57
   2:02'25"15 ; DC    ;  66,180 ;     mV ;       ; 00:34:57
   2:02'25"43 ; DC    ;  66,180 ;     mV ;       ; 00:34:58
   2:02'25"73 ; DC    ;  66,200 ;     mV ;       ; 00:34:58
   2:02'26"02 ; DC    ;  66,200 ;     mV ;       ; 00:34:58
   2:02'26"29 ; DC    ;  66,190 ;     mV ;       ; 00:34:58
   2:02'26"58 ; DC    ;  66,190 ;     mV ;       ; 00:34:59
   2:02'26"85 ; DC    ;  66,190 ;     mV ;       ; 00:34:59
   2:02'27"14 ; DC    ;  66,180 ;     mV ;       ; 00:34:59
   2:02'27"44 ; DC    ;  66,180 ;     mV ;       ; 00:35:00
   2:02'27"74 ; DC    ;  66,170 ;     mV ;       ; 00:35:00
   2:02'28"05 ; DC    ;  66,190 ;     mV ;       ; 00:35:00
   2:02'28"33 ; DC    ;  66,190 ;     mV ;       ; 00:35:00
   2:02'28"63 ; DC    ;  66,180 ;     mV ;       ; 00:35:01
   2:02'28"91 ; DC    ;  66,180 ;     mV ;       ; 00:35:01
   2:02'29"23 ; DC    ;  66,170 ;     mV ;       ; 00:35:01
   2:02'29"51 ; DC    ;  66,170 ;     mV ;       ; 00:35:02
   2:02'29"79 ; DC    ;  66,160 ;     mV ;       ; 00:35:02
   2:02'30"09 ; DC    ;  66,190 ;     mV ;       ; 00:35:02
   2:02'30"41 ; DC    ;  66,180 ;     mV ;       ; 00:35:03
   2:02'30"70 ; DC    ;  66,180 ;     mV ;       ; 00:35:03
   2:02'31"01 ; DC    ;  66,180 ;     mV ;       ; 00:35:03
   2:02'31"31 ; DC    ;  66,190 ;     mV ;       ; 00:35:03
   2:02'31"60 ; DC    ;  66,190 ;     mV ;       ; 00:35:04
   2:02'31"89 ; DC    ;  66,190 ;     mV ;       ; 00:35:04
   2:02'32"19 ; DC    ;  66,180 ;     mV ;       ; 00:35:04
   2:02'32"49 ; DC    ;  66,190 ;     mV ;       ; 00:35:05
   2:02'32"78 ; DC    ;  66,180 ;     mV ;       ; 00:35:05
   2:02'33"07 ; DC    ;  66,180 ;     mV ;       ; 00:35:05
   2:02'33"35 ; DC    ;  66,190 ;     mV ;       ; 00:35:06
   2:02'33"61 ; DC    ;  66,200 ;     mV ;       ; 00:35:06
   2:02'33"87 ; DC    ;  66,200 ;     mV ;       ; 00:35:06
   2:02'34"13 ; DC    ;  66,200 ;     mV ;       ; 00:35:06
   2:02'34"40 ; DC    ;  66,200 ;     mV ;       ; 00:35:07
   2:02'34"67 ; DC    ;  66,200 ;     mV ;       ; 00:35:07
   2:02'34"96 ; DC    ;  66,190 ;     mV ;       ; 00:35:07
   2:02'35"22 ; DC    ;  66,200 ;     mV ;       ; 00:35:07
   2:02'35"49 ; DC    ;  66,200 ;     mV ;       ; 00:35:08
   2:02'35"75 ; DC    ;  66,200 ;     mV ;       ; 00:35:08
   2:02'36"04 ; DC    ;  66,200 ;     mV ;       ; 00:35:08
   2:02'36"31 ; DC    ;  66,180 ;     mV ;       ; 00:35:08
   2:02'36"57 ; DC    ;  66,180 ;     mV ;       ; 00:35:09
   2:02'36"84 ; DC    ;  66,190 ;     mV ;       ; 00:35:09
   2:02'37"10 ; DC    ;  66,220 ;     mV ;       ; 00:35:09
   2:02'37"38 ; DC    ;  66,220 ;     mV ;       ; 00:35:10
   2:02'37"66 ; DC    ;  66,230 ;     mV ;       ; 00:35:10
   2:02'37"92 ; DC    ;  66,240 ;     mV ;       ; 00:35:10
   2:02'38"19 ; DC    ;  66,250 ;     mV ;       ; 00:35:10
   2:02'38"47 ; DC    ;  66,250 ;     mV ;       ; 00:35:11
   2:02'38"75 ; DC    ;  66,260 ;     mV ;       ; 00:35:11
   2:02'39"02 ; DC    ;  66,250 ;     mV ;       ; 00:35:11
   2:02'39"30 ; DC    ;  66,260 ;     mV ;       ; 00:35:11
   2:02'39"58 ; DC    ;  66,250 ;     mV ;       ; 00:35:12
   2:02'39"86 ; DC    ;  66,270 ;     mV ;       ; 00:35:12
   2:02'40"14 ; DC    ;  66,280 ;     mV ;       ; 00:35:12
   2:02'40"40 ; DC    ;  66,290 ;     mV ;       ; 00:35:13
   2:02'40"67 ; DC    ;  66,290 ;     mV ;       ; 00:35:13
   2:02'40"93 ; DC    ;  66,270 ;     mV ;       ; 00:35:13
   2:02'41"21 ; DC    ;  66,290 ;     mV ;       ; 00:35:13
   2:02'41"47 ; DC    ;  66,270 ;     mV ;       ; 00:35:14
   2:02'41"75 ; DC    ;  66,280 ;     mV ;       ; 00:35:14
   2:02'42"03 ; DC    ;  66,260 ;     mV ;       ; 00:35:14
   2:02'42"31 ; DC    ;  66,250 ;     mV ;       ; 00:35:14
   2:02'42"57 ; DC    ;  66,240 ;     mV ;       ; 00:35:15
   2:02'42"84 ; DC    ;  66,240 ;     mV ;       ; 00:35:15
   2:02'43"10 ; DC    ;  66,180 ;     mV ;       ; 00:35:15
   2:02'43"38 ; DC    ;  66,180 ;     mV ;       ; 00:35:16
   2:02'43"65 ; DC    ;  66,220 ;     mV ;       ; 00:35:16
   2:02'43"93 ; DC    ;  66,190 ;     mV ;       ; 00:35:16
   2:02'44"20 ; DC    ;  66,220 ;     mV ;       ; 00:35:16
   2:02'44"48 ; DC    ;  66,220 ;     mV ;       ; 00:35:17
   2:02'44"74 ; DC    ;  66,220 ;     mV ;       ; 00:35:17
   2:02'45"02 ; DC    ;  66,240 ;     mV ;       ; 00:35:17
   2:02'45"29 ; DC    ;  66,220 ;     mV ;       ; 00:35:17
   2:02'45"64 ; DC    ;  66,230 ;     mV ;       ; 00:35:18
   2:02'45"94 ; DC    ;  66,190 ;     mV ;       ; 00:35:18
   2:02'46"22 ; DC    ;  66,220 ;     mV ;       ; 00:35:18
   2:02'46"49 ; DC    ;  66,200 ;     mV ;       ; 00:35:19
   2:02'46"77 ; DC    ;  66,190 ;     mV ;       ; 00:35:19
   2:02'47"05 ; DC    ;  66,170 ;     mV ;       ; 00:35:19
   2:02'47"33 ; DC    ;  66,180 ;     mV ;       ; 00:35:19
   2:02'47"61 ; DC    ;  66,170 ;     mV ;       ; 00:35:20
   2:02'47"90 ; DC    ;  66,170 ;     mV ;       ; 00:35:20
   2:02'48"17 ; DC    ;  66,200 ;     mV ;       ; 00:35:20
   2:02'48"43 ; DC    ;  66,200 ;     mV ;       ; 00:35:21
   2:02'48"69 ; DC    ;  66,220 ;     mV ;       ; 00:35:21
   2:02'48"96 ; DC    ;  66,200 ;     mV ;       ; 00:35:21
   2:02'49"24 ; DC    ;  66,200 ;     mV ;       ; 00:35:21
   2:02'49"53 ; DC    ;  66,220 ;     mV ;       ; 00:35:22
   2:02'49"81 ; DC    ;  66,200 ;     mV ;       ; 00:35:22
   2:02'50"09 ; DC    ;  66,220 ;     mV ;       ; 00:35:22
   2:02'50"37 ; DC    ;  66,190 ;     mV ;       ; 00:35:23
   2:02'50"63 ; DC    ;  66,190 ;     mV ;       ; 00:35:23
   2:02'50"91 ; DC    ;  66,200 ;     mV ;       ; 00:35:23
   2:02'51"24 ; DC    ;  66,200 ;     mV ;       ; 00:35:23
   2:02'51"52 ; DC    ;  66,190 ;     mV ;       ; 00:35:24
   2:02'51"80 ; DC    ;  66,190 ;     mV ;       ; 00:35:24
   2:02'52"08 ; DC    ;  66,190 ;     mV ;       ; 00:35:24
   2:02'52"36 ; DC    ;  66,190 ;     mV ;       ; 00:35:25
   2:02'52"64 ; DC    ;  66,220 ;     mV ;       ; 00:35:25
   2:02'52"92 ; DC    ;  66,230 ;     mV ;       ; 00:35:25
   2:02'53"18 ; DC    ;  66,220 ;     mV ;       ; 00:35:25
   2:02'53"47 ; DC    ;  66,200 ;     mV ;       ; 00:35:26
   2:02'53"75 ; DC    ;  66,190 ;     mV ;       ; 00:35:26
   2:02'54"03 ; DC    ;  66,200 ;     mV ;       ; 00:35:26
   2:02'54"31 ; DC    ;  66,220 ;     mV ;       ; 00:35:26
   2:02'54"58 ; DC    ;  66,230 ;     mV ;       ; 00:35:27
   2:02'54"84 ; DC    ;  66,220 ;     mV ;       ; 00:35:27
   2:02'55"10 ; DC    ;  66,230 ;     mV ;       ; 00:35:27
   2:02'55"36 ; DC    ;  66,230 ;     mV ;       ; 00:35:28
   2:02'55"63 ; DC    ;  66,230 ;     mV ;       ; 00:35:28
   2:02'55"90 ; DC    ;  66,240 ;     mV ;       ; 00:35:28
   2:02'56"16 ; DC    ;  66,240 ;     mV ;       ; 00:35:28
   2:02'56"43 ; DC    ;  66,240 ;     mV ;       ; 00:35:29
   2:02'56"71 ; DC    ;  66,230 ;     mV ;       ; 00:35:29
   2:02'56"97 ; DC    ;  66,240 ;     mV ;       ; 00:35:29
   2:02'57"25 ; DC    ;  66,230 ;     mV ;       ; 00:35:29
   2:02'57"54 ; DC    ;  66,200 ;     mV ;       ; 00:35:30
   2:02'57"83 ; DC    ;  66,200 ;     mV ;       ; 00:35:30
   2:02'58"11 ; DC    ;  66,200 ;     mV ;       ; 00:35:30
   2:02'58"39 ; DC    ;  66,200 ;     mV ;       ; 00:35:31
   2:02'58"67 ; DC    ;  66,200 ;     mV ;       ; 00:35:31
   2:02'58"95 ; DC    ;  66,200 ;     mV ;       ; 00:35:31
   2:02'59"22 ; DC    ;  66,230 ;     mV ;       ; 00:35:31
   2:02'59"50 ; DC    ;  66,220 ;     mV ;       ; 00:35:32
   2:02'59"78 ; DC    ;  66,200 ;     mV ;       ; 00:35:32
   2:03'00"06 ; DC    ;  66,230 ;     mV ;       ; 00:35:32
   2:03'00"32 ; DC    ;  66,220 ;     mV ;       ; 00:35:32
   2:03'00"59 ; DC    ;  66,230 ;     mV ;       ; 00:35:33
   2:03'00"85 ; DC    ;  66,200 ;     mV ;       ; 00:35:33
   2:03'01"12 ; DC    ;  66,200 ;     mV ;       ; 00:35:33
   2:03'01"40 ; DC    ;  66,190 ;     mV ;       ; 00:35:34
   2:03'01"66 ; DC    ;  66,190 ;     mV ;       ; 00:35:34
   2:03'01"93 ; DC    ;  66,180 ;     mV ;       ; 00:35:34
   2:03'02"21 ; DC    ;  66,180 ;     mV ;       ; 00:35:34
   2:03'02"48 ; DC    ;  66,180 ;     mV ;       ; 00:35:35
   2:03'02"75 ; DC    ;  66,160 ;     mV ;       ; 00:35:35
   2:03'03"01 ; DC    ;  66,160 ;     mV ;       ; 00:35:35
   2:03'03"29 ; DC    ;  66,160 ;     mV ;       ; 00:35:35
   2:03'03"56 ; DC    ;  66,180 ;     mV ;       ; 00:35:36
   2:03'03"84 ; DC    ;  66,180 ;     mV ;       ; 00:35:36
   2:03'04"10 ; DC    ;  66,180 ;     mV ;       ; 00:35:36
   2:03'04"36 ; DC    ;  66,180 ;     mV ;       ; 00:35:37
   2:03'04"64 ; DC    ;  66,170 ;     mV ;       ; 00:35:37
   2:03'04"93 ; DC    ;  66,160 ;     mV ;       ; 00:35:37
   2:03'05"20 ; DC    ;  66,170 ;     mV ;       ; 00:35:37
   2:03'05"48 ; DC    ;  66,160 ;     mV ;       ; 00:35:38
   2:03'05"76 ; DC    ;  66,170 ;     mV ;       ; 00:35:38
   2:03'06"03 ; DC    ;  66,160 ;     mV ;       ; 00:35:38
   2:03'06"31 ; DC    ;  66,150 ;     mV ;       ; 00:35:38
   2:03'06"61 ; DC    ;  66,130 ;     mV ;       ; 00:35:39
   2:03'06"87 ; DC    ;  66,120 ;     mV ;       ; 00:35:39
   2:03'07"13 ; DC    ;  66,120 ;     mV ;       ; 00:35:39
   2:03'07"41 ; DC    ;  66,130 ;     mV ;       ; 00:35:40
   2:03'07"69 ; DC    ;  66,130 ;     mV ;       ; 00:35:40
   2:03'07"97 ; DC    ;  66,140 ;     mV ;       ; 00:35:40
   2:03'08"24 ; DC    ;  66,140 ;     mV ;       ; 00:35:40
   2:03'08"54 ; DC    ;  66,130 ;     mV ;       ; 00:35:41
   2:03'08"83 ; DC    ;  66,130 ;     mV ;       ; 00:35:41
   2:03'09"14 ; DC    ;  66,150 ;     mV ;       ; 00:35:41
   2:03'09"43 ; DC    ;  66,170 ;     mV ;       ; 00:35:42
   2:03'09"72 ; DC    ;  66,160 ;     mV ;       ; 00:35:42
   2:03'10"03 ; DC    ;  66,160 ;     mV ;       ; 00:35:42
   2:03'10"33 ; DC    ;  66,160 ;     mV ;       ; 00:35:43
   2:03'10"65 ; DC    ;  66,150 ;     mV ;       ; 00:35:43
   2:03'10"93 ; DC    ;  66,140 ;     mV ;       ; 00:35:43
   2:03'11"21 ; DC    ;  66,150 ;     mV ;       ; 00:35:43
   2:03'11"49 ; DC    ;  66,120 ;     mV ;       ; 00:35:44
   2:03'11"78 ; DC    ;  66,110 ;     mV ;       ; 00:35:44
   2:03'12"06 ; DC    ;  66,110 ;     mV ;       ; 00:35:44
   2:03'12"33 ; DC    ;  66,110 ;     mV ;       ; 00:35:45
   2:03'12"60 ; DC    ;  66,090 ;     mV ;       ; 00:35:45
   2:03'12"88 ; DC    ;  66,110 ;     mV ;       ; 00:35:45
   2:03'13"16 ; DC    ;  66,110 ;     mV ;       ; 00:35:45
   2:03'13"44 ; DC    ;  66,120 ;     mV ;       ; 00:35:46
   2:03'13"72 ; DC    ;  66,120 ;     mV ;       ; 00:35:46
   2:03'13"99 ; DC    ;  66,120 ;     mV ;       ; 00:35:46
   2:03'14"26 ; DC    ;  66,120 ;     mV ;       ; 00:35:46
   2:03'14"53 ; DC    ;  66,120 ;     mV ;       ; 00:35:47
   2:03'14"79 ; DC    ;  66,110 ;     mV ;       ; 00:35:47
   2:03'15"09 ; DC    ;  66,110 ;     mV ;       ; 00:35:47
   2:03'15"37 ; DC    ;  66,120 ;     mV ;       ; 00:35:48
   2:03'15"65 ; DC    ;  66,130 ;     mV ;       ; 00:35:48
   2:03'15"97 ; DC    ;  66,140 ;     mV ;       ; 00:35:48
   2:03'16"24 ; DC    ;  66,130 ;     mV ;       ; 00:35:48
   2:03'16"53 ; DC    ;  66,160 ;     mV ;       ; 00:35:49
   2:03'16"82 ; DC    ;  66,140 ;     mV ;       ; 00:35:49
   2:03'17"23 ; DC    ;  66,150 ;     mV ;       ; 00:35:49
   2:03'17"49 ; DC    ;  66,160 ;     mV ;       ; 00:35:50
   2:03'17"78 ; DC    ;  66,150 ;     mV ;       ; 00:35:50
   2:03'18"06 ; DC    ;  66,130 ;     mV ;       ; 00:35:50
   2:03'18"32 ; DC    ;  66,140 ;     mV ;       ; 00:35:50
   2:03'18"61 ; DC    ;  66,140 ;     mV ;       ; 00:35:51
   2:03'18"90 ; DC    ;  66,110 ;     mV ;       ; 00:35:51
   2:03'19"19 ; DC    ;  66,130 ;     mV ;       ; 00:35:51
   2:03'19"47 ; DC    ;  66,140 ;     mV ;       ; 00:35:52
   2:03'19"75 ; DC    ;  66,130 ;     mV ;       ; 00:35:52
   2:03'20"05 ; DC    ;  66,130 ;     mV ;       ; 00:35:52
   2:03'20"33 ; DC    ;  66,130 ;     mV ;       ; 00:35:52
   2:03'20"59 ; DC    ;  66,120 ;     mV ;       ; 00:35:53
   2:03'20"87 ; DC    ;  66,120 ;     mV ;       ; 00:35:53
   2:03'21"17 ; DC    ;  66,130 ;     mV ;       ; 00:35:53
   2:03'21"47 ; DC    ;  66,140 ;     mV ;       ; 00:35:54
   2:03'21"74 ; DC    ;  66,140 ;     mV ;       ; 00:35:54
   2:03'22"02 ; DC    ;  66,150 ;     mV ;       ; 00:35:54
   2:03'22"31 ; DC    ;  66,160 ;     mV ;       ; 00:35:54
   2:03'22"60 ; DC    ;  66,140 ;     mV ;       ; 00:35:55
   2:03'22"91 ; DC    ;  66,160 ;     mV ;       ; 00:35:55
   2:03'23"20 ; DC    ;  66,140 ;     mV ;       ; 00:35:55
   2:03'23"53 ; DC    ;  66,140 ;     mV ;       ; 00:35:56
   2:03'23"83 ; DC    ;  66,140 ;     mV ;       ; 00:35:56
   2:03'24"14 ; DC    ;  66,150 ;     mV ;       ; 00:35:56
   2:03'24"45 ; DC    ;  66,150 ;     mV ;       ; 00:35:57
   2:03'24"74 ; DC    ;  66,150 ;     mV ;       ; 00:35:57
   2:03'25"04 ; DC    ;  66,130 ;     mV ;       ; 00:35:57
   2:03'25"33 ; DC    ;  66,140 ;     mV ;       ; 00:35:58
   2:03'25"66 ; DC    ;  66,140 ;     mV ;       ; 00:35:58
   2:03'25"96 ; DC    ;  66,120 ;     mV ;       ; 00:35:58
   2:03'26"31 ; DC    ;  66,140 ;     mV ;       ; 00:35:58
   2:03'26"61 ; DC    ;  66,120 ;     mV ;       ; 00:35:59
   2:03'26"89 ; DC    ;  66,130 ;     mV ;       ; 00:35:59
   2:03'27"19 ; DC    ;  66,130 ;     mV ;       ; 00:35:59
   2:03'27"49 ; DC    ;  66,130 ;     mV ;       ; 00:36:00
   2:03'27"80 ; DC    ;  66,130 ;     mV ;       ; 00:36:00
   2:03'28"08 ; DC    ;  66,140 ;     mV ;       ; 00:36:00
   2:03'28"39 ; DC    ;  66,140 ;     mV ;       ; 00:36:01
   2:03'28"68 ; DC    ;  66,120 ;     mV ;       ; 00:36:01
   2:03'28"96 ; DC    ;  66,130 ;     mV ;       ; 00:36:01
   2:03'29"24 ; DC    ;  66,150 ;     mV ;       ; 00:36:01
   2:03'29"53 ; DC    ;  66,120 ;     mV ;       ; 00:36:02
   2:03'29"84 ; DC    ;  66,120 ;     mV ;       ; 00:36:02
   2:03'30"20 ; DC    ;  66,120 ;     mV ;       ; 00:36:02
   2:03'30"51 ; DC    ;  66,130 ;     mV ;       ; 00:36:03
   2:03'30"95 ; DC    ;  66,130 ;     mV ;       ; 00:36:03
   2:03'31"26 ; DC    ;  66,120 ;     mV ;       ; 00:36:03
   2:03'31"57 ; DC    ;  66,130 ;     mV ;       ; 00:36:04
   2:03'31"87 ; DC    ;  66,130 ;     mV ;       ; 00:36:04
   2:03'32"18 ; DC    ;  66,140 ;     mV ;       ; 00:36:04
   2:03'32"49 ; DC    ;  66,150 ;     mV ;       ; 00:36:05
   2:03'32"79 ; DC    ;  66,140 ;     mV ;       ; 00:36:05
   2:03'33"08 ; DC    ;  66,140 ;     mV ;       ; 00:36:05
   2:03'33"39 ; DC    ;  66,140 ;     mV ;       ; 00:36:06
   2:03'33"69 ; DC    ;  66,150 ;     mV ;       ; 00:36:06
   2:03'33"98 ; DC    ;  66,120 ;     mV ;       ; 00:36:06
   2:03'34"25 ; DC    ;  66,150 ;     mV ;       ; 00:36:06
   2:03'34"55 ; DC    ;  66,170 ;     mV ;       ; 00:36:07
   2:03'34"83 ; DC    ;  66,160 ;     mV ;       ; 00:36:07
   2:03'35"14 ; DC    ;  66,160 ;     mV ;       ; 00:36:07
   2:03'35"45 ; DC    ;  66,160 ;     mV ;       ; 00:36:08
   2:03'35"76 ; DC    ;  66,170 ;     mV ;       ; 00:36:08
   2:03'36"06 ; DC    ;  66,190 ;     mV ;       ; 00:36:08
   2:03'36"35 ; DC    ;  66,170 ;     mV ;       ; 00:36:09
   2:03'36"67 ; DC    ;  66,160 ;     mV ;       ; 00:36:09
   2:03'36"99 ; DC    ;  66,150 ;     mV ;       ; 00:36:09
   2:03'37"29 ; DC    ;  66,140 ;     mV ;       ; 00:36:09
   2:03'37"61 ; DC    ;  66,160 ;     mV ;       ; 00:36:10
   2:03'37"93 ; DC    ;  66,170 ;     mV ;       ; 00:36:10
   2:03'38"27 ; DC    ;  66,160 ;     mV ;       ; 00:36:10
   2:03'38"57 ; DC    ;  66,150 ;     mV ;       ; 00:36:11
   2:03'38"91 ; DC    ;  66,150 ;     mV ;       ; 00:36:11
   2:03'39"23 ; DC    ;  66,150 ;     mV ;       ; 00:36:11
   2:03'39"53 ; DC    ;  66,120 ;     mV ;       ; 00:36:12
   2:03'39"83 ; DC    ;  66,130 ;     mV ;       ; 00:36:12
   2:03'40"10 ; DC    ;  66,130 ;     mV ;       ; 00:36:12
   2:03'40"37 ; DC    ;  66,110 ;     mV ;       ; 00:36:13
   2:03'40"63 ; DC    ;  66,110 ;     mV ;       ; 00:36:13
   2:03'40"91 ; DC    ;  66,100 ;     mV ;       ; 00:36:13
   2:03'41"19 ; DC    ;  66,110 ;     mV ;       ; 00:36:13
   2:03'41"46 ; DC    ;  66,090 ;     mV ;       ; 00:36:14
   2:03'41"73 ; DC    ;  66,110 ;     mV ;       ; 00:36:14
   2:03'41"99 ; DC    ;  66,120 ;     mV ;       ; 00:36:14
   2:03'42"27 ; DC    ;  66,110 ;     mV ;       ; 00:36:14
   2:03'42"55 ; DC    ;  66,120 ;     mV ;       ; 00:36:15
   2:03'42"90 ; DC    ;  66,120 ;     mV ;       ; 00:36:15
   2:03'43"20 ; DC    ;  66,130 ;     mV ;       ; 00:36:15
   2:03'43"56 ; DC    ;  66,150 ;     mV ;       ; 00:36:16
   2:03'43"86 ; DC    ;  66,150 ;     mV ;       ; 00:36:16
   2:03'44"16 ; DC    ;  66,130 ;     mV ;       ; 00:36:16
   2:03'44"44 ; DC    ;  66,150 ;     mV ;       ; 00:36:17
   2:03'44"79 ; DC    ;  66,140 ;     mV ;       ; 00:36:17
   2:03'45"11 ; DC    ;  66,110 ;     mV ;       ; 00:36:17
   2:03'45"39 ; DC    ;  66,130 ;     mV ;       ; 00:36:18
   2:03'45"67 ; DC    ;  66,130 ;     mV ;       ; 00:36:18
   2:03'45"96 ; DC    ;  66,130 ;     mV ;       ; 00:36:18
   2:03'46"35 ; DC    ;  66,120 ;     mV ;       ; 00:36:19
   2:03'46"63 ; DC    ;  66,120 ;     mV ;       ; 00:36:19
   2:03'46"92 ; DC    ;  66,110 ;     mV ;       ; 00:36:19
   2:03'47"18 ; DC    ;  66,130 ;     mV ;       ; 00:36:19
   2:03'47"48 ; DC    ;  66,130 ;     mV ;       ; 00:36:20
   2:03'47"74 ; DC    ;  66,120 ;     mV ;       ; 00:36:20
   2:03'48"02 ; DC    ;  66,120 ;     mV ;       ; 00:36:20
   2:03'48"30 ; DC    ;  66,120 ;     mV ;       ; 00:36:20
   2:03'48"61 ; DC    ;  66,130 ;     mV ;       ; 00:36:21
   2:03'48"89 ; DC    ;  66,140 ;     mV ;       ; 00:36:21
   2:03'49"17 ; DC    ;  66,130 ;     mV ;       ; 00:36:21
   2:03'49"44 ; DC    ;  66,130 ;     mV ;       ; 00:36:22
   2:03'49"72 ; DC    ;  66,100 ;     mV ;       ; 00:36:22
   2:03'50"00 ; DC    ;  66,100 ;     mV ;       ; 00:36:22
   2:03'50"28 ; DC    ;  66,100 ;     mV ;       ; 00:36:22
   2:03'50"57 ; DC    ;  66,100 ;     mV ;       ; 00:36:23
   2:03'50"85 ; DC    ;  66,110 ;     mV ;       ; 00:36:23
   2:03'51"15 ; DC    ;  66,110 ;     mV ;       ; 00:36:23
   2:03'51"45 ; DC    ;  66,100 ;     mV ;       ; 00:36:24
   2:03'51"73 ; DC    ;  66,090 ;     mV ;       ; 00:36:24
   2:03'52"01 ; DC    ;  66,100 ;     mV ;       ; 00:36:24
   2:03'52"29 ; DC    ;  66,080 ;     mV ;       ; 00:36:24
   2:03'52"57 ; DC    ;  66,070 ;     mV ;       ; 00:36:25
   2:03'52"85 ; DC    ;  66,080 ;     mV ;       ; 00:36:25
   2:03'53"13 ; DC    ;  66,100 ;     mV ;       ; 00:36:25
   2:03'53"41 ; DC    ;  66,100 ;     mV ;       ; 00:36:26
   2:03'53"69 ; DC    ;  66,090 ;     mV ;       ; 00:36:26
   2:03'53"97 ; DC    ;  66,110 ;     mV ;       ; 00:36:26
   2:03'54"25 ; DC    ;  66,110 ;     mV ;       ; 00:36:26
   2:03'54"53 ; DC    ;  66,100 ;     mV ;       ; 00:36:27
   2:03'54"79 ; DC    ;  66,100 ;     mV ;       ; 00:36:27
   2:03'55"05 ; DC    ;  66,100 ;     mV ;       ; 00:36:27
   2:03'55"33 ; DC    ;  66,090 ;     mV ;       ; 00:36:27
   2:03'55"59 ; DC    ;  66,110 ;     mV ;       ; 00:36:28
   2:03'55"85 ; DC    ;  66,100 ;     mV ;       ; 00:36:28
   2:03'56"16 ; DC    ;  66,100 ;     mV ;       ; 00:36:28
   2:03'56"43 ; DC    ;  66,120 ;     mV ;       ; 00:36:29
   2:03'56"69 ; DC    ;  66,110 ;     mV ;       ; 00:36:29
   2:03'56"99 ; DC    ;  66,100 ;     mV ;       ; 00:36:29
   2:03'57"28 ; DC    ;  66,110 ;     mV ;       ; 00:36:29
   2:03'57"57 ; DC    ;  66,110 ;     mV ;       ; 00:36:30
   2:03'57"86 ; DC    ;  66,100 ;     mV ;       ; 00:36:30
   2:03'58"14 ; DC    ;  66,110 ;     mV ;       ; 00:36:30
   2:03'58"42 ; DC    ;  66,100 ;     mV ;       ; 00:36:31
   2:03'58"70 ; DC    ;  66,100 ;     mV ;       ; 00:36:31
   2:03'58"98 ; DC    ;  66,130 ;     mV ;       ; 00:36:31
   2:03'59"26 ; DC    ;  66,130 ;     mV ;       ; 00:36:31
   2:03'59"55 ; DC    ;  66,130 ;     mV ;       ; 00:36:32
   2:03'59"82 ; DC    ;  66,140 ;     mV ;       ; 00:36:32
   2:04'00"09 ; DC    ;  66,120 ;     mV ;       ; 00:36:32
   2:04'00"35 ; DC    ;  66,120 ;     mV ;       ; 00:36:33
   2:04'00"61 ; DC    ;  66,120 ;     mV ;       ; 00:36:33
   2:04'00"89 ; DC    ;  66,130 ;     mV ;       ; 00:36:33
   2:04'01"17 ; DC    ;  66,100 ;     mV ;       ; 00:36:33
   2:04'01"45 ; DC    ;  66,090 ;     mV ;       ; 00:36:34
   2:04'01"71 ; DC    ;  66,080 ;     mV ;       ; 00:36:34
   2:04'01"99 ; DC    ;  66,080 ;     mV ;       ; 00:36:34
   2:04'02"29 ; DC    ;  66,080 ;     mV ;       ; 00:36:34
   2:04'02"57 ; DC    ;  66,070 ;     mV ;       ; 00:36:35
   2:04'02"86 ; DC    ;  66,070 ;     mV ;       ; 00:36:35
   2:04'03"15 ; DC    ;  66,040 ;     mV ;       ; 00:36:35
   2:04'03"43 ; DC    ;  66,040 ;     mV ;       ; 00:36:36
   2:04'03"71 ; DC    ;  66,040 ;     mV ;       ; 00:36:36
   2:04'03"98 ; DC    ;  66,040 ;     mV ;       ; 00:36:36
   2:04'04"26 ; DC    ;  66,040 ;     mV ;       ; 00:36:36
   2:04'04"53 ; DC    ;  66,060 ;     mV ;       ; 00:36:37
   2:04'04"81 ; DC    ;  66,070 ;     mV ;       ; 00:36:37
   2:04'05"10 ; DC    ;  66,070 ;     mV ;       ; 00:36:37
   2:04'05"38 ; DC    ;  66,090 ;     mV ;       ; 00:36:38
   2:04'05"65 ; DC    ;  66,060 ;     mV ;       ; 00:36:38
   2:04'05"92 ; DC    ;  66,090 ;     mV ;       ; 00:36:38
   2:04'06"19 ; DC    ;  66,100 ;     mV ;       ; 00:36:38
   2:04'06"47 ; DC    ;  66,100 ;     mV ;       ; 00:36:39
   2:04'06"75 ; DC    ;  66,100 ;     mV ;       ; 00:36:39
   2:04'07"03 ; DC    ;  66,080 ;     mV ;       ; 00:36:39
   2:04'07"29 ; DC    ;  66,090 ;     mV ;       ; 00:36:39
   2:04'07"55 ; DC    ;  66,110 ;     mV ;       ; 00:36:40
   2:04'07"85 ; DC    ;  66,120 ;     mV ;       ; 00:36:40
   2:04'08"14 ; DC    ;  66,110 ;     mV ;       ; 00:36:40
   2:04'08"42 ; DC    ;  66,110 ;     mV ;       ; 00:36:41
   2:04'08"70 ; DC    ;  66,120 ;     mV ;       ; 00:36:41
   2:04'08"99 ; DC    ;  66,120 ;     mV ;       ; 00:36:41
   2:04'09"30 ; DC    ;  66,130 ;     mV ;       ; 00:36:41
   2:04'09"61 ; DC    ;  66,120 ;     mV ;       ; 00:36:42
   2:04'09"90 ; DC    ;  66,110 ;     mV ;       ; 00:36:42
   2:04'10"19 ; DC    ;  66,110 ;     mV ;       ; 00:36:42
   2:04'10"48 ; DC    ;  66,120 ;     mV ;       ; 00:36:43
   2:04'10"77 ; DC    ;  66,110 ;     mV ;       ; 00:36:43
   2:04'11"04 ; DC    ;  66,100 ;     mV ;       ; 00:36:43
   2:04'11"33 ; DC    ;  66,110 ;     mV ;       ; 00:36:43
   2:04'11"60 ; DC    ;  66,110 ;     mV ;       ; 00:36:44
   2:04'11"86 ; DC    ;  66,110 ;     mV ;       ; 00:36:44
   2:04'12"14 ; DC    ;  66,090 ;     mV ;       ; 00:36:44
   2:04'12"42 ; DC    ;  66,090 ;     mV ;       ; 00:36:45
   2:04'12"68 ; DC    ;  66,090 ;     mV ;       ; 00:36:45
   2:04'13"15 ; DC    ;  66,110 ;     mV ;       ; 00:36:45
   2:04'13"41 ; DC    ;  66,110 ;     mV ;       ; 00:36:46
   2:04'13"68 ; DC    ;  66,120 ;     mV ;       ; 00:36:46
   2:04'13"94 ; DC    ;  66,120 ;     mV ;       ; 00:36:46
   2:04'14"21 ; DC    ;  66,110 ;     mV ;       ; 00:36:46
   2:04'14"50 ; DC    ;  66,110 ;     mV ;       ; 00:36:47
   2:04'14"77 ; DC    ;  66,100 ;     mV ;       ; 00:36:47
   2:04'15"03 ; DC    ;  66,120 ;     mV ;       ; 00:36:47
   2:04'15"31 ; DC    ;  66,110 ;     mV ;       ; 00:36:47
   2:04'15"64 ; DC    ;  66,090 ;     mV ;       ; 00:36:48
   2:04'15"93 ; DC    ;  66,090 ;     mV ;       ; 00:36:48
   2:04'16"21 ; DC    ;  66,080 ;     mV ;       ; 00:36:48
   2:04'16"47 ; DC    ;  66,080 ;     mV ;       ; 00:36:49
   2:04'16"75 ; DC    ;  66,080 ;     mV ;       ; 00:36:49
   2:04'17"03 ; DC    ;  66,080 ;     mV ;       ; 00:36:49
   2:04'17"29 ; DC    ;  66,090 ;     mV ;       ; 00:36:49
   2:04'17"57 ; DC    ;  66,090 ;     mV ;       ; 00:36:50
   2:04'17"84 ; DC    ;  66,090 ;     mV ;       ; 00:36:50
   2:04'18"11 ; DC    ;  66,090 ;     mV ;       ; 00:36:50
   2:04'18"42 ; DC    ;  66,080 ;     mV ;       ; 00:36:51
   2:04'18"72 ; DC    ;  66,110 ;     mV ;       ; 00:36:51
   2:04'18"98 ; DC    ;  66,110 ;     mV ;       ; 00:36:51
   2:04'19"24 ; DC    ;  66,100 ;     mV ;       ; 00:36:51
   2:04'19"53 ; DC    ;  66,100 ;     mV ;       ; 00:36:52
   2:04'19"79 ; DC    ;  66,120 ;     mV ;       ; 00:36:52
   2:04'20"06 ; DC    ;  66,130 ;     mV ;       ; 00:36:52
   2:04'20"32 ; DC    ;  66,140 ;     mV ;       ; 00:36:52
   2:04'20"58 ; DC    ;  66,100 ;     mV ;       ; 00:36:53
   2:04'20"86 ; DC    ;  66,100 ;     mV ;       ; 00:36:53
   2:04'21"14 ; DC    ;  66,100 ;     mV ;       ; 00:36:53
   2:04'21"41 ; DC    ;  66,090 ;     mV ;       ; 00:36:54
   2:04'21"70 ; DC    ;  66,090 ;     mV ;       ; 00:36:54
   2:04'21"98 ; DC    ;  66,110 ;     mV ;       ; 00:36:54
   2:04'22"26 ; DC    ;  66,100 ;     mV ;       ; 00:36:54
   2:04'22"52 ; DC    ;  66,080 ;     mV ;       ; 00:36:55
   2:04'22"79 ; DC    ;  66,090 ;     mV ;       ; 00:36:55
   2:04'23"08 ; DC    ;  66,090 ;     mV ;       ; 00:36:55
   2:04'23"35 ; DC    ;  66,090 ;     mV ;       ; 00:36:56
   2:04'23"62 ; DC    ;  66,080 ;     mV ;       ; 00:36:56
   2:04'23"95 ; DC    ;  66,090 ;     mV ;       ; 00:36:56
   2:04'24"27 ; DC    ;  66,080 ;     mV ;       ; 00:36:56
   2:04'24"57 ; DC    ;  66,090 ;     mV ;       ; 00:36:57
   2:04'24"85 ; DC    ;  66,110 ;     mV ;       ; 00:36:57
   2:04'25"14 ; DC    ;  66,120 ;     mV ;       ; 00:36:57
   2:04'25"42 ; DC    ;  66,130 ;     mV ;       ; 00:36:58
   2:04'25"69 ; DC    ;  66,110 ;     mV ;       ; 00:36:58
   2:04'25"93 ; DC    ;  66,110 ;     mV ;       ; 00:36:58
   2:04'26"20 ; DC    ;  66,110 ;     mV ;       ; 00:36:58
   2:04'26"45 ; DC    ;  66,130 ;     mV ;       ; 00:36:59
   2:04'26"69 ; DC    ;  66,140 ;     mV ;       ; 00:36:59
   2:04'26"95 ; DC    ;  66,120 ;     mV ;       ; 00:36:59
   2:04'27"22 ; DC    ;  66,100 ;     mV ;       ; 00:36:59
   2:04'27"48 ; DC    ;  66,090 ;     mV ;       ; 00:37:00
   2:04'27"73 ; DC    ;  66,090 ;     mV ;       ; 00:37:00
   2:04'27"99 ; DC    ;  66,080 ;     mV ;       ; 00:37:00
   2:04'28"29 ; DC    ;  66,090 ;     mV ;       ; 00:37:00
   2:04'28"57 ; DC    ;  66,100 ;     mV ;       ; 00:37:01
   2:04'28"85 ; DC    ;  66,120 ;     mV ;       ; 00:37:01
   2:04'29"16 ; DC    ;  66,130 ;     mV ;       ; 00:37:01
   2:04'29"42 ; DC    ;  66,130 ;     mV ;       ; 00:37:02
   2:04'29"68 ; DC    ;  66,090 ;     mV ;       ; 00:37:02
   2:04'29"94 ; DC    ;  66,090 ;     mV ;       ; 00:37:02
   2:04'30"19 ; DC    ;  66,080 ;     mV ;       ; 00:37:02
   2:04'30"44 ; DC    ;  66,090 ;     mV ;       ; 00:37:03
   2:04'30"72 ; DC    ;  66,090 ;     mV ;       ; 00:37:03
   2:04'30"98 ; DC    ;  66,090 ;     mV ;       ; 00:37:03
   2:04'31"24 ; DC    ;  66,090 ;     mV ;       ; 00:37:03
   2:04'31"51 ; DC    ;  66,090 ;     mV ;       ; 00:37:04
   2:04'31"75 ; DC    ;  66,070 ;     mV ;       ; 00:37:04
   2:04'32"02 ; DC    ;  66,070 ;     mV ;       ; 00:37:04
   2:04'32"28 ; DC    ;  66,070 ;     mV ;       ; 00:37:04
   2:04'32"53 ; DC    ;  66,070 ;     mV ;       ; 00:37:05
   2:04'32"77 ; DC    ;  66,080 ;     mV ;       ; 00:37:05
   2:04'33"02 ; DC    ;  66,110 ;     mV ;       ; 00:37:05
   2:04'33"27 ; DC    ;  66,140 ;     mV ;       ; 00:37:05
   2:04'33"55 ; DC    ;  66,140 ;     mV ;       ; 00:37:06
   2:04'33"81 ; DC    ;  66,140 ;     mV ;       ; 00:37:06
   2:04'34"07 ; DC    ;  66,090 ;     mV ;       ; 00:37:06
   2:04'34"36 ; DC    ;  66,090 ;     mV ;       ; 00:37:07
   2:04'34"64 ; DC    ;  66,100 ;     mV ;       ; 00:37:07
   2:04'34"93 ; DC    ;  66,100 ;     mV ;       ; 00:37:07
   2:04'35"18 ; DC    ;  66,090 ;     mV ;       ; 00:37:07
   2:04'35"44 ; DC    ;  66,060 ;     mV ;       ; 00:37:08
   2:04'35"70 ; DC    ;  66,050 ;     mV ;       ; 00:37:08
   2:04'35"97 ; DC    ;  66,070 ;     mV ;       ; 00:37:08
   2:04'36"23 ; DC    ;  66,070 ;     mV ;       ; 00:37:08
   2:04'36"49 ; DC    ;  66,080 ;     mV ;       ; 00:37:09
   2:04'36"76 ; DC    ;  66,080 ;     mV ;       ; 00:37:09
   2:04'37"03 ; DC    ;  66,080 ;     mV ;       ; 00:37:09
   2:04'37"29 ; DC    ;  66,090 ;     mV ;       ; 00:37:09
   2:04'37"55 ; DC    ;  66,080 ;     mV ;       ; 00:37:10
   2:04'37"82 ; DC    ;  66,090 ;     mV ;       ; 00:37:10
   2:04'38"08 ; DC    ;  66,110 ;     mV ;       ; 00:37:10
   2:04'38"34 ; DC    ;  66,090 ;     mV ;       ; 00:37:11
   2:04'38"60 ; DC    ;  66,100 ;     mV ;       ; 00:37:11
   2:04'38"85 ; DC    ;  66,080 ;     mV ;       ; 00:37:11
   2:04'39"10 ; DC    ;  66,080 ;     mV ;       ; 00:37:11
   2:04'39"36 ; DC    ;  66,080 ;     mV ;       ; 00:37:12
   2:04'39"62 ; DC    ;  66,070 ;     mV ;       ; 00:37:12
   2:04'39"89 ; DC    ;  66,050 ;     mV ;       ; 00:37:12
   2:04'40"16 ; DC    ;  66,050 ;     mV ;       ; 00:37:12
   2:04'40"44 ; DC    ;  66,060 ;     mV ;       ; 00:37:13
   2:04'40"71 ; DC    ;  66,060 ;     mV ;       ; 00:37:13
   2:04'40"99 ; DC    ;  66,060 ;     mV ;       ; 00:37:13
   2:04'41"27 ; DC    ;  66,040 ;     mV ;       ; 00:37:13
   2:04'41"52 ; DC    ;  66,040 ;     mV ;       ; 00:37:14
   2:04'41"78 ; DC    ;  66,050 ;     mV ;       ; 00:37:14
   2:04'42"04 ; DC    ;  66,060 ;     mV ;       ; 00:37:14
   2:04'42"31 ; DC    ;  66,080 ;     mV ;       ; 00:37:14
   2:04'42"57 ; DC    ;  66,070 ;     mV ;       ; 00:37:15
   2:04'42"83 ; DC    ;  66,060 ;     mV ;       ; 00:37:15
   2:04'43"11 ; DC    ;  66,060 ;     mV ;       ; 00:37:15
   2:04'43"38 ; DC    ;  66,040 ;     mV ;       ; 00:37:16
   2:04'43"63 ; DC    ;  66,040 ;     mV ;       ; 00:37:16
   2:04'43"89 ; DC    ;  66,050 ;     mV ;       ; 00:37:16
   2:04'44"16 ; DC    ;  66,050 ;     mV ;       ; 00:37:16
   2:04'44"42 ; DC    ;  66,040 ;     mV ;       ; 00:37:17
   2:04'44"67 ; DC    ;  66,040 ;     mV ;       ; 00:37:17
   2:04'44"91 ; DC    ;  66,050 ;     mV ;       ; 00:37:17
   2:04'45"17 ; DC    ;  66,050 ;     mV ;       ; 00:37:17
   2:04'45"43 ; DC    ;  66,070 ;     mV ;       ; 00:37:18
   2:04'45"68 ; DC    ;  66,070 ;     mV ;       ; 00:37:18
   2:04'45"94 ; DC    ;  66,080 ;     mV ;       ; 00:37:18
   2:04'46"23 ; DC    ;  66,070 ;     mV ;       ; 00:37:18
   2:04'46"51 ; DC    ;  66,070 ;     mV ;       ; 00:37:19
   2:04'46"77 ; DC    ;  66,090 ;     mV ;       ; 00:37:19
   2:04'47"03 ; DC    ;  66,090 ;     mV ;       ; 00:37:19
   2:04'47"30 ; DC    ;  66,080 ;     mV ;       ; 00:37:19
   2:04'47"56 ; DC    ;  66,080 ;     mV ;       ; 00:37:20
   2:04'47"80 ; DC    ;  66,090 ;     mV ;       ; 00:37:20
   2:04'48"07 ; DC    ;  66,070 ;     mV ;       ; 00:37:20
   2:04'48"33 ; DC    ;  66,060 ;     mV ;       ; 00:37:20
   2:04'48"60 ; DC    ;  66,070 ;     mV ;       ; 00:37:21
   2:04'48"85 ; DC    ;  66,060 ;     mV ;       ; 00:37:21
   2:04'49"13 ; DC    ;  66,070 ;     mV ;       ; 00:37:21
   2:04'49"40 ; DC    ;  66,080 ;     mV ;       ; 00:37:22
   2:04'49"69 ; DC    ;  66,070 ;     mV ;       ; 00:37:22
   2:04'49"95 ; DC    ;  66,070 ;     mV ;       ; 00:37:22
   2:04'50"22 ; DC    ;  66,090 ;     mV ;       ; 00:37:22
   2:04'50"49 ; DC    ;  66,070 ;     mV ;       ; 00:37:23
   2:04'50"76 ; DC    ;  66,070 ;     mV ;       ; 00:37:23
   2:04'51"01 ; DC    ;  66,080 ;     mV ;       ; 00:37:23
   2:04'51"26 ; DC    ;  66,090 ;     mV ;       ; 00:37:23
   2:04'51"50 ; DC    ;  66,100 ;     mV ;       ; 00:37:24
   2:04'51"76 ; DC    ;  66,100 ;     mV ;       ; 00:37:24
   2:04'52"02 ; DC    ;  66,110 ;     mV ;       ; 00:37:24
   2:04'52"30 ; DC    ;  66,110 ;     mV ;       ; 00:37:24
   2:04'52"56 ; DC    ;  66,100 ;     mV ;       ; 00:37:25
   2:04'52"80 ; DC    ;  66,090 ;     mV ;       ; 00:37:25
   2:04'53"06 ; DC    ;  66,100 ;     mV ;       ; 00:37:25
   2:04'53"32 ; DC    ;  66,090 ;     mV ;       ; 00:37:25
   2:04'53"60 ; DC    ;  66,090 ;     mV ;       ; 00:37:26
   2:04'53"87 ; DC    ;  66,080 ;     mV ;       ; 00:37:26
   2:04'54"13 ; DC    ;  66,080 ;     mV ;       ; 00:37:26
   2:04'54"40 ; DC    ;  66,080 ;     mV ;       ; 00:37:27
   2:04'54"65 ; DC    ;  66,080 ;     mV ;       ; 00:37:27
   2:04'54"92 ; DC    ;  66,090 ;     mV ;       ; 00:37:27
   2:04'55"20 ; DC    ;  66,090 ;     mV ;       ; 00:37:27
   2:04'55"52 ; DC    ;  66,080 ;     mV ;       ; 00:37:28
   2:04'55"78 ; DC    ;  66,080 ;     mV ;       ; 00:37:28
   2:04'56"04 ; DC    ;  66,090 ;     mV ;       ; 00:37:28
   2:04'56"29 ; DC    ;  66,070 ;     mV ;       ; 00:37:28
   2:04'56"54 ; DC    ;  66,080 ;     mV ;       ; 00:37:29
   2:04'56"80 ; DC    ;  66,080 ;     mV ;       ; 00:37:29
   2:04'57"06 ; DC    ;  66,070 ;     mV ;       ; 00:37:29
   2:04'57"32 ; DC    ;  66,090 ;     mV ;       ; 00:37:29
   2:04'57"57 ; DC    ;  66,100 ;     mV ;       ; 00:37:30
   2:04'57"82 ; DC    ;  66,110 ;     mV ;       ; 00:37:30
   2:04'58"11 ; DC    ;  66,110 ;     mV ;       ; 00:37:30
   2:04'58"38 ; DC    ;  66,100 ;     mV ;       ; 00:37:31
   2:04'58"63 ; DC    ;  66,100 ;     mV ;       ; 00:37:31
   2:04'58"89 ; DC    ;  66,090 ;     mV ;       ; 00:37:31
   2:04'59"15 ; DC    ;  66,100 ;     mV ;       ; 00:37:31
   2:04'59"42 ; DC    ;  66,100 ;     mV ;       ; 00:37:32
   2:04'59"69 ; DC    ;  66,110 ;     mV ;       ; 00:37:32
   2:04'59"96 ; DC    ;  66,090 ;     mV ;       ; 00:37:32
   2:05'00"22 ; DC    ;  66,060 ;     mV ;       ; 00:37:32
   2:05'00"49 ; DC    ;  66,050 ;     mV ;       ; 00:37:33
   2:05'00"75 ; DC    ;  66,060 ;     mV ;       ; 00:37:33
   2:05'01"03 ; DC    ;  66,060 ;     mV ;       ; 00:37:33
   2:05'01"30 ; DC    ;  66,040 ;     mV ;       ; 00:37:33
   2:05'01"55 ; DC    ;  66,050 ;     mV ;       ; 00:37:34
   2:05'01"81 ; DC    ;  66,040 ;     mV ;       ; 00:37:34
   2:05'02"10 ; DC    ;  66,050 ;     mV ;       ; 00:37:34
   2:05'02"36 ; DC    ;  66,050 ;     mV ;       ; 00:37:35
   2:05'02"66 ; DC    ;  66,080 ;     mV ;       ; 00:37:35
   2:05'02"96 ; DC    ;  66,070 ;     mV ;       ; 00:37:35
   2:05'03"32 ; DC    ;  66,060 ;     mV ;       ; 00:37:35
   2:05'03"57 ; DC    ;  66,080 ;     mV ;       ; 00:37:36
   2:05'03"83 ; DC    ;  66,080 ;     mV ;       ; 00:37:36
   2:05'04"11 ; DC    ;  66,080 ;     mV ;       ; 00:37:36
   2:05'04"40 ; DC    ;  66,090 ;     mV ;       ; 00:37:37
   2:05'04"69 ; DC    ;  66,090 ;     mV ;       ; 00:37:37
   2:05'04"99 ; DC    ;  66,090 ;     mV ;       ; 00:37:37
   2:05'05"27 ; DC    ;  66,090 ;     mV ;       ; 00:37:37
   2:05'05"56 ; DC    ;  66,100 ;     mV ;       ; 00:37:38
   2:05'05"89 ; DC    ;  66,100 ;     mV ;       ; 00:37:38
   2:05'06"17 ; DC    ;  66,110 ;     mV ;       ; 00:37:38
   2:05'06"43 ; DC    ;  66,100 ;     mV ;       ; 00:37:39
   2:05'06"72 ; DC    ;  66,110 ;     mV ;       ; 00:37:39
   2:05'07"00 ; DC    ;  66,110 ;     mV ;       ; 00:37:39
   2:05'07"27 ; DC    ;  66,100 ;     mV ;       ; 00:37:39
   2:05'07"56 ; DC    ;  66,090 ;     mV ;       ; 00:37:40
   2:05'07"86 ; DC    ;  66,100 ;     mV ;       ; 00:37:40
   2:05'08"15 ; DC    ;  66,110 ;     mV ;       ; 00:37:40
   2:05'08"46 ; DC    ;  66,100 ;     mV ;       ; 00:37:41
   2:05'08"75 ; DC    ;  66,100 ;     mV ;       ; 00:37:41
   2:05'09"05 ; DC    ;  66,090 ;     mV ;       ; 00:37:41
   2:05'09"32 ; DC    ;  66,100 ;     mV ;       ; 00:37:41
   2:05'09"60 ; DC    ;  66,100 ;     mV ;       ; 00:37:42
   2:05'09"87 ; DC    ;  66,100 ;     mV ;       ; 00:37:42
   2:05'10"13 ; DC    ;  66,070 ;     mV ;       ; 00:37:42
   2:05'10"40 ; DC    ;  66,100 ;     mV ;       ; 00:37:43
   2:05'10"67 ; DC    ;  66,100 ;     mV ;       ; 00:37:43
   2:05'10"94 ; DC    ;  66,070 ;     mV ;       ; 00:37:43
   2:05'11"22 ; DC    ;  66,080 ;     mV ;       ; 00:37:43
   2:05'11"50 ; DC    ;  66,080 ;     mV ;       ; 00:37:44
   2:05'11"81 ; DC    ;  66,110 ;     mV ;       ; 00:37:44
   2:05'12"10 ; DC    ;  66,090 ;     mV ;       ; 00:37:44
   2:05'12"39 ; DC    ;  66,090 ;     mV ;       ; 00:37:45
   2:05'12"66 ; DC    ;  66,100 ;     mV ;       ; 00:37:45
   2:05'12"94 ; DC    ;  66,090 ;     mV ;       ; 00:37:45
   2:05'13"20 ; DC    ;  66,090 ;     mV ;       ; 00:37:45
   2:05'13"50 ; DC    ;  66,090 ;     mV ;       ; 00:37:46
   2:05'13"78 ; DC    ;  66,080 ;     mV ;       ; 00:37:46
   2:05'14"06 ; DC    ;  66,090 ;     mV ;       ; 00:37:46
   2:05'14"35 ; DC    ;  66,090 ;     mV ;       ; 00:37:47
   2:05'14"64 ; DC    ;  66,080 ;     mV ;       ; 00:37:47
   2:05'14"92 ; DC    ;  66,060 ;     mV ;       ; 00:37:47
   2:05'15"22 ; DC    ;  66,040 ;     mV ;       ; 00:37:47
   2:05'15"64 ; DC    ;  66,040 ;     mV ;       ; 00:37:48
   2:05'15"94 ; DC    ;  66,050 ;     mV ;       ; 00:37:48
   2:05'16"23 ; DC    ;  66,050 ;     mV ;       ; 00:37:48
   2:05'16"51 ; DC    ;  66,060 ;     mV ;       ; 00:37:49
   2:05'16"78 ; DC    ;  66,060 ;     mV ;       ; 00:37:49
   2:05'17"04 ; DC    ;  66,060 ;     mV ;       ; 00:37:49
   2:05'17"31 ; DC    ;  66,050 ;     mV ;       ; 00:37:49
   2:05'17"58 ; DC    ;  66,060 ;     mV ;       ; 00:37:50
   2:05'17"83 ; DC    ;  66,060 ;     mV ;       ; 00:37:50
   2:05'18"10 ; DC    ;  66,060 ;     mV ;       ; 00:37:50
   2:05'18"36 ; DC    ;  66,080 ;     mV ;       ; 00:37:51
   2:05'18"64 ; DC    ;  66,050 ;     mV ;       ; 00:37:51
   2:05'18"93 ; DC    ;  66,060 ;     mV ;       ; 00:37:51
   2:05'19"22 ; DC    ;  66,070 ;     mV ;       ; 00:37:51
   2:05'19"50 ; DC    ;  66,060 ;     mV ;       ; 00:37:52
   2:05'19"79 ; DC    ;  66,050 ;     mV ;       ; 00:37:52
   2:05'20"09 ; DC    ;  66,060 ;     mV ;       ; 00:37:52
   2:05'20"38 ; DC    ;  66,050 ;     mV ;       ; 00:37:53
   2:05'20"67 ; DC    ;  66,050 ;     mV ;       ; 00:37:53
   2:05'20"96 ; DC    ;  66,050 ;     mV ;       ; 00:37:53
   2:05'21"26 ; DC    ;  66,060 ;     mV ;       ; 00:37:53
   2:05'21"53 ; DC    ;  66,070 ;     mV ;       ; 00:37:54
   2:05'21"81 ; DC    ;  66,060 ;     mV ;       ; 00:37:54
   2:05'22"11 ; DC    ;  66,070 ;     mV ;       ; 00:37:54
   2:05'22"40 ; DC    ;  66,070 ;     mV ;       ; 00:37:55
   2:05'22"68 ; DC    ;  66,060 ;     mV ;       ; 00:37:55
   2:05'22"95 ; DC    ;  66,060 ;     mV ;       ; 00:37:55
   2:05'23"21 ; DC    ;  66,070 ;     mV ;       ; 00:37:55
   2:05'23"46 ; DC    ;  66,060 ;     mV ;       ; 00:37:56
   2:05'23"73 ; DC    ;  66,060 ;     mV ;       ; 00:37:56
   2:05'23"99 ; DC    ;  66,070 ;     mV ;       ; 00:37:56
   2:05'24"24 ; DC    ;  66,060 ;     mV ;       ; 00:37:56
   2:05'24"49 ; DC    ;  66,070 ;     mV ;       ; 00:37:57
   2:05'24"74 ; DC    ;  66,070 ;     mV ;       ; 00:37:57
   2:05'25"00 ; DC    ;  66,050 ;     mV ;       ; 00:37:57
   2:05'25"27 ; DC    ;  66,030 ;     mV ;       ; 00:37:57
   2:05'25"53 ; DC    ;  66,030 ;     mV ;       ; 00:37:58
   2:05'25"80 ; DC    ;  66,040 ;     mV ;       ; 00:37:58
   2:05'26"07 ; DC    ;  66,060 ;     mV ;       ; 00:37:58
   2:05'26"35 ; DC    ;  66,070 ;     mV ;       ; 00:37:59
   2:05'26"63 ; DC    ;  66,070 ;     mV ;       ; 00:37:59
   2:05'26"89 ; DC    ;  66,060 ;     mV ;       ; 00:37:59
   2:05'27"17 ; DC    ;  66,060 ;     mV ;       ; 00:37:59
   2:05'27"43 ; DC    ;  66,060 ;     mV ;       ; 00:38:00
   2:05'27"71 ; DC    ;  66,060 ;     mV ;       ; 00:38:00
   2:05'27"98 ; DC    ;  66,060 ;     mV ;       ; 00:38:00
   2:05'28"26 ; DC    ;  66,070 ;     mV ;       ; 00:38:00
   2:05'28"51 ; DC    ;  66,080 ;     mV ;       ; 00:38:01
   2:05'28"80 ; DC    ;  66,060 ;     mV ;       ; 00:38:01
   2:05'29"09 ; DC    ;  66,060 ;     mV ;       ; 00:38:01
   2:05'29"38 ; DC    ;  66,070 ;     mV ;       ; 00:38:02
   2:05'29"65 ; DC    ;  66,060 ;     mV ;       ; 00:38:02
   2:05'29"91 ; DC    ;  66,030 ;     mV ;       ; 00:38:02
   2:05'30"18 ; DC    ;  66,020 ;     mV ;       ; 00:38:02
   2:05'30"43 ; DC    ;  66,020 ;     mV ;       ; 00:38:03
   2:05'30"71 ; DC    ;  66,020 ;     mV ;       ; 00:38:03
   2:05'30"96 ; DC    ;  66,030 ;     mV ;       ; 00:38:03
   2:05'31"23 ; DC    ;  66,040 ;     mV ;       ; 00:38:03
   2:05'31"50 ; DC    ;  66,060 ;     mV ;       ; 00:38:04
   2:05'31"77 ; DC    ;  66,040 ;     mV ;       ; 00:38:04
   2:05'32"03 ; DC    ;  66,000 ;     mV ;       ; 00:38:04
   2:05'32"30 ; DC    ;  66,000 ;     mV ;       ; 00:38:04
   2:05'32"58 ; DC    ;  66,000 ;     mV ;       ; 00:38:05
   2:05'32"85 ; DC    ;  65,940 ;     mV ;       ; 00:38:05
   2:05'33"11 ; DC    ;  65,940 ;     mV ;       ; 00:38:05
   2:05'33"38 ; DC    ;  65,960 ;     mV ;       ; 00:38:06
   2:05'33"66 ; DC    ;  65,960 ;     mV ;       ; 00:38:06
   2:05'33"92 ; DC    ;  65,960 ;     mV ;       ; 00:38:06
   2:05'34"18 ; DC    ;  65,970 ;     mV ;       ; 00:38:06
   2:05'34"43 ; DC    ;  65,960 ;     mV ;       ; 00:38:07
   2:05'34"69 ; DC    ;  65,950 ;     mV ;       ; 00:38:07
   2:05'34"96 ; DC    ;  65,950 ;     mV ;       ; 00:38:07
   2:05'35"25 ; DC    ;  65,980 ;     mV ;       ; 00:38:07
   2:05'35"55 ; DC    ;  65,980 ;     mV ;       ; 00:38:08
   2:05'35"84 ; DC    ;  65,980 ;     mV ;       ; 00:38:08
   2:05'36"10 ; DC    ;  65,960 ;     mV ;       ; 00:38:08
   2:05'36"36 ; DC    ;  65,960 ;     mV ;       ; 00:38:09
   2:05'36"62 ; DC    ;  65,980 ;     mV ;       ; 00:38:09
   2:05'36"89 ; DC    ;  66,010 ;     mV ;       ; 00:38:09
   2:05'37"14 ; DC    ;  66,000 ;     mV ;       ; 00:38:09
   2:05'37"41 ; DC    ;  66,000 ;     mV ;       ; 00:38:10
   2:05'37"67 ; DC    ;  66,000 ;     mV ;       ; 00:38:10
   2:05'37"93 ; DC    ;  66,010 ;     mV ;       ; 00:38:10
   2:05'38"19 ; DC    ;  66,010 ;     mV ;       ; 00:38:10
   2:05'38"45 ; DC    ;  66,010 ;     mV ;       ; 00:38:11
   2:05'38"71 ; DC    ;  66,020 ;     mV ;       ; 00:38:11
   2:05'38"99 ; DC    ;  66,020 ;     mV ;       ; 00:38:11
   2:05'39"25 ; DC    ;  66,030 ;     mV ;       ; 00:38:11
   2:05'39"52 ; DC    ;  66,050 ;     mV ;       ; 00:38:12
   2:05'39"78 ; DC    ;  66,040 ;     mV ;       ; 00:38:12
   2:05'40"04 ; DC    ;  66,040 ;     mV ;       ; 00:38:12
   2:05'40"31 ; DC    ;  66,030 ;     mV ;       ; 00:38:12
   2:05'40"60 ; DC    ;  66,040 ;     mV ;       ; 00:38:13
   2:05'40"89 ; DC    ;  66,040 ;     mV ;       ; 00:38:13
   2:05'41"17 ; DC    ;  66,000 ;     mV ;       ; 00:38:13
   2:05'41"42 ; DC    ;  66,020 ;     mV ;       ; 00:38:14
   2:05'41"70 ; DC    ;  66,040 ;     mV ;       ; 00:38:14
   2:05'41"96 ; DC    ;  66,050 ;     mV ;       ; 00:38:14
   2:05'42"22 ; DC    ;  66,070 ;     mV ;       ; 00:38:14
   2:05'42"48 ; DC    ;  66,060 ;     mV ;       ; 00:38:15
   2:05'42"74 ; DC    ;  66,060 ;     mV ;       ; 00:38:15
   2:05'43"00 ; DC    ;  66,060 ;     mV ;       ; 00:38:15
   2:05'43"25 ; DC    ;  66,060 ;     mV ;       ; 00:38:15
   2:05'43"53 ; DC    ;  66,080 ;     mV ;       ; 00:38:16
   2:05'43"79 ; DC    ;  66,060 ;     mV ;       ; 00:38:16
   2:05'44"05 ; DC    ;  66,050 ;     mV ;       ; 00:38:16
   2:05'44"32 ; DC    ;  66,070 ;     mV ;       ; 00:38:16
   2:05'44"57 ; DC    ;  66,030 ;     mV ;       ; 00:38:17
   2:05'44"85 ; DC    ;  66,030 ;     mV ;       ; 00:38:17
   2:05'45"14 ; DC    ;  66,060 ;     mV ;       ; 00:38:17
   2:05'45"42 ; DC    ;  66,060 ;     mV ;       ; 00:38:18
   2:05'45"72 ; DC    ;  66,050 ;     mV ;       ; 00:38:18
   2:05'46"02 ; DC    ;  66,050 ;     mV ;       ; 00:38:18
   2:05'46"28 ; DC    ;  66,050 ;     mV ;       ; 00:38:18
   2:05'46"54 ; DC    ;  66,060 ;     mV ;       ; 00:38:19
   2:05'46"81 ; DC    ;  66,050 ;     mV ;       ; 00:38:19
   2:05'47"07 ; DC    ;  66,050 ;     mV ;       ; 00:38:19
   2:05'47"32 ; DC    ;  66,040 ;     mV ;       ; 00:38:19
   2:05'47"58 ; DC    ;  66,040 ;     mV ;       ; 00:38:20
   2:05'47"85 ; DC    ;  66,040 ;     mV ;       ; 00:38:20
   2:05'48"11 ; DC    ;  66,050 ;     mV ;       ; 00:38:20
   2:05'48"38 ; DC    ;  66,070 ;     mV ;       ; 00:38:21
   2:05'48"63 ; DC    ;  66,050 ;     mV ;       ; 00:38:21
   2:05'48"89 ; DC    ;  66,060 ;     mV ;       ; 00:38:21
   2:05'49"15 ; DC    ;  66,060 ;     mV ;       ; 00:38:21
   2:05'49"42 ; DC    ;  66,050 ;     mV ;       ; 00:38:22
   2:05'49"69 ; DC    ;  66,060 ;     mV ;       ; 00:38:22
   2:05'49"93 ; DC    ;  66,070 ;     mV ;       ; 00:38:22
   2:05'50"20 ; DC    ;  66,070 ;     mV ;       ; 00:38:22
   2:05'50"45 ; DC    ;  66,060 ;     mV ;       ; 00:38:23
   2:05'50"69 ; DC    ;  66,080 ;     mV ;       ; 00:38:23
   2:05'50"96 ; DC    ;  66,070 ;     mV ;       ; 00:38:23
   2:05'51"23 ; DC    ;  66,070 ;     mV ;       ; 00:38:23
   2:05'51"49 ; DC    ;  66,070 ;     mV ;       ; 00:38:24
   2:05'51"74 ; DC    ;  66,070 ;     mV ;       ; 00:38:24
   2:05'52"00 ; DC    ;  66,060 ;     mV ;       ; 00:38:24
   2:05'52"26 ; DC    ;  66,070 ;     mV ;       ; 00:38:24
   2:05'52"53 ; DC    ;  66,060 ;     mV ;       ; 00:38:25
   2:05'52"79 ; DC    ;  66,060 ;     mV ;       ; 00:38:25
   2:05'53"05 ; DC    ;  66,070 ;     mV ;       ; 00:38:25
   2:05'53"32 ; DC    ;  66,080 ;     mV ;       ; 00:38:25
   2:05'53"58 ; DC    ;  66,080 ;     mV ;       ; 00:38:26
   2:05'53"86 ; DC    ;  66,080 ;     mV ;       ; 00:38:26
   2:05'54"15 ; DC    ;  66,080 ;     mV ;       ; 00:38:26
   2:05'54"43 ; DC    ;  66,060 ;     mV ;       ; 00:38:27
   2:05'54"71 ; DC    ;  66,060 ;     mV ;       ; 00:38:27
   2:05'54"99 ; DC    ;  66,070 ;     mV ;       ; 00:38:27
   2:05'55"27 ; DC    ;  66,090 ;     mV ;       ; 00:38:27
   2:05'55"53 ; DC    ;  66,100 ;     mV ;       ; 00:38:28
   2:05'55"79 ; DC    ;  66,090 ;     mV ;       ; 00:38:28
   2:05'56"06 ; DC    ;  66,060 ;     mV ;       ; 00:38:28
   2:05'56"33 ; DC    ;  66,050 ;     mV ;       ; 00:38:29
   2:05'56"60 ; DC    ;  66,050 ;     mV ;       ; 00:38:29
   2:05'57"18 ; DC    ;  66,050 ;     mV ;       ; 00:38:29
   2:05'57"48 ; DC    ;  66,030 ;     mV ;       ; 00:38:30
   2:05'57"76 ; DC    ;  66,030 ;     mV ;       ; 00:38:30
   2:05'58"03 ; DC    ;  66,030 ;     mV ;       ; 00:38:30
   2:05'58"32 ; DC    ;  66,030 ;     mV ;       ; 00:38:30
   2:05'58"59 ; DC    ;  66,010 ;     mV ;       ; 00:38:31
   2:05'58"90 ; DC    ;  66,020 ;     mV ;       ; 00:38:31
   2:05'59"21 ; DC    ;  66,050 ;     mV ;       ; 00:38:31
   2:05'59"48 ; DC    ;  66,050 ;     mV ;       ; 00:38:32
   2:05'59"78 ; DC    ;  66,040 ;     mV ;       ; 00:38:32
   2:06'00"06 ; DC    ;  66,020 ;     mV ;       ; 00:38:32
   2:06'00"35 ; DC    ;  65,980 ;     mV ;       ; 00:38:33
   2:06'00"62 ; DC    ;  65,960 ;     mV ;       ; 00:38:33
   2:06'00"91 ; DC    ;  66,000 ;     mV ;       ; 00:38:33
   2:06'01"22 ; DC    ;  65,970 ;     mV ;       ; 00:38:33
   2:06'01"49 ; DC    ;  65,970 ;     mV ;       ; 00:38:34
   2:06'01"75 ; DC    ;  65,980 ;     mV ;       ; 00:38:34
   2:06'02"02 ; DC    ;  65,980 ;     mV ;       ; 00:38:34
   2:06'02"30 ; DC    ;  65,980 ;     mV ;       ; 00:38:34
   2:06'02"58 ; DC    ;  65,980 ;     mV ;       ; 00:38:35
   2:06'02"87 ; DC    ;  65,960 ;     mV ;       ; 00:38:35
   2:06'03"16 ; DC    ;  65,960 ;     mV ;       ; 00:38:35
   2:06'03"44 ; DC    ;  65,960 ;     mV ;       ; 00:38:36
   2:06'03"77 ; DC    ;  65,960 ;     mV ;       ; 00:38:36
   2:06'04"10 ; DC    ;  65,970 ;     mV ;       ; 00:38:36
   2:06'04"39 ; DC    ;  65,990 ;     mV ;       ; 00:38:37
   2:06'04"68 ; DC    ;  66,060 ;     mV ;       ; 00:38:37
   2:06'04"98 ; DC    ;  66,040 ;     mV ;       ; 00:38:37
   2:06'05"27 ; DC    ;  66,040 ;     mV ;       ; 00:38:37
   2:06'05"56 ; DC    ;  66,060 ;     mV ;       ; 00:38:38
   2:06'05"84 ; DC    ;  66,060 ;     mV ;       ; 00:38:38
   2:06'06"12 ; DC    ;  66,060 ;     mV ;       ; 00:38:38
   2:06'06"40 ; DC    ;  66,040 ;     mV ;       ; 00:38:39
   2:06'06"71 ; DC    ;  66,050 ;     mV ;       ; 00:38:39
   2:06'07"03 ; DC    ;  66,050 ;     mV ;       ; 00:38:39
   2:06'07"31 ; DC    ;  66,040 ;     mV ;       ; 00:38:39
   2:06'07"61 ; DC    ;  66,040 ;     mV ;       ; 00:38:40
   2:06'07"91 ; DC    ;  66,040 ;     mV ;       ; 00:38:40
   2:06'08"23 ; DC    ;  66,020 ;     mV ;       ; 00:38:40
   2:06'08"57 ; DC    ;  66,010 ;     mV ;       ; 00:38:41
   2:06'08"89 ; DC    ;  66,030 ;     mV ;       ; 00:38:41
   2:06'09"19 ; DC    ;  66,050 ;     mV ;       ; 00:38:41
   2:06'09"52 ; DC    ;  66,060 ;     mV ;       ; 00:38:42
   2:06'09"82 ; DC    ;  66,040 ;     mV ;       ; 00:38:42
   2:06'10"11 ; DC    ;  66,040 ;     mV ;       ; 00:38:42
   2:06'10"41 ; DC    ;  66,040 ;     mV ;       ; 00:38:43
   2:06'10"69 ; DC    ;  66,050 ;     mV ;       ; 00:38:43
   2:06'11"00 ; DC    ;  66,050 ;     mV ;       ; 00:38:43
   2:06'11"31 ; DC    ;  66,050 ;     mV ;       ; 00:38:43
   2:06'11"62 ; DC    ;  66,050 ;     mV ;       ; 00:38:44
   2:06'11"92 ; DC    ;  66,050 ;     mV ;       ; 00:38:44
   2:06'12"22 ; DC    ;  66,050 ;     mV ;       ; 00:38:44
   2:06'12"53 ; DC    ;  66,050 ;     mV ;       ; 00:38:45
   2:06'12"82 ; DC    ;  66,060 ;     mV ;       ; 00:38:45
   2:06'13"10 ; DC    ;  66,060 ;     mV ;       ; 00:38:45
   2:06'13"37 ; DC    ;  66,070 ;     mV ;       ; 00:38:46
   2:06'13"65 ; DC    ;  66,070 ;     mV ;       ; 00:38:46
   2:06'13"91 ; DC    ;  66,090 ;     mV ;       ; 00:38:46
   2:06'14"18 ; DC    ;  66,080 ;     mV ;       ; 00:38:46
   2:06'14"46 ; DC    ;  66,060 ;     mV ;       ; 00:38:47
   2:06'14"73 ; DC    ;  66,060 ;     mV ;       ; 00:38:47
   2:06'14"99 ; DC    ;  66,050 ;     mV ;       ; 00:38:47
   2:06'15"25 ; DC    ;  66,060 ;     mV ;       ; 00:38:47
   2:06'15"53 ; DC    ;  66,050 ;     mV ;       ; 00:38:48
   2:06'15"86 ; DC    ;  66,060 ;     mV ;       ; 00:38:48
   2:06'16"14 ; DC    ;  66,080 ;     mV ;       ; 00:38:48
   2:06'16"40 ; DC    ;  66,050 ;     mV ;       ; 00:38:49
   2:06'16"67 ; DC    ;  66,050 ;     mV ;       ; 00:38:49
   2:06'16"93 ; DC    ;  66,050 ;     mV ;       ; 00:38:49
   2:06'17"19 ; DC    ;  66,060 ;     mV ;       ; 00:38:49
   2:06'17"46 ; DC    ;  66,060 ;     mV ;       ; 00:38:50
   2:06'17"74 ; DC    ;  66,060 ;     mV ;       ; 00:38:50
   2:06'18"01 ; DC    ;  66,070 ;     mV ;       ; 00:38:50
   2:06'18"30 ; DC    ;  66,060 ;     mV ;       ; 00:38:50
   2:06'18"57 ; DC    ;  66,060 ;     mV ;       ; 00:38:51
   2:06'18"87 ; DC    ;  66,050 ;     mV ;       ; 00:38:51
   2:06'19"15 ; DC    ;  66,060 ;     mV ;       ; 00:38:51
   2:06'19"43 ; DC    ;  66,070 ;     mV ;       ; 00:38:52
   2:06'19"69 ; DC    ;  66,070 ;     mV ;       ; 00:38:52
   2:06'19"96 ; DC    ;  66,060 ;     mV ;       ; 00:38:52
   2:06'20"24 ; DC    ;  66,060 ;     mV ;       ; 00:38:52
   2:06'20"51 ; DC    ;  66,060 ;     mV ;       ; 00:38:53
   2:06'20"79 ; DC    ;  66,060 ;     mV ;       ; 00:38:53
   2:06'21"07 ; DC    ;  66,060 ;     mV ;       ; 00:38:53
   2:06'21"34 ; DC    ;  66,060 ;     mV ;       ; 00:38:54
   2:06'21"60 ; DC    ;  66,080 ;     mV ;       ; 00:38:54
   2:06'21"87 ; DC    ;  66,080 ;     mV ;       ; 00:38:54
   2:06'22"14 ; DC    ;  66,080 ;     mV ;       ; 00:38:54
   2:06'22"42 ; DC    ;  66,080 ;     mV ;       ; 00:38:55
   2:06'22"69 ; DC    ;  66,090 ;     mV ;       ; 00:38:55
   2:06'22"96 ; DC    ;  66,090 ;     mV ;       ; 00:38:55
   2:06'23"24 ; DC    ;  66,080 ;     mV ;       ; 00:38:55
   2:06'23"51 ; DC    ;  66,060 ;     mV ;       ; 00:38:56
   2:06'23"78 ; DC    ;  66,030 ;     mV ;       ; 00:38:56
   2:06'24"04 ; DC    ;  66,050 ;     mV ;       ; 00:38:56
   2:06'24"30 ; DC    ;  66,060 ;     mV ;       ; 00:38:56
   2:06'24"57 ; DC    ;  66,060 ;     mV ;       ; 00:38:57
   2:06'24"85 ; DC    ;  66,070 ;     mV ;       ; 00:38:57
   2:06'25"12 ; DC    ;  66,060 ;     mV ;       ; 00:38:57
   2:06'25"40 ; DC    ;  66,090 ;     mV ;       ; 00:38:58
   2:06'25"68 ; DC    ;  66,090 ;     mV ;       ; 00:38:58
   2:06'25"95 ; DC    ;  66,070 ;     mV ;       ; 00:38:58
   2:06'26"21 ; DC    ;  66,070 ;     mV ;       ; 00:38:58
   2:06'26"49 ; DC    ;  66,070 ;     mV ;       ; 00:38:59
   2:06'26"77 ; DC    ;  66,080 ;     mV ;       ; 00:38:59
   2:06'27"05 ; DC    ;  66,060 ;     mV ;       ; 00:38:59
   2:06'27"33 ; DC    ;  66,070 ;     mV ;       ; 00:38:59
   2:06'27"62 ; DC    ;  66,050 ;     mV ;       ; 00:39:00
   2:06'27"89 ; DC    ;  66,060 ;     mV ;       ; 00:39:00
   2:06'28"16 ; DC    ;  66,050 ;     mV ;       ; 00:39:00
   2:06'28"44 ; DC    ;  66,060 ;     mV ;       ; 00:39:01
   2:06'28"72 ; DC    ;  66,100 ;     mV ;       ; 00:39:01
   2:06'28"99 ; DC    ;  66,100 ;     mV ;       ; 00:39:01
   2:06'29"26 ; DC    ;  66,100 ;     mV ;       ; 00:39:01
   2:06'29"54 ; DC    ;  66,100 ;     mV ;       ; 00:39:02
   2:06'29"82 ; DC    ;  66,100 ;     mV ;       ; 00:39:02
   2:06'30"08 ; DC    ;  66,110 ;     mV ;       ; 00:39:02
   2:06'30"36 ; DC    ;  66,110 ;     mV ;       ; 00:39:03
   2:06'30"64 ; DC    ;  66,130 ;     mV ;       ; 00:39:03
   2:06'30"92 ; DC    ;  66,130 ;     mV ;       ; 00:39:03
   2:06'31"20 ; DC    ;  66,130 ;     mV ;       ; 00:39:03
   2:06'31"48 ; DC    ;  66,130 ;     mV ;       ; 00:39:04
   2:06'31"75 ; DC    ;  66,140 ;     mV ;       ; 00:39:04
   2:06'32"01 ; DC    ;  66,140 ;     mV ;       ; 00:39:04
   2:06'32"27 ; DC    ;  66,160 ;     mV ;       ; 00:39:04
   2:06'32"55 ; DC    ;  66,160 ;     mV ;       ; 00:39:05
   2:06'32"83 ; DC    ;  66,160 ;     mV ;       ; 00:39:05
   2:06'33"11 ; DC    ;  66,160 ;     mV ;       ; 00:39:05
   2:06'33"39 ; DC    ;  66,170 ;     mV ;       ; 00:39:06
   2:06'33"65 ; DC    ;  66,170 ;     mV ;       ; 00:39:06
   2:06'33"91 ; DC    ;  66,180 ;     mV ;       ; 00:39:06
   2:06'34"19 ; DC    ;  66,160 ;     mV ;       ; 00:39:06
   2:06'34"47 ; DC    ;  66,170 ;     mV ;       ; 00:39:07
   2:06'34"73 ; DC    ;  66,150 ;     mV ;       ; 00:39:07
   2:06'35"01 ; DC    ;  66,160 ;     mV ;       ; 00:39:07
   2:06'35"29 ; DC    ;  66,160 ;     mV ;       ; 00:39:07
   2:06'35"57 ; DC    ;  66,150 ;     mV ;       ; 00:39:08
   2:06'35"83 ; DC    ;  66,150 ;     mV ;       ; 00:39:08
   2:06'36"12 ; DC    ;  66,110 ;     mV ;       ; 00:39:08
   2:06'36"40 ; DC    ;  66,100 ;     mV ;       ; 00:39:09
   2:06'36"71 ; DC    ;  66,090 ;     mV ;       ; 00:39:09
   2:06'36"99 ; DC    ;  66,090 ;     mV ;       ; 00:39:09
   2:06'37"26 ; DC    ;  66,080 ;     mV ;       ; 00:39:09
   2:06'37"54 ; DC    ;  66,080 ;     mV ;       ; 00:39:10
   2:06'37"81 ; DC    ;  66,090 ;     mV ;       ; 00:39:10
   2:06'38"07 ; DC    ;  66,090 ;     mV ;       ; 00:39:10
   2:06'38"34 ; DC    ;  66,090 ;     mV ;       ; 00:39:11
   2:06'38"61 ; DC    ;  66,090 ;     mV ;       ; 00:39:11
   2:06'38"91 ; DC    ;  66,090 ;     mV ;       ; 00:39:11
   2:06'39"19 ; DC    ;  66,090 ;     mV ;       ; 00:39:11
   2:06'39"48 ; DC    ;  66,090 ;     mV ;       ; 00:39:12
   2:06'39"78 ; DC    ;  66,080 ;     mV ;       ; 00:39:12
   2:06'40"04 ; DC    ;  66,100 ;     mV ;       ; 00:39:12
   2:06'40"32 ; DC    ;  66,100 ;     mV ;       ; 00:39:12
   2:06'40"61 ; DC    ;  66,090 ;     mV ;       ; 00:39:13
   2:06'40"87 ; DC    ;  66,070 ;     mV ;       ; 00:39:13
   2:06'41"15 ; DC    ;  66,090 ;     mV ;       ; 00:39:13
   2:06'41"44 ; DC    ;  66,100 ;     mV ;       ; 00:39:14
   2:06'41"75 ; DC    ;  66,090 ;     mV ;       ; 00:39:14
   2:06'42"03 ; DC    ;  66,090 ;     mV ;       ; 00:39:14
   2:06'42"31 ; DC    ;  66,080 ;     mV ;       ; 00:39:14
   2:06'42"59 ; DC    ;  66,080 ;     mV ;       ; 00:39:15
   2:06'42"87 ; DC    ;  66,090 ;     mV ;       ; 00:39:15
   2:06'43"15 ; DC    ;  66,110 ;     mV ;       ; 00:39:15
   2:06'43"44 ; DC    ;  66,080 ;     mV ;       ; 00:39:16
   2:06'43"72 ; DC    ;  66,080 ;     mV ;       ; 00:39:16
   2:06'43"99 ; DC    ;  66,090 ;     mV ;       ; 00:39:16
   2:06'44"29 ; DC    ;  66,080 ;     mV ;       ; 00:39:16
   2:06'44"57 ; DC    ;  66,080 ;     mV ;       ; 00:39:17
   2:06'44"85 ; DC    ;  66,080 ;     mV ;       ; 00:39:17
   2:06'45"11 ; DC    ;  66,080 ;     mV ;       ; 00:39:17
   2:06'45"38 ; DC    ;  66,080 ;     mV ;       ; 00:39:18
   2:06'45"65 ; DC    ;  66,050 ;     mV ;       ; 00:39:18
   2:06'45"93 ; DC    ;  66,050 ;     mV ;       ; 00:39:18
   2:06'46"21 ; DC    ;  66,070 ;     mV ;       ; 00:39:18
   2:06'46"47 ; DC    ;  66,090 ;     mV ;       ; 00:39:19
   2:06'46"77 ; DC    ;  66,080 ;     mV ;       ; 00:39:19
   2:06'47"04 ; DC    ;  66,080 ;     mV ;       ; 00:39:19
   2:06'47"31 ; DC    ;  66,090 ;     mV ;       ; 00:39:19
   2:06'47"57 ; DC    ;  66,090 ;     mV ;       ; 00:39:20
   2:06'47"84 ; DC    ;  66,100 ;     mV ;       ; 00:39:20
   2:06'48"10 ; DC    ;  66,100 ;     mV ;       ; 00:39:20
   2:06'48"36 ; DC    ;  66,090 ;     mV ;       ; 00:39:21
   2:06'48"64 ; DC    ;  66,090 ;     mV ;       ; 00:39:21
   2:06'48"91 ; DC    ;  66,080 ;     mV ;       ; 00:39:21
   2:06'49"20 ; DC    ;  66,110 ;     mV ;       ; 00:39:21
   2:06'49"49 ; DC    ;  66,130 ;     mV ;       ; 00:39:22
   2:06'49"78 ; DC    ;  66,120 ;     mV ;       ; 00:39:22
   2:06'50"04 ; DC    ;  66,120 ;     mV ;       ; 00:39:22
   2:06'50"31 ; DC    ;  66,090 ;     mV ;       ; 00:39:22
   2:06'50"59 ; DC    ;  66,110 ;     mV ;       ; 00:39:23
   2:06'50"87 ; DC    ;  66,110 ;     mV ;       ; 00:39:23
   2:06'51"16 ; DC    ;  66,080 ;     mV ;       ; 00:39:23
   2:06'51"44 ; DC    ;  66,080 ;     mV ;       ; 00:39:24
   2:06'51"72 ; DC    ;  66,090 ;     mV ;       ; 00:39:24
   2:06'51"99 ; DC    ;  66,080 ;     mV ;       ; 00:39:24
   2:06'52"29 ; DC    ;  66,090 ;     mV ;       ; 00:39:24
   2:06'52"55 ; DC    ;  66,110 ;     mV ;       ; 00:39:25
   2:06'52"82 ; DC    ;  66,080 ;     mV ;       ; 00:39:25
   2:06'53"10 ; DC    ;  66,090 ;     mV ;       ; 00:39:25
   2:06'53"36 ; DC    ;  66,100 ;     mV ;       ; 00:39:26
   2:06'53"64 ; DC    ;  66,070 ;     mV ;       ; 00:39:26
   2:06'53"92 ; DC    ;  66,070 ;     mV ;       ; 00:39:26
   2:06'54"20 ; DC    ;  66,060 ;     mV ;       ; 00:39:26
   2:06'54"48 ; DC    ;  66,060 ;     mV ;       ; 00:39:27
   2:06'54"76 ; DC    ;  66,060 ;     mV ;       ; 00:39:27
   2:06'55"03 ; DC    ;  66,060 ;     mV ;       ; 00:39:27
   2:06'55"29 ; DC    ;  66,050 ;     mV ;       ; 00:39:27
   2:06'55"57 ; DC    ;  66,060 ;     mV ;       ; 00:39:28
   2:06'55"84 ; DC    ;  66,080 ;     mV ;       ; 00:39:28
   2:06'56"16 ; DC    ;  66,060 ;     mV ;       ; 00:39:28
   2:06'56"44 ; DC    ;  66,070 ;     mV ;       ; 00:39:29
   2:06'56"73 ; DC    ;  66,080 ;     mV ;       ; 00:39:29
   2:06'56"99 ; DC    ;  66,080 ;     mV ;       ; 00:39:29
   2:06'57"28 ; DC    ;  66,070 ;     mV ;       ; 00:39:29
   2:06'57"56 ; DC    ;  66,060 ;     mV ;       ; 00:39:30
   2:06'57"83 ; DC    ;  66,070 ;     mV ;       ; 00:39:30
   2:06'58"11 ; DC    ;  66,070 ;     mV ;       ; 00:39:30
   2:06'58"39 ; DC    ;  66,070 ;     mV ;       ; 00:39:31
   2:06'58"65 ; DC    ;  66,070 ;     mV ;       ; 00:39:31
   2:06'58"95 ; DC    ;  66,110 ;     mV ;       ; 00:39:31
   2:06'59"23 ; DC    ;  66,110 ;     mV ;       ; 00:39:31
   2:06'59"51 ; DC    ;  66,130 ;     mV ;       ; 00:39:32
   2:06'59"77 ; DC    ;  66,130 ;     mV ;       ; 00:39:32
   2:07'00"06 ; DC    ;  66,130 ;     mV ;       ; 00:39:32
   2:07'00"36 ; DC    ;  66,100 ;     mV ;       ; 00:39:33
   2:07'00"64 ; DC    ;  66,110 ;     mV ;       ; 00:39:33
   2:07'00"96 ; DC    ;  66,110 ;     mV ;       ; 00:39:33
   2:07'01"23 ; DC    ;  66,090 ;     mV ;       ; 00:39:33
   2:07'01"49 ; DC    ;  66,100 ;     mV ;       ; 00:39:34
   2:07'01"76 ; DC    ;  66,100 ;     mV ;       ; 00:39:34
   2:07'02"03 ; DC    ;  66,120 ;     mV ;       ; 00:39:34
   2:07'02"33 ; DC    ;  66,090 ;     mV ;       ; 00:39:34
   2:07'02"60 ; DC    ;  66,090 ;     mV ;       ; 00:39:35
   2:07'02"88 ; DC    ;  66,090 ;     mV ;       ; 00:39:35
   2:07'03"17 ; DC    ;  66,090 ;     mV ;       ; 00:39:35
   2:07'03"43 ; DC    ;  66,090 ;     mV ;       ; 00:39:36
   2:07'03"70 ; DC    ;  66,090 ;     mV ;       ; 00:39:36
   2:07'03"96 ; DC    ;  66,090 ;     mV ;       ; 00:39:36
   2:07'04"24 ; DC    ;  66,080 ;     mV ;       ; 00:39:36
   2:07'04"52 ; DC    ;  66,080 ;     mV ;       ; 00:39:37
   2:07'04"79 ; DC    ;  66,090 ;     mV ;       ; 00:39:37
   2:07'05"06 ; DC    ;  66,060 ;     mV ;       ; 00:39:37
   2:07'05"32 ; DC    ;  66,030 ;     mV ;       ; 00:39:37
   2:07'05"58 ; DC    ;  66,050 ;     mV ;       ; 00:39:38
   2:07'05"86 ; DC    ;  66,050 ;     mV ;       ; 00:39:38
   2:07'06"14 ; DC    ;  66,080 ;     mV ;       ; 00:39:38
   2:07'06"42 ; DC    ;  66,080 ;     mV ;       ; 00:39:39
   2:07'06"70 ; DC    ;  66,090 ;     mV ;       ; 00:39:39
   2:07'06"96 ; DC    ;  66,070 ;     mV ;       ; 00:39:39
   2:07'07"23 ; DC    ;  66,080 ;     mV ;       ; 00:39:39
   2:07'07"49 ; DC    ;  66,030 ;     mV ;       ; 00:39:40
   2:07'07"76 ; DC    ;  66,040 ;     mV ;       ; 00:39:40
   2:07'08"04 ; DC    ;  66,050 ;     mV ;       ; 00:39:40
   2:07'08"30 ; DC    ;  66,040 ;     mV ;       ; 00:39:40
   2:07'08"58 ; DC    ;  66,060 ;     mV ;       ; 00:39:41
   2:07'08"86 ; DC    ;  66,050 ;     mV ;       ; 00:39:41
   2:07'09"12 ; DC    ;  66,050 ;     mV ;       ; 00:39:41
   2:07'09"39 ; DC    ;  66,070 ;     mV ;       ; 00:39:42
   2:07'09"65 ; DC    ;  66,070 ;     mV ;       ; 00:39:42
   2:07'09"91 ; DC    ;  66,090 ;     mV ;       ; 00:39:42
   2:07'10"19 ; DC    ;  66,080 ;     mV ;       ; 00:39:42
   2:07'10"47 ; DC    ;  66,100 ;     mV ;       ; 00:39:43
   2:07'10"73 ; DC    ;  66,090 ;     mV ;       ; 00:39:43
   2:07'11"01 ; DC    ;  66,090 ;     mV ;       ; 00:39:43
   2:07'11"29 ; DC    ;  66,090 ;     mV ;       ; 00:39:43
   2:07'11"57 ; DC    ;  66,080 ;     mV ;       ; 00:39:44
   2:07'11"83 ; DC    ;  66,080 ;     mV ;       ; 00:39:44
   2:07'12"10 ; DC    ;  66,070 ;     mV ;       ; 00:39:44
   2:07'12"37 ; DC    ;  66,070 ;     mV ;       ; 00:39:45
   2:07'12"63 ; DC    ;  66,080 ;     mV ;       ; 00:39:45
   2:07'12"89 ; DC    ;  66,080 ;     mV ;       ; 00:39:45
   2:07'13"17 ; DC    ;  66,080 ;     mV ;       ; 00:39:45
   2:07'13"45 ; DC    ;  66,070 ;     mV ;       ; 00:39:46
   2:07'13"73 ; DC    ;  66,060 ;     mV ;       ; 00:39:46
   2:07'14"01 ; DC    ;  66,060 ;     mV ;       ; 00:39:46
   2:07'14"27 ; DC    ;  66,070 ;     mV ;       ; 00:39:46
   2:07'14"57 ; DC    ;  66,070 ;     mV ;       ; 00:39:47
   2:07'14"87 ; DC    ;  66,070 ;     mV ;       ; 00:39:47
   2:07'15"13 ; DC    ;  66,080 ;     mV ;       ; 00:39:47
   2:07'15"41 ; DC    ;  66,090 ;     mV ;       ; 00:39:48
   2:07'15"70 ; DC    ;  66,080 ;     mV ;       ; 00:39:48
   2:07'15"98 ; DC    ;  66,070 ;     mV ;       ; 00:39:48
   2:07'16"24 ; DC    ;  66,080 ;     mV ;       ; 00:39:48
   2:07'16"50 ; DC    ;  66,100 ;     mV ;       ; 00:39:49
   2:07'16"79 ; DC    ;  66,090 ;     mV ;       ; 00:39:49
   2:07'17"05 ; DC    ;  66,100 ;     mV ;       ; 00:39:49
   2:07'17"32 ; DC    ;  66,100 ;     mV ;       ; 00:39:49
   2:07'17"60 ; DC    ;  66,120 ;     mV ;       ; 00:39:50
   2:07'17"89 ; DC    ;  66,120 ;     mV ;       ; 00:39:50
   2:07'18"17 ; DC    ;  66,110 ;     mV ;       ; 00:39:50
   2:07'18"43 ; DC    ;  66,110 ;     mV ;       ; 00:39:51
   2:07'18"69 ; DC    ;  66,100 ;     mV ;       ; 00:39:51
   2:07'18"96 ; DC    ;  66,100 ;     mV ;       ; 00:39:51
   2:07'19"23 ; DC    ;  66,100 ;     mV ;       ; 00:39:51
   2:07'19"49 ; DC    ;  66,090 ;     mV ;       ; 00:39:52
   2:07'19"76 ; DC    ;  66,080 ;     mV ;       ; 00:39:52
   2:07'20"02 ; DC    ;  66,080 ;     mV ;       ; 00:39:52
   2:07'20"30 ; DC    ;  66,090 ;     mV ;       ; 00:39:52
   2:07'20"57 ; DC    ;  66,070 ;     mV ;       ; 00:39:53
   2:07'20"84 ; DC    ;  66,060 ;     mV ;       ; 00:39:53
   2:07'21"10 ; DC    ;  66,060 ;     mV ;       ; 00:39:53
   2:07'21"36 ; DC    ;  66,090 ;     mV ;       ; 00:39:54
   2:07'21"63 ; DC    ;  66,090 ;     mV ;       ; 00:39:54
   2:07'21"90 ; DC    ;  66,070 ;     mV ;       ; 00:39:54
   2:07'22"20 ; DC    ;  66,060 ;     mV ;       ; 00:39:54
   2:07'22"48 ; DC    ;  66,070 ;     mV ;       ; 00:39:55
   2:07'22"76 ; DC    ;  66,060 ;     mV ;       ; 00:39:55
   2:07'23"09 ; DC    ;  66,060 ;     mV ;       ; 00:39:55
   2:07'23"37 ; DC    ;  66,080 ;     mV ;       ; 00:39:56
   2:07'23"63 ; DC    ;  66,090 ;     mV ;       ; 00:39:56
   2:07'23"90 ; DC    ;  66,110 ;     mV ;       ; 00:39:56
   2:07'24"18 ; DC    ;  66,110 ;     mV ;       ; 00:39:56
   2:07'24"46 ; DC    ;  66,110 ;     mV ;       ; 00:39:57
   2:07'24"73 ; DC    ;  66,090 ;     mV ;       ; 00:39:57
   2:07'25"00 ; DC    ;  66,110 ;     mV ;       ; 00:39:57
   2:07'25"28 ; DC    ;  66,100 ;     mV ;       ; 00:39:57
   2:07'25"56 ; DC    ;  66,080 ;     mV ;       ; 00:39:58
   2:07'25"85 ; DC    ;  66,080 ;     mV ;       ; 00:39:58
   2:07'26"13 ; DC    ;  66,070 ;     mV ;       ; 00:39:58
   2:07'26"40 ; DC    ;  66,070 ;     mV ;       ; 00:39:59
   2:07'26"67 ; DC    ;  66,080 ;     mV ;       ; 00:39:59
   2:07'26"95 ; DC    ;  66,080 ;     mV ;       ; 00:39:59
   2:07'27"24 ; DC    ;  66,070 ;     mV ;       ; 00:39:59
   2:07'27"53 ; DC    ;  66,070 ;     mV ;       ; 00:40:00
   2:07'27"81 ; DC    ;  66,080 ;     mV ;       ; 00:40:00
   2:07'28"09 ; DC    ;  66,110 ;     mV ;       ; 00:40:00
   2:07'28"35 ; DC    ;  66,110 ;     mV ;       ; 00:40:01
   2:07'28"62 ; DC    ;  66,110 ;     mV ;       ; 00:40:01
   2:07'28"88 ; DC    ;  66,120 ;     mV ;       ; 00:40:01
   2:07'29"15 ; DC    ;  66,130 ;     mV ;       ; 00:40:01
   2:07'29"47 ; DC    ;  66,150 ;     mV ;       ; 00:40:02
   2:07'29"75 ; DC    ;  66,140 ;     mV ;       ; 00:40:02
   2:07'30"03 ; DC    ;  66,150 ;     mV ;       ; 00:40:02
   2:07'30"31 ; DC    ;  66,150 ;     mV ;       ; 00:40:02
   2:07'30"57 ; DC    ;  66,150 ;     mV ;       ; 00:40:03
   2:07'30"83 ; DC    ;  66,150 ;     mV ;       ; 00:40:03
   2:07'31"10 ; DC    ;  66,140 ;     mV ;       ; 00:40:03
   2:07'31"38 ; DC    ;  66,150 ;     mV ;       ; 00:40:04
   2:07'31"66 ; DC    ;  66,150 ;     mV ;       ; 00:40:04
   2:07'31"93 ; DC    ;  66,150 ;     mV ;       ; 00:40:04
   2:07'32"22 ; DC    ;  66,150 ;     mV ;       ; 00:40:04
   2:07'32"50 ; DC    ;  66,140 ;     mV ;       ; 00:40:05
   2:07'32"76 ; DC    ;  66,140 ;     mV ;       ; 00:40:05
   2:07'33"04 ; DC    ;  66,150 ;     mV ;       ; 00:40:05
   2:07'33"32 ; DC    ;  66,150 ;     mV ;       ; 00:40:05
   2:07'33"62 ; DC    ;  66,130 ;     mV ;       ; 00:40:06
   2:07'33"90 ; DC    ;  66,120 ;     mV ;       ; 00:40:06
   2:07'34"18 ; DC    ;  66,110 ;     mV ;       ; 00:40:06
   2:07'34"44 ; DC    ;  66,110 ;     mV ;       ; 00:40:07
   2:07'34"71 ; DC    ;  66,120 ;     mV ;       ; 00:40:07
   2:07'34"98 ; DC    ;  66,110 ;     mV ;       ; 00:40:07
   2:07'35"24 ; DC    ;  66,110 ;     mV ;       ; 00:40:07
   2:07'35"51 ; DC    ;  66,110 ;     mV ;       ; 00:40:08
   2:07'35"78 ; DC    ;  66,100 ;     mV ;       ; 00:40:08
   2:07'36"06 ; DC    ;  66,090 ;     mV ;       ; 00:40:08
   2:07'36"32 ; DC    ;  66,070 ;     mV ;       ; 00:40:08
   2:07'36"60 ; DC    ;  66,070 ;     mV ;       ; 00:40:09
   2:07'36"86 ; DC    ;  66,060 ;     mV ;       ; 00:40:09
   2:07'37"14 ; DC    ;  66,050 ;     mV ;       ; 00:40:09
   2:07'37"42 ; DC    ;  66,070 ;     mV ;       ; 00:40:10
   2:07'37"70 ; DC    ;  66,060 ;     mV ;       ; 00:40:10
   2:07'37"96 ; DC    ;  66,060 ;     mV ;       ; 00:40:10
   2:07'38"23 ; DC    ;  66,060 ;     mV ;       ; 00:40:10
   2:07'38"50 ; DC    ;  66,050 ;     mV ;       ; 00:40:11
   2:07'38"78 ; DC    ;  66,060 ;     mV ;       ; 00:40:11
   2:07'39"07 ; DC    ;  66,040 ;     mV ;       ; 00:40:11
   2:07'39"36 ; DC    ;  66,050 ;     mV ;       ; 00:40:12
   2:07'39"65 ; DC    ;  66,070 ;     mV ;       ; 00:40:12
   2:07'39"95 ; DC    ;  66,050 ;     mV ;       ; 00:40:12
   2:07'40"21 ; DC    ;  66,070 ;     mV ;       ; 00:40:12
   2:07'40"48 ; DC    ;  66,070 ;     mV ;       ; 00:40:13
   2:07'40"76 ; DC    ;  66,070 ;     mV ;       ; 00:40:13
   2:07'41"03 ; DC    ;  66,070 ;     mV ;       ; 00:40:13
   2:07'41"31 ; DC    ;  66,070 ;     mV ;       ; 00:40:13
   2:07'41"57 ; DC    ;  66,070 ;     mV ;       ; 00:40:14
   2:07'41"83 ; DC    ;  66,070 ;     mV ;       ; 00:40:14
   2:07'42"11 ; DC    ;  66,070 ;     mV ;       ; 00:40:14
   2:07'42"40 ; DC    ;  66,060 ;     mV ;       ; 00:40:15
   2:07'42"67 ; DC    ;  66,050 ;     mV ;       ; 00:40:15
   2:07'42"94 ; DC    ;  66,060 ;     mV ;       ; 00:40:15
   2:07'43"22 ; DC    ;  66,070 ;     mV ;       ; 00:40:15
   2:07'43"50 ; DC    ;  66,060 ;     mV ;       ; 00:40:16
   2:07'43"80 ; DC    ;  66,070 ;     mV ;       ; 00:40:16
   2:07'44"07 ; DC    ;  66,070 ;     mV ;       ; 00:40:16
   2:07'44"33 ; DC    ;  66,050 ;     mV ;       ; 00:40:17
   2:07'44"60 ; DC    ;  66,040 ;     mV ;       ; 00:40:17
   2:07'44"86 ; DC    ;  66,050 ;     mV ;       ; 00:40:17
   2:07'45"14 ; DC    ;  66,050 ;     mV ;       ; 00:40:17
   2:07'45"42 ; DC    ;  66,050 ;     mV ;       ; 00:40:18
   2:07'45"68 ; DC    ;  66,040 ;     mV ;       ; 00:40:18
   2:07'45"96 ; DC    ;  66,030 ;     mV ;       ; 00:40:18
   2:07'46"23 ; DC    ;  66,050 ;     mV ;       ; 00:40:18
   2:07'46"49 ; DC    ;  66,060 ;     mV ;       ; 00:40:19
   2:07'46"77 ; DC    ;  66,060 ;     mV ;       ; 00:40:19
   2:07'47"05 ; DC    ;  66,060 ;     mV ;       ; 00:40:19
   2:07'47"33 ; DC    ;  66,060 ;     mV ;       ; 00:40:19
   2:07'47"59 ; DC    ;  66,060 ;     mV ;       ; 00:40:20
   2:07'47"85 ; DC    ;  66,060 ;     mV ;       ; 00:40:20
   2:07'48"11 ; DC    ;  66,060 ;     mV ;       ; 00:40:20
   2:07'48"39 ; DC    ;  66,060 ;     mV ;       ; 00:40:21
   2:07'48"67 ; DC    ;  66,070 ;     mV ;       ; 00:40:21
   2:07'48"97 ; DC    ;  66,030 ;     mV ;       ; 00:40:21
   2:07'49"25 ; DC    ;  66,060 ;     mV ;       ; 00:40:21
   2:07'49"52 ; DC    ;  66,070 ;     mV ;       ; 00:40:22
   2:07'49"79 ; DC    ;  66,060 ;     mV ;       ; 00:40:22
   2:07'50"08 ; DC    ;  66,050 ;     mV ;       ; 00:40:22
   2:07'50"36 ; DC    ;  66,040 ;     mV ;       ; 00:40:23
   2:07'50"63 ; DC    ;  66,050 ;     mV ;       ; 00:40:23
   2:07'50"92 ; DC    ;  66,050 ;     mV ;       ; 00:40:23
   2:07'51"18 ; DC    ;  66,060 ;     mV ;       ; 00:40:23
   2:07'51"46 ; DC    ;  66,060 ;     mV ;       ; 00:40:24
   2:07'51"72 ; DC    ;  66,070 ;     mV ;       ; 00:40:24
   2:07'52"00 ; DC    ;  66,070 ;     mV ;       ; 00:40:24
   2:07'52"27 ; DC    ;  66,090 ;     mV ;       ; 00:40:24
   2:07'52"54 ; DC    ;  66,080 ;     mV ;       ; 00:40:25
   2:07'52"82 ; DC    ;  66,070 ;     mV ;       ; 00:40:25
   2:07'53"10 ; DC    ;  66,090 ;     mV ;       ; 00:40:25
   2:07'53"38 ; DC    ;  66,090 ;     mV ;       ; 00:40:26
   2:07'53"66 ; DC    ;  66,090 ;     mV ;       ; 00:40:26
   2:07'53"94 ; DC    ;  66,090 ;     mV ;       ; 00:40:26
   2:07'54"20 ; DC    ;  66,090 ;     mV ;       ; 00:40:26
   2:07'54"46 ; DC    ;  66,110 ;     mV ;       ; 00:40:27
   2:07'54"73 ; DC    ;  66,110 ;     mV ;       ; 00:40:27
   2:07'54"99 ; DC    ;  66,110 ;     mV ;       ; 00:40:27
   2:07'55"27 ; DC    ;  66,110 ;     mV ;       ; 00:40:27
   2:07'55"56 ; DC    ;  66,120 ;     mV ;       ; 00:40:28
   2:07'55"83 ; DC    ;  66,120 ;     mV ;       ; 00:40:28
   2:07'56"10 ; DC    ;  66,120 ;     mV ;       ; 00:40:28
   2:07'56"38 ; DC    ;  66,110 ;     mV ;       ; 00:40:29
   2:07'56"66 ; DC    ;  66,100 ;     mV ;       ; 00:40:29
   2:07'56"94 ; DC    ;  66,090 ;     mV ;       ; 00:40:29
   2:07'57"22 ; DC    ;  66,080 ;     mV ;       ; 00:40:29
   2:07'57"50 ; DC    ;  66,070 ;     mV ;       ; 00:40:30
   2:07'57"78 ; DC    ;  66,030 ;     mV ;       ; 00:40:30
   2:07'58"10 ; DC    ;  66,050 ;     mV ;       ; 00:40:30
   2:07'58"39 ; DC    ;  66,050 ;     mV ;       ; 00:40:31
   2:07'58"65 ; DC    ;  66,060 ;     mV ;       ; 00:40:31
   2:07'58"93 ; DC    ;  66,060 ;     mV ;       ; 00:40:31
   2:07'59"21 ; DC    ;  66,080 ;     mV ;       ; 00:40:31
   2:07'59"49 ; DC    ;  66,060 ;     mV ;       ; 00:40:32
   2:07'59"78 ; DC    ;  66,060 ;     mV ;       ; 00:40:32
   2:08'00"04 ; DC    ;  66,070 ;     mV ;       ; 00:40:32
   2:08'00"31 ; DC    ;  66,060 ;     mV ;       ; 00:40:32
   2:08'00"59 ; DC    ;  66,060 ;     mV ;       ; 00:40:33
   2:08'00"85 ; DC    ;  66,100 ;     mV ;       ; 00:40:33
   2:08'01"12 ; DC    ;  66,090 ;     mV ;       ; 00:40:33
   2:08'01"38 ; DC    ;  66,110 ;     mV ;       ; 00:40:34
   2:08'01"66 ; DC    ;  66,110 ;     mV ;       ; 00:40:34
   2:08'01"94 ; DC    ;  66,110 ;     mV ;       ; 00:40:34
   2:08'02"21 ; DC    ;  66,110 ;     mV ;       ; 00:40:34
   2:08'02"48 ; DC    ;  66,100 ;     mV ;       ; 00:40:35
   2:08'02"74 ; DC    ;  66,100 ;     mV ;       ; 00:40:35
   2:08'03"01 ; DC    ;  66,120 ;     mV ;       ; 00:40:35
   2:08'03"27 ; DC    ;  66,100 ;     mV ;       ; 00:40:35
   2:08'03"54 ; DC    ;  66,110 ;     mV ;       ; 00:40:36
   2:08'03"81 ; DC    ;  66,080 ;     mV ;       ; 00:40:36
   2:08'04"09 ; DC    ;  66,080 ;     mV ;       ; 00:40:36
   2:08'04"37 ; DC    ;  66,080 ;     mV ;       ; 00:40:37
   2:08'04"63 ; DC    ;  66,070 ;     mV ;       ; 00:40:37
   2:08'04"90 ; DC    ;  66,070 ;     mV ;       ; 00:40:37
   2:08'05"18 ; DC    ;  66,060 ;     mV ;       ; 00:40:37
   2:08'05"45 ; DC    ;  66,080 ;     mV ;       ; 00:40:38
   2:08'05"71 ; DC    ;  66,060 ;     mV ;       ; 00:40:38
   2:08'05"99 ; DC    ;  66,070 ;     mV ;       ; 00:40:38
   2:08'06"26 ; DC    ;  66,070 ;     mV ;       ; 00:40:38
   2:08'06"54 ; DC    ;  66,060 ;     mV ;       ; 00:40:39
   2:08'06"82 ; DC    ;  66,060 ;     mV ;       ; 00:40:39
   2:08'07"15 ; DC    ;  66,080 ;     mV ;       ; 00:40:39
   2:08'07"43 ; DC    ;  66,070 ;     mV ;       ; 00:40:40
   2:08'07"69 ; DC    ;  66,070 ;     mV ;       ; 00:40:40
   2:08'07"96 ; DC    ;  66,080 ;     mV ;       ; 00:40:40
   2:08'08"24 ; DC    ;  66,080 ;     mV ;       ; 00:40:40
   2:08'08"51 ; DC    ;  66,090 ;     mV ;       ; 00:40:41
   2:08'08"79 ; DC    ;  66,090 ;     mV ;       ; 00:40:41
   2:08'09"05 ; DC    ;  66,100 ;     mV ;       ; 00:40:41
   2:08'09"32 ; DC    ;  66,100 ;     mV ;       ; 00:40:41
   2:08'09"60 ; DC    ;  66,160 ;     mV ;       ; 00:40:42
   2:08'09"86 ; DC    ;  66,090 ;     mV ;       ; 00:40:42
   2:08'10"14 ; DC    ;  66,070 ;     mV ;       ; 00:40:42
   2:08'10"41 ; DC    ;  66,060 ;     mV ;       ; 00:40:43
   2:08'10"70 ; DC    ;  66,080 ;     mV ;       ; 00:40:43
   2:08'10"98 ; DC    ;  66,070 ;     mV ;       ; 00:40:43
   2:08'11"26 ; DC    ;  66,070 ;     mV ;       ; 00:40:43
   2:08'11"52 ; DC    ;  66,060 ;     mV ;       ; 00:40:44
   2:08'11"79 ; DC    ;  66,060 ;     mV ;       ; 00:40:44
   2:08'12"07 ; DC    ;  66,050 ;     mV ;       ; 00:40:44
   2:08'12"35 ; DC    ;  66,060 ;     mV ;       ; 00:40:45
   2:08'12"63 ; DC    ;  66,080 ;     mV ;       ; 00:40:45
   2:08'12"91 ; DC    ;  66,060 ;     mV ;       ; 00:40:45
   2:08'13"19 ; DC    ;  66,060 ;     mV ;       ; 00:40:45
   2:08'13"50 ; DC    ;  66,060 ;     mV ;       ; 00:40:46
   2:08'13"78 ; DC    ;  66,070 ;     mV ;       ; 00:40:46
   2:08'14"04 ; DC    ;  66,100 ;     mV ;       ; 00:40:46
   2:08'14"33 ; DC    ;  66,100 ;     mV ;       ; 00:40:46
   2:08'14"59 ; DC    ;  66,100 ;     mV ;       ; 00:40:47
   2:08'14"86 ; DC    ;  66,100 ;     mV ;       ; 00:40:47
   2:08'15"12 ; DC    ;  66,100 ;     mV ;       ; 00:40:47
   2:08'15"38 ; DC    ;  66,090 ;     mV ;       ; 00:40:48
   2:08'15"64 ; DC    ;  66,080 ;     mV ;       ; 00:40:48
   2:08'15"91 ; DC    ;  66,090 ;     mV ;       ; 00:40:48
   2:08'16"18 ; DC    ;  66,100 ;     mV ;       ; 00:40:48
   2:08'16"46 ; DC    ;  66,110 ;     mV ;       ; 00:40:49
   2:08'16"72 ; DC    ;  66,090 ;     mV ;       ; 00:40:49
   2:08'17"00 ; DC    ;  66,080 ;     mV ;       ; 00:40:49
   2:08'17"28 ; DC    ;  66,070 ;     mV ;       ; 00:40:49
   2:08'17"61 ; DC    ;  66,070 ;     mV ;       ; 00:40:50
   2:08'17"89 ; DC    ;  66,070 ;     mV ;       ; 00:40:50
   2:08'18"15 ; DC    ;  66,070 ;     mV ;       ; 00:40:50
   2:08'18"41 ; DC    ;  66,070 ;     mV ;       ; 00:40:51
   2:08'18"68 ; DC    ;  66,070 ;     mV ;       ; 00:40:51
   2:08'18"94 ; DC    ;  66,090 ;     mV ;       ; 00:40:51
   2:08'19"21 ; DC    ;  66,070 ;     mV ;       ; 00:40:51
   2:08'19"50 ; DC    ;  66,070 ;     mV ;       ; 00:40:52
   2:08'19"78 ; DC    ;  66,090 ;     mV ;       ; 00:40:52
   2:08'20"07 ; DC    ;  66,080 ;     mV ;       ; 00:40:52
   2:08'20"36 ; DC    ;  66,050 ;     mV ;       ; 00:40:53
   2:08'20"64 ; DC    ;  66,080 ;     mV ;       ; 00:40:53
   2:08'20"92 ; DC    ;  66,090 ;     mV ;       ; 00:40:53
   2:08'21"20 ; DC    ;  66,090 ;     mV ;       ; 00:40:53
   2:08'21"48 ; DC    ;  66,080 ;     mV ;       ; 00:40:54
   2:08'21"74 ; DC    ;  66,080 ;     mV ;       ; 00:40:54
   2:08'22"00 ; DC    ;  66,080 ;     mV ;       ; 00:40:54
   2:08'22"28 ; DC    ;  66,100 ;     mV ;       ; 00:40:54
   2:08'22"56 ; DC    ;  66,110 ;     mV ;       ; 00:40:55
   2:08'22"85 ; DC    ;  66,100 ;     mV ;       ; 00:40:55
   2:08'23"13 ; DC    ;  66,090 ;     mV ;       ; 00:40:55
   2:08'23"41 ; DC    ;  66,100 ;     mV ;       ; 00:40:56
   2:08'23"69 ; DC    ;  66,090 ;     mV ;       ; 00:40:56
   2:08'23"95 ; DC    ;  66,090 ;     mV ;       ; 00:40:56
   2:08'24"21 ; DC    ;  66,100 ;     mV ;       ; 00:40:56
   2:08'24"47 ; DC    ;  66,100 ;     mV ;       ; 00:40:57
   2:08'24"74 ; DC    ;  66,100 ;     mV ;       ; 00:40:57
   2:08'25"02 ; DC    ;  66,100 ;     mV ;       ; 00:40:57
   2:08'25"30 ; DC    ;  66,110 ;     mV ;       ; 00:40:57
   2:08'25"58 ; DC    ;  66,110 ;     mV ;       ; 00:40:58
   2:08'25"86 ; DC    ;  66,110 ;     mV ;       ; 00:40:58
   2:08'26"14 ; DC    ;  66,100 ;     mV ;       ; 00:40:58
   2:08'26"42 ; DC    ;  66,090 ;     mV ;       ; 00:40:59
   2:08'26"71 ; DC    ;  66,090 ;     mV ;       ; 00:40:59
   2:08'27"01 ; DC    ;  66,090 ;     mV ;       ; 00:40:59
   2:08'27"29 ; DC    ;  66,090 ;     mV ;       ; 00:40:59
   2:08'27"57 ; DC    ;  66,090 ;     mV ;       ; 00:41:00
   2:08'27"85 ; DC    ;  66,100 ;     mV ;       ; 00:41:00
   2:08'28"14 ; DC    ;  66,100 ;     mV ;       ; 00:41:00
   2:08'28"43 ; DC    ;  66,110 ;     mV ;       ; 00:41:01
   2:08'28"72 ; DC    ;  66,090 ;     mV ;       ; 00:41:01
   2:08'29"01 ; DC    ;  66,090 ;     mV ;       ; 00:41:01
   2:08'29"30 ; DC    ;  66,100 ;     mV ;       ; 00:41:01
   2:08'29"60 ; DC    ;  66,100 ;     mV ;       ; 00:41:02
   2:08'29"88 ; DC    ;  66,110 ;     mV ;       ; 00:41:02
   2:08'30"16 ; DC    ;  66,090 ;     mV ;       ; 00:41:02
   2:08'30"45 ; DC    ;  66,090 ;     mV ;       ; 00:41:03
   2:08'30"73 ; DC    ;  66,080 ;     mV ;       ; 00:41:03
   2:08'31"02 ; DC    ;  66,080 ;     mV ;       ; 00:41:03
   2:08'31"29 ; DC    ;  66,080 ;     mV ;       ; 00:41:03
   2:08'31"56 ; DC    ;  66,080 ;     mV ;       ; 00:41:04
   2:08'31"84 ; DC    ;  66,070 ;     mV ;       ; 00:41:04
   2:08'32"12 ; DC    ;  66,070 ;     mV ;       ; 00:41:04
   2:08'32"38 ; DC    ;  66,070 ;     mV ;       ; 00:41:05
   2:08'32"65 ; DC    ;  66,070 ;     mV ;       ; 00:41:05
   2:08'32"91 ; DC    ;  66,090 ;     mV ;       ; 00:41:05
   2:08'33"18 ; DC    ;  66,080 ;     mV ;       ; 00:41:05
   2:08'33"46 ; DC    ;  66,080 ;     mV ;       ; 00:41:06
   2:08'33"78 ; DC    ;  66,080 ;     mV ;       ; 00:41:06
   2:08'34"08 ; DC    ;  66,070 ;     mV ;       ; 00:41:06
   2:08'34"36 ; DC    ;  66,080 ;     mV ;       ; 00:41:07
   2:08'34"63 ; DC    ;  66,080 ;     mV ;       ; 00:41:07
   2:08'34"89 ; DC    ;  66,080 ;     mV ;       ; 00:41:07
   2:08'35"17 ; DC    ;  66,070 ;     mV ;       ; 00:41:07
   2:08'35"45 ; DC    ;  66,070 ;     mV ;       ; 00:41:08
   2:08'35"71 ; DC    ;  66,080 ;     mV ;       ; 00:41:08
   2:08'35"98 ; DC    ;  66,070 ;     mV ;       ; 00:41:08
   2:08'36"25 ; DC    ;  66,070 ;     mV ;       ; 00:41:08
   2:08'36"53 ; DC    ;  66,090 ;     mV ;       ; 00:41:09
   2:08'36"82 ; DC    ;  66,080 ;     mV ;       ; 00:41:09
   2:08'37"10 ; DC    ;  66,070 ;     mV ;       ; 00:41:09
   2:08'37"36 ; DC    ;  66,050 ;     mV ;       ; 00:41:10
   2:08'37"64 ; DC    ;  66,050 ;     mV ;       ; 00:41:10
   2:08'37"92 ; DC    ;  66,050 ;     mV ;       ; 00:41:10
   2:08'38"20 ; DC    ;  66,050 ;     mV ;       ; 00:41:10
   2:08'38"48 ; DC    ;  66,050 ;     mV ;       ; 00:41:11
   2:08'38"75 ; DC    ;  66,060 ;     mV ;       ; 00:41:11
   2:08'39"03 ; DC    ;  66,060 ;     mV ;       ; 00:41:11
   2:08'39"29 ; DC    ;  66,070 ;     mV ;       ; 00:41:11
   2:08'39"55 ; DC    ;  66,070 ;     mV ;       ; 00:41:12
   2:08'39"84 ; DC    ;  66,070 ;     mV ;       ; 00:41:12
   2:08'40"12 ; DC    ;  66,060 ;     mV ;       ; 00:41:12
   2:08'40"40 ; DC    ;  66,050 ;     mV ;       ; 00:41:13
   2:08'40"67 ; DC    ;  66,080 ;     mV ;       ; 00:41:13
   2:08'40"93 ; DC    ;  66,080 ;     mV ;       ; 00:41:13
   2:08'41"19 ; DC    ;  66,080 ;     mV ;       ; 00:41:13
   2:08'41"46 ; DC    ;  66,060 ;     mV ;       ; 00:41:14
   2:08'41"74 ; DC    ;  66,070 ;     mV ;       ; 00:41:14
   2:08'42"02 ; DC    ;  66,080 ;     mV ;       ; 00:41:14
   2:08'42"30 ; DC    ;  66,060 ;     mV ;       ; 00:41:14
   2:08'42"58 ; DC    ;  66,070 ;     mV ;       ; 00:41:15
   2:08'42"85 ; DC    ;  66,060 ;     mV ;       ; 00:41:15
   2:08'43"12 ; DC    ;  66,060 ;     mV ;       ; 00:41:15
   2:08'43"38 ; DC    ;  66,050 ;     mV ;       ; 00:41:16
   2:08'43"66 ; DC    ;  66,050 ;     mV ;       ; 00:41:16
   2:08'43"94 ; DC    ;  66,050 ;     mV ;       ; 00:41:16
   2:08'44"22 ; DC    ;  66,040 ;     mV ;       ; 00:41:16
   2:08'44"49 ; DC    ;  66,050 ;     mV ;       ; 00:41:17
   2:08'44"79 ; DC    ;  66,040 ;     mV ;       ; 00:41:17
   2:08'45"07 ; DC    ;  66,070 ;     mV ;       ; 00:41:17
   2:08'45"38 ; DC    ;  66,080 ;     mV ;       ; 00:41:18
   2:08'45"66 ; DC    ;  66,090 ;     mV ;       ; 00:41:18
   2:08'45"94 ; DC    ;  66,070 ;     mV ;       ; 00:41:18
   2:08'46"22 ; DC    ;  66,050 ;     mV ;       ; 00:41:18
   2:08'46"48 ; DC    ;  66,050 ;     mV ;       ; 00:41:19
   2:08'46"78 ; DC    ;  66,040 ;     mV ;       ; 00:41:19
   2:08'47"06 ; DC    ;  66,060 ;     mV ;       ; 00:41:19
   2:08'47"32 ; DC    ;  66,060 ;     mV ;       ; 00:41:19
   2:08'47"60 ; DC    ;  66,070 ;     mV ;       ; 00:41:20
   2:08'47"86 ; DC    ;  66,060 ;     mV ;       ; 00:41:20
   2:08'48"13 ; DC    ;  66,050 ;     mV ;       ; 00:41:20
   2:08'48"40 ; DC    ;  66,050 ;     mV ;       ; 00:41:21
   2:08'48"67 ; DC    ;  66,030 ;     mV ;       ; 00:41:21
   2:08'48"95 ; DC    ;  66,060 ;     mV ;       ; 00:41:21
   2:08'49"23 ; DC    ;  66,070 ;     mV ;       ; 00:41:21
   2:08'49"51 ; DC    ;  66,060 ;     mV ;       ; 00:41:22
   2:08'49"78 ; DC    ;  66,050 ;     mV ;       ; 00:41:22
   2:08'50"06 ; DC    ;  66,060 ;     mV ;       ; 00:41:22
   2:08'50"35 ; DC    ;  66,060 ;     mV ;       ; 00:41:23
   2:08'50"63 ; DC    ;  66,050 ;     mV ;       ; 00:41:23
   2:08'50"90 ; DC    ;  66,050 ;     mV ;       ; 00:41:23
   2:08'51"18 ; DC    ;  66,050 ;     mV ;       ; 00:41:23
   2:08'51"46 ; DC    ;  66,050 ;     mV ;       ; 00:41:24
   2:08'51"73 ; DC    ;  66,050 ;     mV ;       ; 00:41:24
   2:08'51"99 ; DC    ;  66,040 ;     mV ;       ; 00:41:24
   2:08'52"28 ; DC    ;  66,070 ;     mV ;       ; 00:41:24
   2:08'52"56 ; DC    ;  66,060 ;     mV ;       ; 00:41:25
   2:08'52"84 ; DC    ;  66,070 ;     mV ;       ; 00:41:25
   2:08'53"13 ; DC    ;  66,060 ;     mV ;       ; 00:41:25
   2:08'53"42 ; DC    ;  66,050 ;     mV ;       ; 00:41:26
   2:08'53"70 ; DC    ;  66,050 ;     mV ;       ; 00:41:26
   2:08'53"98 ; DC    ;  66,040 ;     mV ;       ; 00:41:26
   2:08'54"27 ; DC    ;  66,060 ;     mV ;       ; 00:41:26
   2:08'54"60 ; DC    ;  66,040 ;     mV ;       ; 00:41:27
   2:08'54"89 ; DC    ;  66,040 ;     mV ;       ; 00:41:27
   2:08'55"17 ; DC    ;  66,050 ;     mV ;       ; 00:41:27
   2:08'55"45 ; DC    ;  66,070 ;     mV ;       ; 00:41:28
   2:08'55"73 ; DC    ;  66,060 ;     mV ;       ; 00:41:28
   2:08'55"99 ; DC    ;  66,050 ;     mV ;       ; 00:41:28
   2:08'56"28 ; DC    ;  66,070 ;     mV ;       ; 00:41:28
   2:08'56"56 ; DC    ;  66,070 ;     mV ;       ; 00:41:29
   2:08'56"84 ; DC    ;  66,060 ;     mV ;       ; 00:41:29
   2:08'57"10 ; DC    ;  66,060 ;     mV ;       ; 00:41:29
   2:08'57"36 ; DC    ;  66,060 ;     mV ;       ; 00:41:30
   2:08'57"66 ; DC    ;  66,060 ;     mV ;       ; 00:41:30
   2:08'57"96 ; DC    ;  66,080 ;     mV ;       ; 00:41:30
   2:08'58"24 ; DC    ;  66,090 ;     mV ;       ; 00:41:30
   2:08'58"54 ; DC    ;  66,070 ;     mV ;       ; 00:41:31
   2:08'58"85 ; DC    ;  66,090 ;     mV ;       ; 00:41:31
   2:08'59"15 ; DC    ;  66,080 ;     mV ;       ; 00:41:31
   2:08'59"44 ; DC    ;  66,090 ;     mV ;       ; 00:41:32
   2:08'59"73 ; DC    ;  66,100 ;     mV ;       ; 00:41:32
   2:09'00"05 ; DC    ;  66,100 ;     mV ;       ; 00:41:32
   2:09'00"32 ; DC    ;  66,100 ;     mV ;       ; 00:41:32
   2:09'00"59 ; DC    ;  66,090 ;     mV ;       ; 00:41:33
   2:09'00"88 ; DC    ;  66,110 ;     mV ;       ; 00:41:33
   2:09'01"14 ; DC    ;  66,120 ;     mV ;       ; 00:41:33
   2:09'01"44 ; DC    ;  66,120 ;     mV ;       ; 00:41:34
   2:09'01"72 ; DC    ;  66,130 ;     mV ;       ; 00:41:34
   2:09'02"02 ; DC    ;  66,140 ;     mV ;       ; 00:41:34
   2:09'02"30 ; DC    ;  66,120 ;     mV ;       ; 00:41:34
   2:09'02"58 ; DC    ;  66,110 ;     mV ;       ; 00:41:35
   2:09'02"86 ; DC    ;  66,110 ;     mV ;       ; 00:41:35
   2:09'03"13 ; DC    ;  66,090 ;     mV ;       ; 00:41:35
   2:09'03"40 ; DC    ;  66,090 ;     mV ;       ; 00:41:36
   2:09'03"66 ; DC    ;  66,090 ;     mV ;       ; 00:41:36
   2:09'03"93 ; DC    ;  66,080 ;     mV ;       ; 00:41:36
   2:09'04"19 ; DC    ;  66,080 ;     mV ;       ; 00:41:36
   2:09'04"47 ; DC    ;  66,070 ;     mV ;       ; 00:41:37
   2:09'04"77 ; DC    ;  66,070 ;     mV ;       ; 00:41:37
   2:09'05"07 ; DC    ;  66,070 ;     mV ;       ; 00:41:37
   2:09'05"36 ; DC    ;  66,060 ;     mV ;       ; 00:41:38
   2:09'05"66 ; DC    ;  66,080 ;     mV ;       ; 00:41:38
   2:09'05"96 ; DC    ;  66,070 ;     mV ;       ; 00:41:38
   2:09'06"24 ; DC    ;  66,070 ;     mV ;       ; 00:41:38
   2:09'06"53 ; DC    ;  66,070 ;     mV ;       ; 00:41:39
   2:09'06"81 ; DC    ;  66,080 ;     mV ;       ; 00:41:39
   2:09'07"09 ; DC    ;  66,090 ;     mV ;       ; 00:41:39
   2:09'07"35 ; DC    ;  66,090 ;     mV ;       ; 00:41:40
   2:09'07"62 ; DC    ;  66,090 ;     mV ;       ; 00:41:40
   2:09'07"91 ; DC    ;  66,090 ;     mV ;       ; 00:41:40
   2:09'08"20 ; DC    ;  66,090 ;     mV ;       ; 00:41:40
   2:09'08"48 ; DC    ;  66,090 ;     mV ;       ; 00:41:41
   2:09'08"76 ; DC    ;  66,070 ;     mV ;       ; 00:41:41
   2:09'09"03 ; DC    ;  66,080 ;     mV ;       ; 00:41:41
   2:09'09"30 ; DC    ;  66,090 ;     mV ;       ; 00:41:41
   2:09'09"57 ; DC    ;  66,080 ;     mV ;       ; 00:41:42
   2:09'09"83 ; DC    ;  66,090 ;     mV ;       ; 00:41:42
   2:09'10"14 ; DC    ;  66,090 ;     mV ;       ; 00:41:42
   2:09'10"42 ; DC    ;  66,080 ;     mV ;       ; 00:41:43
   2:09'10"70 ; DC    ;  66,090 ;     mV ;       ; 00:41:43
   2:09'10"98 ; DC    ;  66,070 ;     mV ;       ; 00:41:43
   2:09'11"26 ; DC    ;  66,090 ;     mV ;       ; 00:41:43
   2:09'11"57 ; DC    ;  66,090 ;     mV ;       ; 00:41:44
   2:09'11"86 ; DC    ;  66,080 ;     mV ;       ; 00:41:44
   2:09'12"15 ; DC    ;  66,080 ;     mV ;       ; 00:41:44
   2:09'12"44 ; DC    ;  66,080 ;     mV ;       ; 00:41:45
   2:09'12"74 ; DC    ;  66,050 ;     mV ;       ; 00:41:45
   2:09'13"02 ; DC    ;  66,050 ;     mV ;       ; 00:41:45
   2:09'13"30 ; DC    ;  66,060 ;     mV ;       ; 00:41:45
   2:09'13"57 ; DC    ;  66,080 ;     mV ;       ; 00:41:46
   2:09'13"83 ; DC    ;  66,070 ;     mV ;       ; 00:41:46
   2:09'14"10 ; DC    ;  66,070 ;     mV ;       ; 00:41:46
   2:09'14"38 ; DC    ;  66,090 ;     mV ;       ; 00:41:47
   2:09'14"66 ; DC    ;  66,080 ;     mV ;       ; 00:41:47
   2:09'14"98 ; DC    ;  66,080 ;     mV ;       ; 00:41:47
   2:09'15"26 ; DC    ;  66,090 ;     mV ;       ; 00:41:47
   2:09'15"54 ; DC    ;  66,100 ;     mV ;       ; 00:41:48
   2:09'15"81 ; DC    ;  66,090 ;     mV ;       ; 00:41:48
   2:09'16"09 ; DC    ;  66,100 ;     mV ;       ; 00:41:48
   2:09'16"35 ; DC    ;  66,100 ;     mV ;       ; 00:41:49
   2:09'16"62 ; DC    ;  66,100 ;     mV ;       ; 00:41:49
   2:09'16"88 ; DC    ;  66,090 ;     mV ;       ; 00:41:49
   2:09'17"15 ; DC    ;  66,090 ;     mV ;       ; 00:41:49
   2:09'17"41 ; DC    ;  66,070 ;     mV ;       ; 00:41:50
   2:09'17"71 ; DC    ;  66,070 ;     mV ;       ; 00:41:50
   2:09'18"01 ; DC    ;  66,080 ;     mV ;       ; 00:41:50
   2:09'18"35 ; DC    ;  66,060 ;     mV ;       ; 00:41:51
   2:09'18"63 ; DC    ;  66,070 ;     mV ;       ; 00:41:51
   2:09'18"92 ; DC    ;  66,080 ;     mV ;       ; 00:41:51
   2:09'19"21 ; DC    ;  66,080 ;     mV ;       ; 00:41:51
   2:09'19"48 ; DC    ;  66,090 ;     mV ;       ; 00:41:52
   2:09'19"76 ; DC    ;  66,080 ;     mV ;       ; 00:41:52
   2:09'20"03 ; DC    ;  66,080 ;     mV ;       ; 00:41:52
   2:09'20"34 ; DC    ;  66,060 ;     mV ;       ; 00:41:53
   2:09'20"64 ; DC    ;  66,060 ;     mV ;       ; 00:41:53
   2:09'20"93 ; DC    ;  66,050 ;     mV ;       ; 00:41:53
   2:09'21"27 ; DC    ;  66,050 ;     mV ;       ; 00:41:53
   2:09'21"57 ; DC    ;  66,040 ;     mV ;       ; 00:41:54
   2:09'21"84 ; DC    ;  66,050 ;     mV ;       ; 00:41:54
   2:09'22"12 ; DC    ;  66,050 ;     mV ;       ; 00:41:54
   2:09'22"40 ; DC    ;  66,060 ;     mV ;       ; 00:41:55
   2:09'22"68 ; DC    ;  66,070 ;     mV ;       ; 00:41:55
   2:09'22"94 ; DC    ;  66,070 ;     mV ;       ; 00:41:55
   2:09'23"22 ; DC    ;  66,070 ;     mV ;       ; 00:41:55
   2:09'23"50 ; DC    ;  66,050 ;     mV ;       ; 00:41:56
   2:09'23"78 ; DC    ;  66,050 ;     mV ;       ; 00:41:56
   2:09'24"05 ; DC    ;  66,050 ;     mV ;       ; 00:41:56
   2:09'24"32 ; DC    ;  66,060 ;     mV ;       ; 00:41:56
   2:09'24"60 ; DC    ;  66,070 ;     mV ;       ; 00:41:57
   2:09'24"93 ; DC    ;  66,070 ;     mV ;       ; 00:41:57
   2:09'25"21 ; DC    ;  66,090 ;     mV ;       ; 00:41:57
   2:09'25"50 ; DC    ;  66,080 ;     mV ;       ; 00:41:58
   2:09'25"80 ; DC    ;  66,100 ;     mV ;       ; 00:41:58
   2:09'26"08 ; DC    ;  66,100 ;     mV ;       ; 00:41:58
   2:09'26"37 ; DC    ;  66,110 ;     mV ;       ; 00:41:59
   2:09'26"65 ; DC    ;  66,090 ;     mV ;       ; 00:41:59
   2:09'26"91 ; DC    ;  66,090 ;     mV ;       ; 00:41:59
   2:09'27"18 ; DC    ;  66,090 ;     mV ;       ; 00:41:59
   2:09'27"46 ; DC    ;  66,090 ;     mV ;       ; 00:42:00
   2:09'27"76 ; DC    ;  66,080 ;     mV ;       ; 00:42:00
   2:09'28"04 ; DC    ;  66,080 ;     mV ;       ; 00:42:00
   2:09'28"32 ; DC    ;  66,080 ;     mV ;       ; 00:42:00
   2:09'28"60 ; DC    ;  66,080 ;     mV ;       ; 00:42:01
   2:09'28"87 ; DC    ;  66,090 ;     mV ;       ; 00:42:01
   2:09'29"14 ; DC    ;  66,090 ;     mV ;       ; 00:42:01
   2:09'29"42 ; DC    ;  66,090 ;     mV ;       ; 00:42:02
   2:09'29"69 ; DC    ;  66,090 ;     mV ;       ; 00:42:02
   2:09'29"96 ; DC    ;  66,090 ;     mV ;       ; 00:42:02
   2:09'30"24 ; DC    ;  66,090 ;     mV ;       ; 00:42:02
   2:09'30"52 ; DC    ;  66,090 ;     mV ;       ; 00:42:03
   2:09'30"80 ; DC    ;  66,100 ;     mV ;       ; 00:42:03
   2:09'31"08 ; DC    ;  66,090 ;     mV ;       ; 00:42:03
   2:09'31"39 ; DC    ;  66,080 ;     mV ;       ; 00:42:04
   2:09'31"67 ; DC    ;  66,060 ;     mV ;       ; 00:42:04
   2:09'31"97 ; DC    ;  66,060 ;     mV ;       ; 00:42:04
   2:09'32"27 ; DC    ;  66,070 ;     mV ;       ; 00:42:04
   2:09'32"56 ; DC    ;  66,080 ;     mV ;       ; 00:42:05
   2:09'32"86 ; DC    ;  66,080 ;     mV ;       ; 00:42:05
   2:09'33"17 ; DC    ;  66,070 ;     mV ;       ; 00:42:05
   2:09'33"47 ; DC    ;  66,070 ;     mV ;       ; 00:42:06
   2:09'33"75 ; DC    ;  66,070 ;     mV ;       ; 00:42:06
   2:09'34"04 ; DC    ;  66,060 ;     mV ;       ; 00:42:06
   2:09'34"34 ; DC    ;  66,060 ;     mV ;       ; 00:42:07
   2:09'34"62 ; DC    ;  66,050 ;     mV ;       ; 00:42:07
   2:09'34"90 ; DC    ;  66,050 ;     mV ;       ; 00:42:07
   2:09'35"18 ; DC    ;  66,070 ;     mV ;       ; 00:42:07
   2:09'35"47 ; DC    ;  66,040 ;     mV ;       ; 00:42:08
   2:09'35"74 ; DC    ;  66,050 ;     mV ;       ; 00:42:08
   2:09'36"01 ; DC    ;  66,050 ;     mV ;       ; 00:42:08
   2:09'36"27 ; DC    ;  66,040 ;     mV ;       ; 00:42:08
   2:09'36"57 ; DC    ;  66,010 ;     mV ;       ; 00:42:09
   2:09'36"87 ; DC    ;  66,020 ;     mV ;       ; 00:42:09
   2:09'37"17 ; DC    ;  66,020 ;     mV ;       ; 00:42:09
   2:09'37"48 ; DC    ;  66,030 ;     mV ;       ; 00:42:10
   2:09'37"76 ; DC    ;  66,020 ;     mV ;       ; 00:42:10
   2:09'38"04 ; DC    ;  66,020 ;     mV ;       ; 00:42:10
   2:09'38"31 ; DC    ;  66,020 ;     mV ;       ; 00:42:10
   2:09'38"58 ; DC    ;  66,020 ;     mV ;       ; 00:42:11
   2:09'38"88 ; DC    ;  66,020 ;     mV ;       ; 00:42:11
   2:09'39"17 ; DC    ;  66,020 ;     mV ;       ; 00:42:11
   2:09'39"45 ; DC    ;  66,020 ;     mV ;       ; 00:42:12
   2:09'39"73 ; DC    ;  66,020 ;     mV ;       ; 00:42:12
   2:09'40"05 ; DC    ;  66,020 ;     mV ;       ; 00:42:12
   2:09'40"32 ; DC    ;  66,020 ;     mV ;       ; 00:42:12
   2:09'40"58 ; DC    ;  66,020 ;     mV ;       ; 00:42:13
   2:09'40"87 ; DC    ;  66,030 ;     mV ;       ; 00:42:13
   2:09'41"15 ; DC    ;  66,020 ;     mV ;       ; 00:42:13
   2:09'41"43 ; DC    ;  66,020 ;     mV ;       ; 00:42:14
   2:09'41"70 ; DC    ;  66,040 ;     mV ;       ; 00:42:14
   2:09'41"98 ; DC    ;  66,040 ;     mV ;       ; 00:42:14
   2:09'42"26 ; DC    ;  66,040 ;     mV ;       ; 00:42:14
   2:09'42"55 ; DC    ;  66,040 ;     mV ;       ; 00:42:15
   2:09'42"83 ; DC    ;  66,050 ;     mV ;       ; 00:42:15
   2:09'43"11 ; DC    ;  66,050 ;     mV ;       ; 00:42:15
   2:09'43"39 ; DC    ;  66,060 ;     mV ;       ; 00:42:16
   2:09'43"65 ; DC    ;  66,050 ;     mV ;       ; 00:42:16
   2:09'43"92 ; DC    ;  66,050 ;     mV ;       ; 00:42:16
   2:09'44"19 ; DC    ;  66,060 ;     mV ;       ; 00:42:16
   2:09'44"47 ; DC    ;  66,060 ;     mV ;       ; 00:42:17
   2:09'44"73 ; DC    ;  66,060 ;     mV ;       ; 00:42:17
   2:09'45"01 ; DC    ;  66,050 ;     mV ;       ; 00:42:17
   2:09'45"30 ; DC    ;  66,060 ;     mV ;       ; 00:42:17
   2:09'45"58 ; DC    ;  66,040 ;     mV ;       ; 00:42:18
   2:09'45"86 ; DC    ;  66,040 ;     mV ;       ; 00:42:18
   2:09'46"14 ; DC    ;  66,050 ;     mV ;       ; 00:42:18
   2:09'46"40 ; DC    ;  66,050 ;     mV ;       ; 00:42:19
   2:09'46"67 ; DC    ;  66,060 ;     mV ;       ; 00:42:19
   2:09'46"95 ; DC    ;  66,060 ;     mV ;       ; 00:42:19
   2:09'47"23 ; DC    ;  66,040 ;     mV ;       ; 00:42:19
   2:09'47"51 ; DC    ;  66,040 ;     mV ;       ; 00:42:20
   2:09'47"79 ; DC    ;  66,040 ;     mV ;       ; 00:42:20
   2:09'48"08 ; DC    ;  66,030 ;     mV ;       ; 00:42:20
   2:09'48"42 ; DC    ;  66,040 ;     mV ;       ; 00:42:21
   2:09'48"68 ; DC    ;  66,040 ;     mV ;       ; 00:42:21
   2:09'48"95 ; DC    ;  66,040 ;     mV ;       ; 00:42:21
   2:09'49"21 ; DC    ;  66,020 ;     mV ;       ; 00:42:21
   2:09'49"53 ; DC    ;  66,030 ;     mV ;       ; 00:42:22
   2:09'49"86 ; DC    ;  66,030 ;     mV ;       ; 00:42:22
   2:09'50"13 ; DC    ;  66,040 ;     mV ;       ; 00:42:22
   2:09'50"41 ; DC    ;  66,040 ;     mV ;       ; 00:42:23
   2:09'50"70 ; DC    ;  66,050 ;     mV ;       ; 00:42:23
   2:09'50"96 ; DC    ;  66,040 ;     mV ;       ; 00:42:23
   2:09'51"24 ; DC    ;  66,050 ;     mV ;       ; 00:42:23
   2:09'51"51 ; DC    ;  66,060 ;     mV ;       ; 00:42:24
   2:09'51"78 ; DC    ;  66,050 ;     mV ;       ; 00:42:24
   2:09'52"11 ; DC    ;  66,050 ;     mV ;       ; 00:42:24
   2:09'52"38 ; DC    ;  66,050 ;     mV ;       ; 00:42:25
   2:09'52"66 ; DC    ;  66,070 ;     mV ;       ; 00:42:25
   2:09'52"93 ; DC    ;  66,070 ;     mV ;       ; 00:42:25
   2:09'53"19 ; DC    ;  66,050 ;     mV ;       ; 00:42:25
   2:09'53"48 ; DC    ;  66,060 ;     mV ;       ; 00:42:26
   2:09'53"77 ; DC    ;  66,070 ;     mV ;       ; 00:42:26
   2:09'54"04 ; DC    ;  66,060 ;     mV ;       ; 00:42:26
   2:09'54"32 ; DC    ;  66,070 ;     mV ;       ; 00:42:26
   2:09'54"61 ; DC    ;  66,070 ;     mV ;       ; 00:42:27
   2:09'54"89 ; DC    ;  66,070 ;     mV ;       ; 00:42:27
   2:09'55"15 ; DC    ;  66,070 ;     mV ;       ; 00:42:27
   2:09'55"41 ; DC    ;  66,060 ;     mV ;       ; 00:42:28
   2:09'55"70 ; DC    ;  66,060 ;     mV ;       ; 00:42:28
   2:09'55"96 ; DC    ;  66,070 ;     mV ;       ; 00:42:28
   2:09'56"25 ; DC    ;  66,070 ;     mV ;       ; 00:42:28
   2:09'56"53 ; DC    ;  66,070 ;     mV ;       ; 00:42:29
   2:09'56"81 ; DC    ;  66,070 ;     mV ;       ; 00:42:29
   2:09'57"07 ; DC    ;  66,070 ;     mV ;       ; 00:42:29
   2:09'57"34 ; DC    ;  66,060 ;     mV ;       ; 00:42:30
   2:09'57"60 ; DC    ;  66,060 ;     mV ;       ; 00:42:30
   2:09'57"88 ; DC    ;  66,060 ;     mV ;       ; 00:42:30
   2:09'58"15 ; DC    ;  66,060 ;     mV ;       ; 00:42:30
   2:09'58"42 ; DC    ;  66,060 ;     mV ;       ; 00:42:31
   2:09'58"71 ; DC    ;  66,040 ;     mV ;       ; 00:42:31
   2:09'58"99 ; DC    ;  66,040 ;     mV ;       ; 00:42:31
   2:09'59"27 ; DC    ;  66,040 ;     mV ;       ; 00:42:31
   2:09'59"53 ; DC    ;  66,070 ;     mV ;       ; 00:42:32
   2:09'59"82 ; DC    ;  66,070 ;     mV ;       ; 00:42:32
   2:10'00"10 ; DC    ;  66,060 ;     mV ;       ; 00:42:32
   2:10'00"37 ; DC    ;  66,060 ;     mV ;       ; 00:42:33
   2:10'00"64 ; DC    ;  66,050 ;     mV ;       ; 00:42:33
   2:10'00"92 ; DC    ;  66,060 ;     mV ;       ; 00:42:33
   2:10'01"18 ; DC    ;  66,040 ;     mV ;       ; 00:42:33
   2:10'01"44 ; DC    ;  66,050 ;     mV ;       ; 00:42:34
   2:10'01"71 ; DC    ;  66,040 ;     mV ;       ; 00:42:34
   2:10'01"99 ; DC    ;  66,050 ;     mV ;       ; 00:42:34
   2:10'02"26 ; DC    ;  66,040 ;     mV ;       ; 00:42:34
   2:10'02"52 ; DC    ;  66,040 ;     mV ;       ; 00:42:35
   2:10'02"82 ; DC    ;  66,020 ;     mV ;       ; 00:42:35
   2:10'03"09 ; DC    ;  66,020 ;     mV ;       ; 00:42:35
   2:10'03"35 ; DC    ;  66,010 ;     mV ;       ; 00:42:36
   2:10'03"62 ; DC    ;  66,020 ;     mV ;       ; 00:42:36
   2:10'03"88 ; DC    ;  66,040 ;     mV ;       ; 00:42:36
   2:10'04"14 ; DC    ;  66,040 ;     mV ;       ; 00:42:36
   2:10'04"42 ; DC    ;  66,040 ;     mV ;       ; 00:42:37
   2:10'04"70 ; DC    ;  66,060 ;     mV ;       ; 00:42:37
   2:10'04"96 ; DC    ;  66,050 ;     mV ;       ; 00:42:37
   2:10'05"24 ; DC    ;  66,050 ;     mV ;       ; 00:42:37
   2:10'05"51 ; DC    ;  66,070 ;     mV ;       ; 00:42:38
   2:10'05"77 ; DC    ;  66,070 ;     mV ;       ; 00:42:38
   2:10'06"05 ; DC    ;  66,050 ;     mV ;       ; 00:42:38
   2:10'06"33 ; DC    ;  66,050 ;     mV ;       ; 00:42:38
   2:10'06"61 ; DC    ;  66,070 ;     mV ;       ; 00:42:39
   2:10'06"87 ; DC    ;  66,080 ;     mV ;       ; 00:42:39
   2:10'07"13 ; DC    ;  66,080 ;     mV ;       ; 00:42:39
   2:10'07"40 ; DC    ;  66,080 ;     mV ;       ; 00:42:40
   2:10'07"66 ; DC    ;  66,080 ;     mV ;       ; 00:42:40
   2:10'07"93 ; DC    ;  66,080 ;     mV ;       ; 00:42:40
   2:10'08"20 ; DC    ;  66,080 ;     mV ;       ; 00:42:40
   2:10'08"48 ; DC    ;  66,080 ;     mV ;       ; 00:42:41
   2:10'08"74 ; DC    ;  66,100 ;     mV ;       ; 00:42:41
   2:10'09"02 ; DC    ;  66,090 ;     mV ;       ; 00:42:41
   2:10'09"30 ; DC    ;  66,110 ;     mV ;       ; 00:42:41
   2:10'09"56 ; DC    ;  66,110 ;     mV ;       ; 00:42:42
   2:10'09"83 ; DC    ;  66,100 ;     mV ;       ; 00:42:42
   2:10'10"09 ; DC    ;  66,100 ;     mV ;       ; 00:42:42
   2:10'10"38 ; DC    ;  66,120 ;     mV ;       ; 00:42:43
   2:10'10"66 ; DC    ;  66,120 ;     mV ;       ; 00:42:43
   2:10'10"93 ; DC    ;  66,120 ;     mV ;       ; 00:42:43
   2:10'11"21 ; DC    ;  66,120 ;     mV ;       ; 00:42:43
   2:10'11"47 ; DC    ;  66,120 ;     mV ;       ; 00:42:44
   2:10'11"75 ; DC    ;  66,130 ;     mV ;       ; 00:42:44
   2:10'12"12 ; DC    ;  66,110 ;     mV ;       ; 00:42:44
   2:10'12"44 ; DC    ;  66,120 ;     mV ;       ; 00:42:45
   2:10'12"75 ; DC    ;  66,120 ;     mV ;       ; 00:42:45
   2:10'13"03 ; DC    ;  66,100 ;     mV ;       ; 00:42:45
   2:10'13"31 ; DC    ;  66,070 ;     mV ;       ; 00:42:45
   2:10'13"57 ; DC    ;  66,070 ;     mV ;       ; 00:42:46
   2:10'13"84 ; DC    ;  66,070 ;     mV ;       ; 00:42:46
   2:10'14"10 ; DC    ;  66,050 ;     mV ;       ; 00:42:46
   2:10'14"37 ; DC    ;  66,050 ;     mV ;       ; 00:42:47
   2:10'14"65 ; DC    ;  66,050 ;     mV ;       ; 00:42:47
   2:10'14"93 ; DC    ;  66,040 ;     mV ;       ; 00:42:47
   2:10'15"23 ; DC    ;  66,040 ;     mV ;       ; 00:42:47
   2:10'15"51 ; DC    ;  66,050 ;     mV ;       ; 00:42:48
   2:10'15"81 ; DC    ;  66,060 ;     mV ;       ; 00:42:48
   2:10'16"10 ; DC    ;  66,060 ;     mV ;       ; 00:42:48
   2:10'16"41 ; DC    ;  66,050 ;     mV ;       ; 00:42:49
   2:10'16"70 ; DC    ;  66,060 ;     mV ;       ; 00:42:49
   2:10'17"02 ; DC    ;  66,060 ;     mV ;       ; 00:42:49
   2:10'17"30 ; DC    ;  66,050 ;     mV ;       ; 00:42:49
   2:10'17"58 ; DC    ;  66,050 ;     mV ;       ; 00:42:50
   2:10'17"92 ; DC    ;  66,070 ;     mV ;       ; 00:42:50
   2:10'18"23 ; DC    ;  66,060 ;     mV ;       ; 00:42:50
   2:10'18"53 ; DC    ;  66,070 ;     mV ;       ; 00:42:51
   2:10'18"84 ; DC    ;  66,070 ;     mV ;       ; 00:42:51
   2:10'19"13 ; DC    ;  66,060 ;     mV ;       ; 00:42:51
   2:10'19"44 ; DC    ;  66,060 ;     mV ;       ; 00:42:52
   2:10'19"73 ; DC    ;  66,060 ;     mV ;       ; 00:42:52
   2:10'20"05 ; DC    ;  66,060 ;     mV ;       ; 00:42:52
   2:10'20"35 ; DC    ;  66,050 ;     mV ;       ; 00:42:53
   2:10'20"63 ; DC    ;  66,050 ;     mV ;       ; 00:42:53
   2:10'20"93 ; DC    ;  66,050 ;     mV ;       ; 00:42:53
   2:10'21"22 ; DC    ;  66,030 ;     mV ;       ; 00:42:53
   2:10'21"52 ; DC    ;  66,050 ;     mV ;       ; 00:42:54
   2:10'21"81 ; DC    ;  66,060 ;     mV ;       ; 00:42:54
   2:10'22"10 ; DC    ;  66,050 ;     mV ;       ; 00:42:54
   2:10'22"42 ; DC    ;  66,050 ;     mV ;       ; 00:42:55
   2:10'22"71 ; DC    ;  66,050 ;     mV ;       ; 00:42:55
   2:10'23"00 ; DC    ;  66,040 ;     mV ;       ; 00:42:55
   2:10'23"30 ; DC    ;  66,040 ;     mV ;       ; 00:42:55
   2:10'23"59 ; DC    ;  66,040 ;     mV ;       ; 00:42:56
   2:10'23"89 ; DC    ;  66,050 ;     mV ;       ; 00:42:56
   2:10'24"19 ; DC    ;  66,060 ;     mV ;       ; 00:42:56
   2:10'24"48 ; DC    ;  66,040 ;     mV ;       ; 00:42:57
   2:10'24"78 ; DC    ;  66,050 ;     mV ;       ; 00:42:57
   2:10'25"07 ; DC    ;  66,040 ;     mV ;       ; 00:42:57
   2:10'25"37 ; DC    ;  66,040 ;     mV ;       ; 00:42:58
   2:10'25"68 ; DC    ;  66,040 ;     mV ;       ; 00:42:58
   2:10'25"98 ; DC    ;  66,050 ;     mV ;       ; 00:42:58
   2:10'26"28 ; DC    ;  66,060 ;     mV ;       ; 00:42:58
   2:10'26"57 ; DC    ;  66,060 ;     mV ;       ; 00:42:59
   2:10'26"85 ; DC    ;  66,060 ;     mV ;       ; 00:42:59
   2:10'27"14 ; DC    ;  66,060 ;     mV ;       ; 00:42:59
   2:10'27"40 ; DC    ;  66,060 ;     mV ;       ; 00:43:00
   2:10'27"66 ; DC    ;  66,050 ;     mV ;       ; 00:43:00
   2:10'27"97 ; DC    ;  66,050 ;     mV ;       ; 00:43:00
   2:10'28"32 ; DC    ;  66,010 ;     mV ;       ; 00:43:00
   2:10'28"62 ; DC    ;  66,020 ;     mV ;       ; 00:43:01
   2:10'28"90 ; DC    ;  66,020 ;     mV ;       ; 00:43:01
   2:10'29"20 ; DC    ;  66,010 ;     mV ;       ; 00:43:01
   2:10'29"56 ; DC    ;  66,030 ;     mV ;       ; 00:43:02
   2:10'29"86 ; DC    ;  66,030 ;     mV ;       ; 00:43:02
   2:10'30"16 ; DC    ;  66,020 ;     mV ;       ; 00:43:02
   2:10'30"47 ; DC    ;  66,020 ;     mV ;       ; 00:43:03
   2:10'30"75 ; DC    ;  66,020 ;     mV ;       ; 00:43:03
   2:10'31"03 ; DC    ;  66,020 ;     mV ;       ; 00:43:03
   2:10'31"31 ; DC    ;  66,030 ;     mV ;       ; 00:43:03
   2:10'31"57 ; DC    ;  66,030 ;     mV ;       ; 00:43:04
   2:10'31"84 ; DC    ;  66,020 ;     mV ;       ; 00:43:04
   2:10'32"11 ; DC    ;  66,040 ;     mV ;       ; 00:43:04
   2:10'32"39 ; DC    ;  66,040 ;     mV ;       ; 00:43:05
   2:10'32"67 ; DC    ;  66,060 ;     mV ;       ; 00:43:05
   2:10'32"94 ; DC    ;  66,060 ;     mV ;       ; 00:43:05
   2:10'33"22 ; DC    ;  66,050 ;     mV ;       ; 00:43:05
   2:10'33"50 ; DC    ;  66,070 ;     mV ;       ; 00:43:06
   2:10'33"93 ; DC    ;  66,060 ;     mV ;       ; 00:43:06
   2:10'34"24 ; DC    ;  66,030 ;     mV ;       ; 00:43:06
   2:10'34"50 ; DC    ;  66,010 ;     mV ;       ; 00:43:07
   2:10'34"78 ; DC    ;  66,000 ;     mV ;       ; 00:43:07
   2:10'35"06 ; DC    ;  66,020 ;     mV ;       ; 00:43:07
   2:10'35"34 ; DC    ;  66,030 ;     mV ;       ; 00:43:08
   2:10'35"61 ; DC    ;  66,030 ;     mV ;       ; 00:43:08
   2:10'35"89 ; DC    ;  66,010 ;     mV ;       ; 00:43:08
   2:10'36"16 ; DC    ;  66,010 ;     mV ;       ; 00:43:08
   2:10'36"42 ; DC    ;  66,010 ;     mV ;       ; 00:43:09
   2:10'36"72 ; DC    ;  66,010 ;     mV ;       ; 00:43:09
   2:10'37"02 ; DC    ;  66,010 ;     mV ;       ; 00:43:09
   2:10'37"31 ; DC    ;  66,010 ;     mV ;       ; 00:43:09
   2:10'37"60 ; DC    ;  66,010 ;     mV ;       ; 00:43:10
   2:10'37"88 ; DC    ;  66,020 ;     mV ;       ; 00:43:10
   2:10'38"17 ; DC    ;  66,030 ;     mV ;       ; 00:43:10
   2:10'38"47 ; DC    ;  66,030 ;     mV ;       ; 00:43:11
   2:10'38"77 ; DC    ;  66,030 ;     mV ;       ; 00:43:11
   2:10'39"05 ; DC    ;  66,020 ;     mV ;       ; 00:43:11
   2:10'39"35 ; DC    ;  66,020 ;     mV ;       ; 00:43:12
   2:10'39"64 ; DC    ;  66,030 ;     mV ;       ; 00:43:12
   2:10'39"93 ; DC    ;  66,030 ;     mV ;       ; 00:43:12
   2:10'40"20 ; DC    ;  66,030 ;     mV ;       ; 00:43:12
   2:10'40"49 ; DC    ;  66,030 ;     mV ;       ; 00:43:13
   2:10'40"77 ; DC    ;  66,030 ;     mV ;       ; 00:43:13
   2:10'41"04 ; DC    ;  66,040 ;     mV ;       ; 00:43:13
   2:10'41"31 ; DC    ;  66,030 ;     mV ;       ; 00:43:13
   2:10'41"60 ; DC    ;  66,040 ;     mV ;       ; 00:43:14
   2:10'41"87 ; DC    ;  66,030 ;     mV ;       ; 00:43:14
   2:10'42"15 ; DC    ;  66,040 ;     mV ;       ; 00:43:14
   2:10'42"43 ; DC    ;  66,050 ;     mV ;       ; 00:43:15
   2:10'42"70 ; DC    ;  66,050 ;     mV ;       ; 00:43:15
   2:10'42"96 ; DC    ;  66,050 ;     mV ;       ; 00:43:15
   2:10'43"23 ; DC    ;  66,050 ;     mV ;       ; 00:43:15
   2:10'43"51 ; DC    ;  66,060 ;     mV ;       ; 00:43:16
   2:10'43"79 ; DC    ;  66,050 ;     mV ;       ; 00:43:16
   2:10'44"07 ; DC    ;  66,050 ;     mV ;       ; 00:43:16
   2:10'44"34 ; DC    ;  66,040 ;     mV ;       ; 00:43:17
   2:10'44"62 ; DC    ;  66,040 ;     mV ;       ; 00:43:17
   2:10'44"92 ; DC    ;  66,050 ;     mV ;       ; 00:43:17
   2:10'45"19 ; DC    ;  66,030 ;     mV ;       ; 00:43:17
   2:10'45"47 ; DC    ;  66,040 ;     mV ;       ; 00:43:18
   2:10'45"75 ; DC    ;  66,030 ;     mV ;       ; 00:43:18
   2:10'46"03 ; DC    ;  66,030 ;     mV ;       ; 00:43:18
   2:10'46"31 ; DC    ;  66,030 ;     mV ;       ; 00:43:18
   2:10'46"59 ; DC    ;  66,030 ;     mV ;       ; 00:43:19
   2:10'46"87 ; DC    ;  66,040 ;     mV ;       ; 00:43:19
   2:10'47"15 ; DC    ;  66,030 ;     mV ;       ; 00:43:19
   2:10'47"43 ; DC    ;  66,040 ;     mV ;       ; 00:43:20
   2:10'47"71 ; DC    ;  66,060 ;     mV ;       ; 00:43:20
   2:10'47"98 ; DC    ;  66,050 ;     mV ;       ; 00:43:20
   2:10'48"24 ; DC    ;  66,050 ;     mV ;       ; 00:43:20
   2:10'48"50 ; DC    ;  66,050 ;     mV ;       ; 00:43:21
   2:10'48"78 ; DC    ;  66,050 ;     mV ;       ; 00:43:21
   2:10'49"04 ; DC    ;  66,040 ;     mV ;       ; 00:43:21
   2:10'49"31 ; DC    ;  66,040 ;     mV ;       ; 00:43:21
   2:10'49"57 ; DC    ;  66,040 ;     mV ;       ; 00:43:22
   2:10'49"85 ; DC    ;  66,050 ;     mV ;       ; 00:43:22
   2:10'50"11 ; DC    ;  66,040 ;     mV ;       ; 00:43:22
   2:10'50"39 ; DC    ;  66,050 ;     mV ;       ; 00:43:23
   2:10'50"67 ; DC    ;  66,030 ;     mV ;       ; 00:43:23
   2:10'50"93 ; DC    ;  66,030 ;     mV ;       ; 00:43:23
   2:10'51"21 ; DC    ;  66,020 ;     mV ;       ; 00:43:23
   2:10'51"49 ; DC    ;  66,040 ;     mV ;       ; 00:43:24
   2:10'51"76 ; DC    ;  66,040 ;     mV ;       ; 00:43:24
   2:10'52"02 ; DC    ;  66,030 ;     mV ;       ; 00:43:24
   2:10'52"30 ; DC    ;  66,030 ;     mV ;       ; 00:43:24
   2:10'52"58 ; DC    ;  66,050 ;     mV ;       ; 00:43:25
   2:10'52"85 ; DC    ;  66,040 ;     mV ;       ; 00:43:25
   2:10'53"13 ; DC    ;  66,040 ;     mV ;       ; 00:43:25
   2:10'53"40 ; DC    ;  66,040 ;     mV ;       ; 00:43:26
   2:10'53"67 ; DC    ;  66,040 ;     mV ;       ; 00:43:26
   2:10'53"95 ; DC    ;  66,030 ;     mV ;       ; 00:43:26
   2:10'54"21 ; DC    ;  66,020 ;     mV ;       ; 00:43:26
   2:10'54"48 ; DC    ;  66,040 ;     mV ;       ; 00:43:27
   2:10'54"74 ; DC    ;  66,040 ;     mV ;       ; 00:43:27
   2:10'55"02 ; DC    ;  66,040 ;     mV ;       ; 00:43:27
   2:10'55"31 ; DC    ;  66,040 ;     mV ;       ; 00:43:27
   2:10'55"59 ; DC    ;  66,040 ;     mV ;       ; 00:43:28
   2:10'55"86 ; DC    ;  66,040 ;     mV ;       ; 00:43:28
   2:10'56"13 ; DC    ;  66,040 ;     mV ;       ; 00:43:28
   2:10'56"39 ; DC    ;  66,040 ;     mV ;       ; 00:43:29
   2:10'56"68 ; DC    ;  66,040 ;     mV ;       ; 00:43:29
   2:10'56"96 ; DC    ;  66,050 ;     mV ;       ; 00:43:29
   2:10'57"24 ; DC    ;  66,030 ;     mV ;       ; 00:43:29
   2:10'57"51 ; DC    ;  66,020 ;     mV ;       ; 00:43:30
   2:10'57"79 ; DC    ;  66,020 ;     mV ;       ; 00:43:30
   2:10'58"07 ; DC    ;  66,030 ;     mV ;       ; 00:43:30
   2:10'58"37 ; DC    ;  66,030 ;     mV ;       ; 00:43:31
   2:10'58"67 ; DC    ;  66,010 ;     mV ;       ; 00:43:31
   2:10'58"95 ; DC    ;  66,000 ;     mV ;       ; 00:43:31
   2:10'59"25 ; DC    ;  66,000 ;     mV ;       ; 00:43:31
   2:10'59"52 ; DC    ;  66,020 ;     mV ;       ; 00:43:32
   2:10'59"81 ; DC    ;  66,020 ;     mV ;       ; 00:43:32
   2:11'00"09 ; DC    ;  66,010 ;     mV ;       ; 00:43:32
   2:11'00"40 ; DC    ;  66,020 ;     mV ;       ; 00:43:33
   2:11'00"68 ; DC    ;  65,990 ;     mV ;       ; 00:43:33
   2:11'00"95 ; DC    ;  65,980 ;     mV ;       ; 00:43:33
   2:11'01"22 ; DC    ;  65,980 ;     mV ;       ; 00:43:33
   2:11'01"49 ; DC    ;  66,010 ;     mV ;       ; 00:43:34
   2:11'01"79 ; DC    ;  66,020 ;     mV ;       ; 00:43:34
   2:11'02"06 ; DC    ;  66,010 ;     mV ;       ; 00:43:34
   2:11'02"35 ; DC    ;  66,010 ;     mV ;       ; 00:43:35
   2:11'02"61 ; DC    ;  66,010 ;     mV ;       ; 00:43:35
   2:11'02"89 ; DC    ;  66,010 ;     mV ;       ; 00:43:35
   2:11'03"17 ; DC    ;  66,020 ;     mV ;       ; 00:43:35
   2:11'03"44 ; DC    ;  66,020 ;     mV ;       ; 00:43:36
   2:11'03"71 ; DC    ;  66,020 ;     mV ;       ; 00:43:36
   2:11'03"98 ; DC    ;  66,020 ;     mV ;       ; 00:43:36
   2:11'04"25 ; DC    ;  66,050 ;     mV ;       ; 00:43:36
   2:11'04"52 ; DC    ;  66,040 ;     mV ;       ; 00:43:37
   2:11'04"79 ; DC    ;  66,050 ;     mV ;       ; 00:43:37
   2:11'05"05 ; DC    ;  66,040 ;     mV ;       ; 00:43:37
   2:11'05"33 ; DC    ;  66,020 ;     mV ;       ; 00:43:38
   2:11'05"61 ; DC    ;  66,020 ;     mV ;       ; 00:43:38
   2:11'05"90 ; DC    ;  66,040 ;     mV ;       ; 00:43:38
   2:11'06"17 ; DC    ;  66,040 ;     mV ;       ; 00:43:38
   2:11'06"45 ; DC    ;  66,040 ;     mV ;       ; 00:43:39
   2:11'06"71 ; DC    ;  66,040 ;     mV ;       ; 00:43:39
   2:11'06"98 ; DC    ;  66,040 ;     mV ;       ; 00:43:39
   2:11'07"24 ; DC    ;  66,040 ;     mV ;       ; 00:43:39
   2:11'07"51 ; DC    ;  66,060 ;     mV ;       ; 00:43:40
   2:11'07"79 ; DC    ;  66,060 ;     mV ;       ; 00:43:40
   2:11'08"08 ; DC    ;  66,050 ;     mV ;       ; 00:43:40
   2:11'08"36 ; DC    ;  66,050 ;     mV ;       ; 00:43:41
   2:11'08"65 ; DC    ;  66,060 ;     mV ;       ; 00:43:41
   2:11'08"98 ; DC    ;  66,050 ;     mV ;       ; 00:43:41
   2:11'09"31 ; DC    ;  66,050 ;     mV ;       ; 00:43:41
   2:11'09"62 ; DC    ;  66,070 ;     mV ;       ; 00:43:42
   2:11'09"92 ; DC    ;  66,080 ;     mV ;       ; 00:43:42
   2:11'10"20 ; DC    ;  66,060 ;     mV ;       ; 00:43:42
   2:11'10"47 ; DC    ;  66,030 ;     mV ;       ; 00:43:43
   2:11'10"74 ; DC    ;  66,040 ;     mV ;       ; 00:43:43
   2:11'11"02 ; DC    ;  66,050 ;     mV ;       ; 00:43:43
   2:11'11"30 ; DC    ;  66,050 ;     mV ;       ; 00:43:43
   2:11'11"57 ; DC    ;  66,050 ;     mV ;       ; 00:43:44
   2:11'11"83 ; DC    ;  66,060 ;     mV ;       ; 00:43:44
   2:11'12"10 ; DC    ;  66,060 ;     mV ;       ; 00:43:44
   2:11'12"38 ; DC    ;  66,040 ;     mV ;       ; 00:43:45
   2:11'12"66 ; DC    ;  66,020 ;     mV ;       ; 00:43:45
   2:11'12"94 ; DC    ;  66,010 ;     mV ;       ; 00:43:45
   2:11'13"20 ; DC    ;  66,010 ;     mV ;       ; 00:43:45
   2:11'13"46 ; DC    ;  66,000 ;     mV ;       ; 00:43:46
   2:11'13"75 ; DC    ;  66,000 ;     mV ;       ; 00:43:46
   2:11'14"05 ; DC    ;  66,020 ;     mV ;       ; 00:43:46
   2:11'14"36 ; DC    ;  66,030 ;     mV ;       ; 00:43:47
   2:11'14"73 ; DC    ;  66,020 ;     mV ;       ; 00:43:47
   2:11'15"03 ; DC    ;  66,030 ;     mV ;       ; 00:43:47
   2:11'15"36 ; DC    ;  66,020 ;     mV ;       ; 00:43:48
   2:11'15"68 ; DC    ;  66,020 ;     mV ;       ; 00:43:48
   2:11'15"99 ; DC    ;  66,040 ;     mV ;       ; 00:43:48
   2:11'16"32 ; DC    ;  66,050 ;     mV ;       ; 00:43:48
   2:11'16"63 ; DC    ;  66,040 ;     mV ;       ; 00:43:49
   2:11'16"92 ; DC    ;  66,030 ;     mV ;       ; 00:43:49
   2:11'17"20 ; DC    ;  66,030 ;     mV ;       ; 00:43:49
   2:11'17"48 ; DC    ;  66,030 ;     mV ;       ; 00:43:50
   2:11'17"75 ; DC    ;  66,040 ;     mV ;       ; 00:43:50
   2:11'18"05 ; DC    ;  66,040 ;     mV ;       ; 00:43:50
   2:11'18"33 ; DC    ;  66,050 ;     mV ;       ; 00:43:51
   2:11'18"63 ; DC    ;  66,030 ;     mV ;       ; 00:43:51
   2:11'18"92 ; DC    ;  66,040 ;     mV ;       ; 00:43:51
   2:11'19"22 ; DC    ;  66,030 ;     mV ;       ; 00:43:51
   2:11'19"50 ; DC    ;  66,020 ;     mV ;       ; 00:43:52
   2:11'19"78 ; DC    ;  66,030 ;     mV ;       ; 00:43:52
   2:11'20"04 ; DC    ;  66,030 ;     mV ;       ; 00:43:52
   2:11'20"32 ; DC    ;  66,050 ;     mV ;       ; 00:43:52
   2:11'20"60 ; DC    ;  66,050 ;     mV ;       ; 00:43:53
   2:11'20"89 ; DC    ;  66,050 ;     mV ;       ; 00:43:53
   2:11'21"17 ; DC    ;  66,050 ;     mV ;       ; 00:43:53
   2:11'21"45 ; DC    ;  66,050 ;     mV ;       ; 00:43:54
   2:11'21"72 ; DC    ;  66,050 ;     mV ;       ; 00:43:54
   2:11'22"02 ; DC    ;  66,050 ;     mV ;       ; 00:43:54
   2:11'22"33 ; DC    ;  66,060 ;     mV ;       ; 00:43:54
   2:11'22"68 ; DC    ;  66,040 ;     mV ;       ; 00:43:55
   2:11'23"00 ; DC    ;  66,040 ;     mV ;       ; 00:43:55
   2:11'23"34 ; DC    ;  66,040 ;     mV ;       ; 00:43:56
   2:11'23"66 ; DC    ;  66,070 ;     mV ;       ; 00:43:56
   2:11'23"95 ; DC    ;  66,070 ;     mV ;       ; 00:43:56
   2:11'24"26 ; DC    ;  66,080 ;     mV ;       ; 00:43:56
   2:11'24"59 ; DC    ;  66,070 ;     mV ;       ; 00:43:57
   2:11'24"88 ; DC    ;  66,080 ;     mV ;       ; 00:43:57
   2:11'25"18 ; DC    ;  66,070 ;     mV ;       ; 00:43:57
   2:11'25"46 ; DC    ;  66,080 ;     mV ;       ; 00:43:58
   2:11'25"76 ; DC    ;  66,070 ;     mV ;       ; 00:43:58
   2:11'26"06 ; DC    ;  66,070 ;     mV ;       ; 00:43:58
   2:11'26"34 ; DC    ;  66,060 ;     mV ;       ; 00:43:59
   2:11'26"61 ; DC    ;  66,060 ;     mV ;       ; 00:43:59
   2:11'26"89 ; DC    ;  66,070 ;     mV ;       ; 00:43:59
   2:11'27"17 ; DC    ;  66,070 ;     mV ;       ; 00:43:59
   2:11'27"47 ; DC    ;  66,060 ;     mV ;       ; 00:44:00
   2:11'27"75 ; DC    ;  66,050 ;     mV ;       ; 00:44:00
   2:11'28"03 ; DC    ;  66,050 ;     mV ;       ; 00:44:00
   2:11'28"33 ; DC    ;  66,060 ;     mV ;       ; 00:44:00
   2:11'28"62 ; DC    ;  66,060 ;     mV ;       ; 00:44:01
   2:11'28"90 ; DC    ;  66,060 ;     mV ;       ; 00:44:01
   2:11'29"18 ; DC    ;  66,080 ;     mV ;       ; 00:44:01
   2:11'29"46 ; DC    ;  66,070 ;     mV ;       ; 00:44:02
   2:11'29"74 ; DC    ;  66,060 ;     mV ;       ; 00:44:02
   2:11'30"00 ; DC    ;  66,060 ;     mV ;       ; 00:44:02
   2:11'30"27 ; DC    ;  66,060 ;     mV ;       ; 00:44:02
   2:11'30"56 ; DC    ;  66,050 ;     mV ;       ; 00:44:03
   2:11'30"85 ; DC    ;  66,060 ;     mV ;       ; 00:44:03
   2:11'31"13 ; DC    ;  66,060 ;     mV ;       ; 00:44:03
   2:11'31"40 ; DC    ;  66,040 ;     mV ;       ; 00:44:04
   2:11'31"66 ; DC    ;  66,050 ;     mV ;       ; 00:44:04
   2:11'31"94 ; DC    ;  66,050 ;     mV ;       ; 00:44:04
   2:11'32"21 ; DC    ;  66,050 ;     mV ;       ; 00:44:04
   2:11'32"48 ; DC    ;  66,060 ;     mV ;       ; 00:44:05
   2:11'32"76 ; DC    ;  66,070 ;     mV ;       ; 00:44:05
   2:11'33"03 ; DC    ;  66,060 ;     mV ;       ; 00:44:05
   2:11'33"32 ; DC    ;  66,060 ;     mV ;       ; 00:44:05
   2:11'33"60 ; DC    ;  66,050 ;     mV ;       ; 00:44:06
   2:11'33"88 ; DC    ;  66,060 ;     mV ;       ; 00:44:06
   2:11'34"15 ; DC    ;  66,060 ;     mV ;       ; 00:44:06
   2:11'34"43 ; DC    ;  66,060 ;     mV ;       ; 00:44:07
   2:11'34"72 ; DC    ;  66,040 ;     mV ;       ; 00:44:07
   2:11'34"99 ; DC    ;  66,060 ;     mV ;       ; 00:44:07
   2:11'35"28 ; DC    ;  66,060 ;     mV ;       ; 00:44:07
   2:11'35"56 ; DC    ;  66,050 ;     mV ;       ; 00:44:08
   2:11'35"83 ; DC    ;  66,050 ;     mV ;       ; 00:44:08
   2:11'36"10 ; DC    ;  66,080 ;     mV ;       ; 00:44:08
   2:11'36"39 ; DC    ;  66,080 ;     mV ;       ; 00:44:09
   2:11'36"67 ; DC    ;  66,070 ;     mV ;       ; 00:44:09
   2:11'36"95 ; DC    ;  66,070 ;     mV ;       ; 00:44:09
   2:11'37"23 ; DC    ;  66,080 ;     mV ;       ; 00:44:09
   2:11'37"51 ; DC    ;  66,080 ;     mV ;       ; 00:44:10
   2:11'37"77 ; DC    ;  66,080 ;     mV ;       ; 00:44:10
   2:11'38"04 ; DC    ;  66,080 ;     mV ;       ; 00:44:10
   2:11'38"32 ; DC    ;  66,080 ;     mV ;       ; 00:44:10
   2:11'38"59 ; DC    ;  66,070 ;     mV ;       ; 00:44:11
   2:11'38"88 ; DC    ;  66,080 ;     mV ;       ; 00:44:11
   2:11'39"16 ; DC    ;  66,090 ;     mV ;       ; 00:44:11
   2:11'39"44 ; DC    ;  66,080 ;     mV ;       ; 00:44:12
   2:11'39"72 ; DC    ;  66,090 ;     mV ;       ; 00:44:12
   2:11'39"99 ; DC    ;  66,090 ;     mV ;       ; 00:44:12
   2:11'40"28 ; DC    ;  66,080 ;     mV ;       ; 00:44:12
   2:11'40"56 ; DC    ;  66,100 ;     mV ;       ; 00:44:13
   2:11'40"82 ; DC    ;  66,090 ;     mV ;       ; 00:44:13
   2:11'41"08 ; DC    ;  66,090 ;     mV ;       ; 00:44:13
   2:11'41"35 ; DC    ;  66,090 ;     mV ;       ; 00:44:14
   2:11'41"63 ; DC    ;  66,080 ;     mV ;       ; 00:44:14
   2:11'41"90 ; DC    ;  66,100 ;     mV ;       ; 00:44:14
   2:11'42"16 ; DC    ;  66,100 ;     mV ;       ; 00:44:14
   2:11'42"44 ; DC    ;  66,090 ;     mV ;       ; 00:44:15
   2:11'42"72 ; DC    ;  66,090 ;     mV ;       ; 00:44:15
   2:11'42"99 ; DC    ;  66,080 ;     mV ;       ; 00:44:15
   2:11'43"27 ; DC    ;  66,080 ;     mV ;       ; 00:44:15
   2:11'43"55 ; DC    ;  66,070 ;     mV ;       ; 00:44:16
   2:11'43"84 ; DC    ;  66,090 ;     mV ;       ; 00:44:16
   2:11'44"12 ; DC    ;  66,090 ;     mV ;       ; 00:44:16
   2:11'44"38 ; DC    ;  66,070 ;     mV ;       ; 00:44:17
   2:11'44"65 ; DC    ;  66,070 ;     mV ;       ; 00:44:17
   2:11'44"94 ; DC    ;  66,060 ;     mV ;       ; 00:44:17
   2:11'45"22 ; DC    ;  66,070 ;     mV ;       ; 00:44:17
   2:11'45"50 ; DC    ;  66,070 ;     mV ;       ; 00:44:18
   2:11'45"78 ; DC    ;  66,060 ;     mV ;       ; 00:44:18
   2:11'46"06 ; DC    ;  66,050 ;     mV ;       ; 00:44:18
   2:11'46"35 ; DC    ;  66,050 ;     mV ;       ; 00:44:19
   2:11'46"62 ; DC    ;  66,070 ;     mV ;       ; 00:44:19
   2:11'46"91 ; DC    ;  66,070 ;     mV ;       ; 00:44:19
   2:11'47"19 ; DC    ;  66,060 ;     mV ;       ; 00:44:19
   2:11'47"49 ; DC    ;  66,070 ;     mV ;       ; 00:44:20
   2:11'47"77 ; DC    ;  66,080 ;     mV ;       ; 00:44:20
   2:11'48"04 ; DC    ;  66,080 ;     mV ;       ; 00:44:20
   2:11'48"32 ; DC    ;  66,080 ;     mV ;       ; 00:44:20
   2:11'48"62 ; DC    ;  66,080 ;     mV ;       ; 00:44:21
   2:11'48"92 ; DC    ;  66,100 ;     mV ;       ; 00:44:21
   2:11'49"20 ; DC    ;  66,090 ;     mV ;       ; 00:44:21
   2:11'49"49 ; DC    ;  66,070 ;     mV ;       ; 00:44:22
   2:11'49"77 ; DC    ;  66,070 ;     mV ;       ; 00:44:22
   2:11'50"06 ; DC    ;  66,090 ;     mV ;       ; 00:44:22
   2:11'50"36 ; DC    ;  66,070 ;     mV ;       ; 00:44:23
   2:11'50"66 ; DC    ;  66,070 ;     mV ;       ; 00:44:23
   2:11'50"94 ; DC    ;  66,080 ;     mV ;       ; 00:44:23
   2:11'51"22 ; DC    ;  66,070 ;     mV ;       ; 00:44:23
   2:11'51"50 ; DC    ;  66,080 ;     mV ;       ; 00:44:24
   2:11'51"78 ; DC    ;  66,070 ;     mV ;       ; 00:44:24
   2:11'52"06 ; DC    ;  66,070 ;     mV ;       ; 00:44:24
   2:11'52"34 ; DC    ;  66,070 ;     mV ;       ; 00:44:25
   2:11'52"62 ; DC    ;  66,050 ;     mV ;       ; 00:44:25
   2:11'52"90 ; DC    ;  66,050 ;     mV ;       ; 00:44:25
   2:11'53"19 ; DC    ;  66,050 ;     mV ;       ; 00:44:25
   2:11'53"47 ; DC    ;  66,050 ;     mV ;       ; 00:44:26
   2:11'53"73 ; DC    ;  66,050 ;     mV ;       ; 00:44:26
   2:11'54"01 ; DC    ;  66,060 ;     mV ;       ; 00:44:26
   2:11'54"28 ; DC    ;  66,050 ;     mV ;       ; 00:44:26
   2:11'54"54 ; DC    ;  66,050 ;     mV ;       ; 00:44:27
   2:11'54"82 ; DC    ;  66,060 ;     mV ;       ; 00:44:27
   2:11'55"08 ; DC    ;  66,070 ;     mV ;       ; 00:44:27
   2:11'55"40 ; DC    ;  66,060 ;     mV ;       ; 00:44:28
   2:11'55"66 ; DC    ;  66,070 ;     mV ;       ; 00:44:28
   2:11'55"93 ; DC    ;  66,070 ;     mV ;       ; 00:44:28
   2:11'56"19 ; DC    ;  66,030 ;     mV ;       ; 00:44:28
   2:11'56"47 ; DC    ;  66,030 ;     mV ;       ; 00:44:29
   2:11'56"77 ; DC    ;  66,040 ;     mV ;       ; 00:44:29
   2:11'57"05 ; DC    ;  66,060 ;     mV ;       ; 00:44:29
   2:11'57"34 ; DC    ;  66,050 ;     mV ;       ; 00:44:30
   2:11'57"62 ; DC    ;  66,050 ;     mV ;       ; 00:44:30
   2:11'57"90 ; DC    ;  66,050 ;     mV ;       ; 00:44:30
   2:11'58"18 ; DC    ;  66,040 ;     mV ;       ; 00:44:30
   2:11'58"46 ; DC    ;  66,040 ;     mV ;       ; 00:44:31
   2:11'58"76 ; DC    ;  66,050 ;     mV ;       ; 00:44:31
   2:11'59"04 ; DC    ;  66,040 ;     mV ;       ; 00:44:31
   2:11'59"32 ; DC    ;  66,040 ;     mV ;       ; 00:44:31
   2:11'59"60 ; DC    ;  66,060 ;     mV ;       ; 00:44:32
   2:11'59"89 ; DC    ;  66,060 ;     mV ;       ; 00:44:32
   2:12'00"19 ; DC    ;  66,060 ;     mV ;       ; 00:44:32
   2:12'00"47 ; DC    ;  66,060 ;     mV ;       ; 00:44:33
   2:12'00"75 ; DC    ;  66,060 ;     mV ;       ; 00:44:33
   2:12'01"03 ; DC    ;  66,060 ;     mV ;       ; 00:44:33
   2:12'01"32 ; DC    ;  66,060 ;     mV ;       ; 00:44:33
   2:12'01"60 ; DC    ;  66,100 ;     mV ;       ; 00:44:34
   2:12'01"89 ; DC    ;  66,100 ;     mV ;       ; 00:44:34
   2:12'02"17 ; DC    ;  66,080 ;     mV ;       ; 00:44:34
   2:12'02"45 ; DC    ;  66,100 ;     mV ;       ; 00:44:35
   2:12'02"73 ; DC    ;  66,070 ;     mV ;       ; 00:44:35
   2:12'02"99 ; DC    ;  66,080 ;     mV ;       ; 00:44:35
   2:12'03"26 ; DC    ;  66,090 ;     mV ;       ; 00:44:35
   2:12'03"52 ; DC    ;  66,090 ;     mV ;       ; 00:44:36
   2:12'03"88 ; DC    ;  66,090 ;     mV ;       ; 00:44:36
   2:12'04"14 ; DC    ;  66,100 ;     mV ;       ; 00:44:36
   2:12'04"40 ; DC    ;  66,110 ;     mV ;       ; 00:44:37
   2:12'04"67 ; DC    ;  66,110 ;     mV ;       ; 00:44:37
   2:12'04"93 ; DC    ;  66,130 ;     mV ;       ; 00:44:37
   2:12'05"18 ; DC    ;  66,130 ;     mV ;       ; 00:44:37
   2:12'05"43 ; DC    ;  66,130 ;     mV ;       ; 00:44:38
   2:12'05"69 ; DC    ;  66,140 ;     mV ;       ; 00:44:38
   2:12'05"95 ; DC    ;  66,130 ;     mV ;       ; 00:44:38
   2:12'06"19 ; DC    ;  66,120 ;     mV ;       ; 00:44:38
   2:12'06"45 ; DC    ;  66,120 ;     mV ;       ; 00:44:39
   2:12'06"72 ; DC    ;  66,120 ;     mV ;       ; 00:44:39
   2:12'06"98 ; DC    ;  66,120 ;     mV ;       ; 00:44:39
   2:12'07"25 ; DC    ;  66,130 ;     mV ;       ; 00:44:39
   2:12'07"53 ; DC    ;  66,110 ;     mV ;       ; 00:44:40
   2:12'07"80 ; DC    ;  66,130 ;     mV ;       ; 00:44:40
   2:12'08"06 ; DC    ;  66,110 ;     mV ;       ; 00:44:40
   2:12'08"32 ; DC    ;  66,110 ;     mV ;       ; 00:44:40
   2:12'08"58 ; DC    ;  66,110 ;     mV ;       ; 00:44:41
   2:12'08"84 ; DC    ;  66,100 ;     mV ;       ; 00:44:41
   2:12'09"11 ; DC    ;  66,100 ;     mV ;       ; 00:44:41
   2:12'09"39 ; DC    ;  66,100 ;     mV ;       ; 00:44:42
   2:12'09"67 ; DC    ;  66,100 ;     mV ;       ; 00:44:42
   2:12'09"96 ; DC    ;  66,100 ;     mV ;       ; 00:44:42
   2:12'10"28 ; DC    ;  66,090 ;     mV ;       ; 00:44:42
   2:12'10"68 ; DC    ;  66,090 ;     mV ;       ; 00:44:43
   2:12'10"94 ; DC    ;  66,090 ;     mV ;       ; 00:44:43
   2:12'11"19 ; DC    ;  66,100 ;     mV ;       ; 00:44:43
   2:12'11"51 ; DC    ;  66,100 ;     mV ;       ; 00:44:44
   2:12'11"78 ; DC    ;  66,110 ;     mV ;       ; 00:44:44
   2:12'12"04 ; DC    ;  66,110 ;     mV ;       ; 00:44:44
   2:12'12"29 ; DC    ;  66,110 ;     mV ;       ; 00:44:44
   2:12'12"54 ; DC    ;  66,110 ;     mV ;       ; 00:44:45
   2:12'12"79 ; DC    ;  66,100 ;     mV ;       ; 00:44:45
   2:12'13"03 ; DC    ;  66,110 ;     mV ;       ; 00:44:45
   2:12'13"33 ; DC    ;  66,110 ;     mV ;       ; 00:44:46
   2:12'13"60 ; DC    ;  66,070 ;     mV ;       ; 00:44:46
   2:12'13"86 ; DC    ;  66,070 ;     mV ;       ; 00:44:46
   2:12'14"12 ; DC    ;  66,070 ;     mV ;       ; 00:44:46
   2:12'14"37 ; DC    ;  66,080 ;     mV ;       ; 00:44:47
   2:12'14"62 ; DC    ;  66,100 ;     mV ;       ; 00:44:47
   2:12'14"87 ; DC    ;  66,090 ;     mV ;       ; 00:44:47
   2:12'15"13 ; DC    ;  66,070 ;     mV ;       ; 00:44:47
   2:12'15"38 ; DC    ;  66,070 ;     mV ;       ; 00:44:48
   2:12'15"64 ; DC    ;  66,090 ;     mV ;       ; 00:44:48
   2:12'15"90 ; DC    ;  66,090 ;     mV ;       ; 00:44:48
   2:12'16"15 ; DC    ;  66,070 ;     mV ;       ; 00:44:48
   2:12'16"40 ; DC    ;  66,080 ;     mV ;       ; 00:44:49
   2:12'16"64 ; DC    ;  66,080 ;     mV ;       ; 00:44:49
   2:12'16"91 ; DC    ;  66,090 ;     mV ;       ; 00:44:49
   2:12'17"17 ; DC    ;  66,090 ;     mV ;       ; 00:44:49
   2:12'17"43 ; DC    ;  66,090 ;     mV ;       ; 00:44:50
   2:12'17"68 ; DC    ;  66,100 ;     mV ;       ; 00:44:50
   2:12'17"94 ; DC    ;  66,100 ;     mV ;       ; 00:44:50
   2:12'18"20 ; DC    ;  66,100 ;     mV ;       ; 00:44:50
   2:12'18"44 ; DC    ;  66,100 ;     mV ;       ; 00:44:51
   2:12'18"70 ; DC    ;  66,100 ;     mV ;       ; 00:44:51
   2:12'18"94 ; DC    ;  66,090 ;     mV ;       ; 00:44:51
   2:12'19"21 ; DC    ;  66,100 ;     mV ;       ; 00:44:51
   2:12'19"47 ; DC    ;  66,090 ;     mV ;       ; 00:44:52
   2:12'19"74 ; DC    ;  66,100 ;     mV ;       ; 00:44:52
   2:12'20"00 ; DC    ;  66,100 ;     mV ;       ; 00:44:52
   2:12'20"26 ; DC    ;  66,100 ;     mV ;       ; 00:44:52
   2:12'20"57 ; DC    ;  66,100 ;     mV ;       ; 00:44:53
   2:12'20"88 ; DC    ;  66,120 ;     mV ;       ; 00:44:53
   2:12'21"14 ; DC    ;  66,100 ;     mV ;       ; 00:44:53
   2:12'21"44 ; DC    ;  66,100 ;     mV ;       ; 00:44:54
   2:12'21"72 ; DC    ;  66,090 ;     mV ;       ; 00:44:54
   2:12'21"98 ; DC    ;  66,090 ;     mV ;       ; 00:44:54
   2:12'22"27 ; DC    ;  66,090 ;     mV ;       ; 00:44:54
   2:12'22"54 ; DC    ;  66,090 ;     mV ;       ; 00:44:55
   2:12'22"80 ; DC    ;  66,090 ;     mV ;       ; 00:44:55
   2:12'23"07 ; DC    ;  66,090 ;     mV ;       ; 00:44:55
   2:12'23"34 ; DC    ;  66,110 ;     mV ;       ; 00:44:56
   2:12'23"61 ; DC    ;  66,090 ;     mV ;       ; 00:44:56
   2:12'23"87 ; DC    ;  66,090 ;     mV ;       ; 00:44:56
   2:12'24"19 ; DC    ;  66,090 ;     mV ;       ; 00:44:56
   2:12'24"45 ; DC    ;  66,110 ;     mV ;       ; 00:44:57
   2:12'24"73 ; DC    ;  66,100 ;     mV ;       ; 00:44:57
   2:12'24"99 ; DC    ;  66,100 ;     mV ;       ; 00:44:57
   2:12'25"24 ; DC    ;  66,090 ;     mV ;       ; 00:44:57
   2:12'25"51 ; DC    ;  66,090 ;     mV ;       ; 00:44:58
   2:12'25"77 ; DC    ;  66,100 ;     mV ;       ; 00:44:58
   2:12'26"03 ; DC    ;  66,090 ;     mV ;       ; 00:44:58
   2:12'26"33 ; DC    ;  66,110 ;     mV ;       ; 00:44:58
   2:12'26"59 ; DC    ;  66,110 ;     mV ;       ; 00:44:59
   2:12'26"84 ; DC    ;  66,120 ;     mV ;       ; 00:44:59
   2:12'27"08 ; DC    ;  66,120 ;     mV ;       ; 00:44:59
   2:12'27"34 ; DC    ;  66,110 ;     mV ;       ; 00:45:00
   2:12'27"60 ; DC    ;  66,110 ;     mV ;       ; 00:45:00
   2:12'27"85 ; DC    ;  66,110 ;     mV ;       ; 00:45:00
   2:12'28"10 ; DC    ;  66,100 ;     mV ;       ; 00:45:00
   2:12'28"36 ; DC    ;  66,100 ;     mV ;       ; 00:45:01
   2:12'28"62 ; DC    ;  66,110 ;     mV ;       ; 00:45:01
   2:12'28"88 ; DC    ;  66,110 ;     mV ;       ; 00:45:01
   2:12'29"15 ; DC    ;  66,120 ;     mV ;       ; 00:45:01
   2:12'29"40 ; DC    ;  66,100 ;     mV ;       ; 00:45:02
   2:12'29"71 ; DC    ;  66,110 ;     mV ;       ; 00:45:02
   2:12'30"01 ; DC    ;  66,100 ;     mV ;       ; 00:45:02
   2:12'30"30 ; DC    ;  66,090 ;     mV ;       ; 00:45:02
   2:12'30"57 ; DC    ;  66,110 ;     mV ;       ; 00:45:03
   2:12'30"86 ; DC    ;  66,100 ;     mV ;       ; 00:45:03
   2:12'31"16 ; DC    ;  66,120 ;     mV ;       ; 00:45:03
   2:12'31"42 ; DC    ;  66,120 ;     mV ;       ; 00:45:04
   2:12'31"68 ; DC    ;  66,120 ;     mV ;       ; 00:45:04
   2:12'31"95 ; DC    ;  66,100 ;     mV ;       ; 00:45:04
   2:12'32"21 ; DC    ;  66,110 ;     mV ;       ; 00:45:04
   2:12'32"48 ; DC    ;  66,110 ;     mV ;       ; 00:45:05
   2:12'32"74 ; DC    ;  66,110 ;     mV ;       ; 00:45:05
   2:12'32"99 ; DC    ;  66,100 ;     mV ;       ; 00:45:05
   2:12'33"26 ; DC    ;  66,110 ;     mV ;       ; 00:45:05
   2:12'33"53 ; DC    ;  66,120 ;     mV ;       ; 00:45:06
   2:12'33"80 ; DC    ;  66,110 ;     mV ;       ; 00:45:06
   2:12'34"11 ; DC    ;  66,090 ;     mV ;       ; 00:45:06
   2:12'34"37 ; DC    ;  66,120 ;     mV ;       ; 00:45:07
   2:12'34"62 ; DC    ;  66,120 ;     mV ;       ; 00:45:07
   2:12'34"88 ; DC    ;  66,120 ;     mV ;       ; 00:45:07
   2:12'35"13 ; DC    ;  66,110 ;     mV ;       ; 00:45:07
   2:12'35"40 ; DC    ;  66,110 ;     mV ;       ; 00:45:08
   2:12'35"66 ; DC    ;  66,120 ;     mV ;       ; 00:45:08
   2:12'35"92 ; DC    ;  66,110 ;     mV ;       ; 00:45:08
   2:12'36"17 ; DC    ;  66,110 ;     mV ;       ; 00:45:08
   2:12'36"43 ; DC    ;  66,110 ;     mV ;       ; 00:45:09
   2:12'36"68 ; DC    ;  66,110 ;     mV ;       ; 00:45:09
   2:12'36"95 ; DC    ;  66,100 ;     mV ;       ; 00:45:09
   2:12'37"19 ; DC    ;  66,100 ;     mV ;       ; 00:45:09
   2:12'37"47 ; DC    ;  66,090 ;     mV ;       ; 00:45:10
   2:12'37"73 ; DC    ;  66,100 ;     mV ;       ; 00:45:10
   2:12'38"04 ; DC    ;  66,090 ;     mV ;       ; 00:45:10
   2:12'38"29 ; DC    ;  66,100 ;     mV ;       ; 00:45:10
   2:12'38"55 ; DC    ;  66,100 ;     mV ;       ; 00:45:11
   2:12'38"80 ; DC    ;  66,110 ;     mV ;       ; 00:45:11
   2:12'39"07 ; DC    ;  66,110 ;     mV ;       ; 00:45:11
   2:12'39"34 ; DC    ;  66,110 ;     mV ;       ; 00:45:12
   2:12'39"63 ; DC    ;  66,120 ;     mV ;       ; 00:45:12
   2:12'39"89 ; DC    ;  66,110 ;     mV ;       ; 00:45:12
   2:12'40"16 ; DC    ;  66,120 ;     mV ;       ; 00:45:12
   2:12'40"41 ; DC    ;  66,090 ;     mV ;       ; 00:45:13
   2:12'40"66 ; DC    ;  66,090 ;     mV ;       ; 00:45:13
   2:12'40"91 ; DC    ;  66,090 ;     mV ;       ; 00:45:13
   2:12'41"18 ; DC    ;  66,090 ;     mV ;       ; 00:45:13
   2:12'41"45 ; DC    ;  66,090 ;     mV ;       ; 00:45:14
   2:12'41"71 ; DC    ;  66,120 ;     mV ;       ; 00:45:14
   2:12'41"98 ; DC    ;  66,120 ;     mV ;       ; 00:45:14
   2:12'42"22 ; DC    ;  66,120 ;     mV ;       ; 00:45:14
   2:12'42"49 ; DC    ;  66,110 ;     mV ;       ; 00:45:15
   2:12'42"75 ; DC    ;  66,090 ;     mV ;       ; 00:45:15
   2:12'43"02 ; DC    ;  66,100 ;     mV ;       ; 00:45:15
   2:12'43"30 ; DC    ;  66,100 ;     mV ;       ; 00:45:15
   2:12'43"59 ; DC    ;  66,100 ;     mV ;       ; 00:45:16
   2:12'43"85 ; DC    ;  66,090 ;     mV ;       ; 00:45:16
   2:12'44"12 ; DC    ;  66,100 ;     mV ;       ; 00:45:16
   2:12'44"38 ; DC    ;  66,110 ;     mV ;       ; 00:45:17
   2:12'44"66 ; DC    ;  66,110 ;     mV ;       ; 00:45:17
   2:12'44"95 ; DC    ;  66,100 ;     mV ;       ; 00:45:17
   2:12'45"23 ; DC    ;  66,120 ;     mV ;       ; 00:45:17
   2:12'45"50 ; DC    ;  66,100 ;     mV ;       ; 00:45:18
   2:12'45"86 ; DC    ;  66,110 ;     mV ;       ; 00:45:18
   2:12'46"11 ; DC    ;  66,110 ;     mV ;       ; 00:45:18
   2:12'46"40 ; DC    ;  66,120 ;     mV ;       ; 00:45:19
   2:12'46"68 ; DC    ;  66,100 ;     mV ;       ; 00:45:19
   2:12'46"95 ; DC    ;  66,100 ;     mV ;       ; 00:45:19
   2:12'47"21 ; DC    ;  66,110 ;     mV ;       ; 00:45:19
   2:12'47"48 ; DC    ;  66,110 ;     mV ;       ; 00:45:20
   2:12'47"76 ; DC    ;  66,110 ;     mV ;       ; 00:45:20
   2:12'48"03 ; DC    ;  66,110 ;     mV ;       ; 00:45:20
   2:12'48"31 ; DC    ;  66,100 ;     mV ;       ; 00:45:20
   2:12'48"57 ; DC    ;  66,110 ;     mV ;       ; 00:45:21
   2:12'48"86 ; DC    ;  66,100 ;     mV ;       ; 00:45:21
   2:12'49"13 ; DC    ;  66,100 ;     mV ;       ; 00:45:21
   2:12'49"39 ; DC    ;  66,090 ;     mV ;       ; 00:45:22
   2:12'49"66 ; DC    ;  66,100 ;     mV ;       ; 00:45:22
   2:12'49"92 ; DC    ;  66,110 ;     mV ;       ; 00:45:22
   2:12'50"18 ; DC    ;  66,110 ;     mV ;       ; 00:45:22
   2:12'50"45 ; DC    ;  66,100 ;     mV ;       ; 00:45:23
   2:12'50"69 ; DC    ;  66,110 ;     mV ;       ; 00:45:23
   2:12'50"95 ; DC    ;  66,090 ;     mV ;       ; 00:45:23
   2:12'51"22 ; DC    ;  66,100 ;     mV ;       ; 00:45:23
   2:12'51"48 ; DC    ;  66,100 ;     mV ;       ; 00:45:24
   2:12'51"74 ; DC    ;  66,100 ;     mV ;       ; 00:45:24
   2:12'52"02 ; DC    ;  66,100 ;     mV ;       ; 00:45:24
   2:12'52"29 ; DC    ;  66,110 ;     mV ;       ; 00:45:24
   2:12'52"55 ; DC    ;  66,120 ;     mV ;       ; 00:45:25
   2:12'52"80 ; DC    ;  66,120 ;     mV ;       ; 00:45:25
   2:12'53"05 ; DC    ;  66,120 ;     mV ;       ; 00:45:25
   2:12'53"30 ; DC    ;  66,120 ;     mV ;       ; 00:45:25
   2:12'53"55 ; DC    ;  66,130 ;     mV ;       ; 00:45:26
   2:12'53"80 ; DC    ;  66,130 ;     mV ;       ; 00:45:26
   2:12'54"06 ; DC    ;  66,130 ;     mV ;       ; 00:45:26
   2:12'54"33 ; DC    ;  66,130 ;     mV ;       ; 00:45:26
   2:12'54"64 ; DC    ;  66,130 ;     mV ;       ; 00:45:27
   2:12'54"90 ; DC    ;  66,150 ;     mV ;       ; 00:45:27
   2:12'55"16 ; DC    ;  66,120 ;     mV ;       ; 00:45:27
   2:12'55"43 ; DC    ;  66,140 ;     mV ;       ; 00:45:28
   2:12'55"71 ; DC    ;  66,150 ;     mV ;       ; 00:45:28
   2:12'56"05 ; DC    ;  66,130 ;     mV ;       ; 00:45:28
   2:12'56"32 ; DC    ;  66,120 ;     mV ;       ; 00:45:28
   2:12'56"58 ; DC    ;  66,130 ;     mV ;       ; 00:45:29
   2:12'56"84 ; DC    ;  66,130 ;     mV ;       ; 00:45:29
   2:12'57"10 ; DC    ;  66,130 ;     mV ;       ; 00:45:29
   2:12'57"36 ; DC    ;  66,130 ;     mV ;       ; 00:45:30
   2:12'57"62 ; DC    ;  66,130 ;     mV ;       ; 00:45:30
   2:12'57"89 ; DC    ;  66,140 ;     mV ;       ; 00:45:30
   2:12'58"14 ; DC    ;  66,130 ;     mV ;       ; 00:45:30
   2:12'58"39 ; DC    ;  66,140 ;     mV ;       ; 00:45:31
   2:12'58"66 ; DC    ;  66,140 ;     mV ;       ; 00:45:31
   2:12'58"93 ; DC    ;  66,140 ;     mV ;       ; 00:45:31
   2:12'59"19 ; DC    ;  66,140 ;     mV ;       ; 00:45:31
   2:12'59"46 ; DC    ;  66,150 ;     mV ;       ; 00:45:32
   2:12'59"72 ; DC    ;  66,140 ;     mV ;       ; 00:45:32
   2:12'59"99 ; DC    ;  66,140 ;     mV ;       ; 00:45:32
   2:13'00"25 ; DC    ;  66,140 ;     mV ;       ; 00:45:32
   2:13'00"52 ; DC    ;  66,140 ;     mV ;       ; 00:45:33
   2:13'00"78 ; DC    ;  66,120 ;     mV ;       ; 00:45:33
   2:13'01"04 ; DC    ;  66,120 ;     mV ;       ; 00:45:33
   2:13'01"31 ; DC    ;  66,120 ;     mV ;       ; 00:45:33
   2:13'01"56 ; DC    ;  66,100 ;     mV ;       ; 00:45:34
   2:13'01"81 ; DC    ;  66,100 ;     mV ;       ; 00:45:34
   2:13'02"07 ; DC    ;  66,090 ;     mV ;       ; 00:45:34
   2:13'02"32 ; DC    ;  66,110 ;     mV ;       ; 00:45:34
   2:13'02"57 ; DC    ;  66,090 ;     mV ;       ; 00:45:35
   2:13'02"82 ; DC    ;  66,090 ;     mV ;       ; 00:45:35
   2:13'03"07 ; DC    ;  66,070 ;     mV ;       ; 00:45:35
   2:13'03"33 ; DC    ;  66,070 ;     mV ;       ; 00:45:36
   2:13'03"60 ; DC    ;  66,080 ;     mV ;       ; 00:45:36
   2:13'03"86 ; DC    ;  66,070 ;     mV ;       ; 00:45:36
   2:13'04"12 ; DC    ;  66,080 ;     mV ;       ; 00:45:36
   2:13'04"37 ; DC    ;  66,090 ;     mV ;       ; 00:45:37
   2:13'04"63 ; DC    ;  66,080 ;     mV ;       ; 00:45:37
   2:13'04"90 ; DC    ;  66,080 ;     mV ;       ; 00:45:37
   2:13'05"16 ; DC    ;  66,080 ;     mV ;       ; 00:45:37
   2:13'05"41 ; DC    ;  66,090 ;     mV ;       ; 00:45:38
   2:13'05"66 ; DC    ;  66,100 ;     mV ;       ; 00:45:38
   2:13'05"92 ; DC    ;  66,130 ;     mV ;       ; 00:45:38
   2:13'06"19 ; DC    ;  66,120 ;     mV ;       ; 00:45:38
   2:13'06"45 ; DC    ;  66,130 ;     mV ;       ; 00:45:39
   2:13'06"71 ; DC    ;  66,130 ;     mV ;       ; 00:45:39
   2:13'06"96 ; DC    ;  66,130 ;     mV ;       ; 00:45:39
   2:13'07"21 ; DC    ;  66,130 ;     mV ;       ; 00:45:39
   2:13'07"47 ; DC    ;  66,130 ;     mV ;       ; 00:45:40
   2:13'07"74 ; DC    ;  66,110 ;     mV ;       ; 00:45:40
   2:13'08"00 ; DC    ;  66,120 ;     mV ;       ; 00:45:40
   2:13'08"27 ; DC    ;  66,130 ;     mV ;       ; 00:45:40
   2:13'08"53 ; DC    ;  66,130 ;     mV ;       ; 00:45:41
   2:13'08"82 ; DC    ;  66,140 ;     mV ;       ; 00:45:41
   2:13'09"09 ; DC    ;  66,140 ;     mV ;       ; 00:45:41
   2:13'09"35 ; DC    ;  66,130 ;     mV ;       ; 00:45:42
   2:13'09"61 ; DC    ;  66,140 ;     mV ;       ; 00:45:42
   2:13'09"88 ; DC    ;  66,120 ;     mV ;       ; 00:45:42
   2:13'10"14 ; DC    ;  66,140 ;     mV ;       ; 00:45:42
   2:13'10"42 ; DC    ;  66,150 ;     mV ;       ; 00:45:43
   2:13'10"68 ; DC    ;  66,150 ;     mV ;       ; 00:45:43
   2:13'10"95 ; DC    ;  66,140 ;     mV ;       ; 00:45:43
   2:13'11"22 ; DC    ;  66,150 ;     mV ;       ; 00:45:43
   2:13'11"50 ; DC    ;  66,150 ;     mV ;       ; 00:45:44
   2:13'11"76 ; DC    ;  66,150 ;     mV ;       ; 00:45:44
   2:13'12"01 ; DC    ;  66,150 ;     mV ;       ; 00:45:44
   2:13'12"26 ; DC    ;  66,150 ;     mV ;       ; 00:45:44
   2:13'12"50 ; DC    ;  66,150 ;     mV ;       ; 00:45:45
   2:13'12"77 ; DC    ;  66,140 ;     mV ;       ; 00:45:45
   2:13'13"03 ; DC    ;  66,150 ;     mV ;       ; 00:45:45
   2:13'13"28 ; DC    ;  66,150 ;     mV ;       ; 00:45:45
   2:13'13"55 ; DC    ;  66,140 ;     mV ;       ; 00:45:46
   2:13'13"80 ; DC    ;  66,140 ;     mV ;       ; 00:45:46
   2:13'14"05 ; DC    ;  66,130 ;     mV ;       ; 00:45:46
   2:13'14"30 ; DC    ;  66,110 ;     mV ;       ; 00:45:46
   2:13'14"58 ; DC    ;  66,080 ;     mV ;       ; 00:45:47
   2:13'14"84 ; DC    ;  66,080 ;     mV ;       ; 00:45:47
   2:13'15"11 ; DC    ;  66,080 ;     mV ;       ; 00:45:47
   2:13'15"39 ; DC    ;  66,100 ;     mV ;       ; 00:45:48
   2:13'15"65 ; DC    ;  66,100 ;     mV ;       ; 00:45:48
   2:13'15"92 ; DC    ;  66,100 ;     mV ;       ; 00:45:48
   2:13'16"18 ; DC    ;  66,080 ;     mV ;       ; 00:45:48
   2:13'16"43 ; DC    ;  66,080 ;     mV ;       ; 00:45:49
   2:13'16"68 ; DC    ;  66,100 ;     mV ;       ; 00:45:49
   2:13'16"93 ; DC    ;  66,100 ;     mV ;       ; 00:45:49
   2:13'17"18 ; DC    ;  66,090 ;     mV ;       ; 00:45:49
   2:13'17"45 ; DC    ;  66,090 ;     mV ;       ; 00:45:50
   2:13'17"71 ; DC    ;  66,110 ;     mV ;       ; 00:45:50
   2:13'17"96 ; DC    ;  66,100 ;     mV ;       ; 00:45:50
   2:13'18"22 ; DC    ;  66,080 ;     mV ;       ; 00:45:50
   2:13'18"56 ; DC    ;  66,090 ;     mV ;       ; 00:45:51
   2:13'18"83 ; DC    ;  66,090 ;     mV ;       ; 00:45:51
   2:13'19"11 ; DC    ;  66,090 ;     mV ;       ; 00:45:51
   2:13'19"36 ; DC    ;  66,090 ;     mV ;       ; 00:45:52
   2:13'19"62 ; DC    ;  66,090 ;     mV ;       ; 00:45:52
   2:13'19"86 ; DC    ;  66,090 ;     mV ;       ; 00:45:52
   2:13'20"14 ; DC    ;  66,120 ;     mV ;       ; 00:45:52
   2:13'20"41 ; DC    ;  66,100 ;     mV ;       ; 00:45:53
   2:13'20"67 ; DC    ;  66,110 ;     mV ;       ; 00:45:53
   2:13'20"93 ; DC    ;  66,110 ;     mV ;       ; 00:45:53
   2:13'21"20 ; DC    ;  66,090 ;     mV ;       ; 00:45:53
   2:13'21"45 ; DC    ;  66,100 ;     mV ;       ; 00:45:54
   2:13'21"72 ; DC    ;  66,100 ;     mV ;       ; 00:45:54
   2:13'21"97 ; DC    ;  66,120 ;     mV ;       ; 00:45:54
   2:13'22"23 ; DC    ;  66,110 ;     mV ;       ; 00:45:54
   2:13'22"49 ; DC    ;  66,130 ;     mV ;       ; 00:45:55
   2:13'22"78 ; DC    ;  66,120 ;     mV ;       ; 00:45:55
   2:13'23"03 ; DC    ;  66,120 ;     mV ;       ; 00:45:55
   2:13'23"29 ; DC    ;  66,100 ;     mV ;       ; 00:45:55
   2:13'23"54 ; DC    ;  66,100 ;     mV ;       ; 00:45:56
   2:13'23"79 ; DC    ;  66,100 ;     mV ;       ; 00:45:56
   2:13'24"04 ; DC    ;  66,100 ;     mV ;       ; 00:45:56
   2:13'24"29 ; DC    ;  66,110 ;     mV ;       ; 00:45:56
   2:13'24"53 ; DC    ;  66,110 ;     mV ;       ; 00:45:57
   2:13'24"80 ; DC    ;  66,110 ;     mV ;       ; 00:45:57
   2:13'25"06 ; DC    ;  66,100 ;     mV ;       ; 00:45:57
   2:13'25"33 ; DC    ;  66,100 ;     mV ;       ; 00:45:57
   2:13'25"59 ; DC    ;  66,100 ;     mV ;       ; 00:45:58
   2:13'25"85 ; DC    ;  66,100 ;     mV ;       ; 00:45:58
   2:13'26"12 ; DC    ;  66,120 ;     mV ;       ; 00:45:58
   2:13'26"39 ; DC    ;  66,110 ;     mV ;       ; 00:45:59
   2:13'26"65 ; DC    ;  66,120 ;     mV ;       ; 00:45:59
   2:13'26"90 ; DC    ;  66,120 ;     mV ;       ; 00:45:59
   2:13'27"15 ; DC    ;  66,100 ;     mV ;       ; 00:45:59
   2:13'27"39 ; DC    ;  66,100 ;     mV ;       ; 00:46:00
   2:13'27"66 ; DC    ;  66,100 ;     mV ;       ; 00:46:00
   2:13'27"92 ; DC    ;  66,100 ;     mV ;       ; 00:46:00
   2:13'28"19 ; DC    ;  66,110 ;     mV ;       ; 00:46:00
   2:13'28"45 ; DC    ;  66,100 ;     mV ;       ; 00:46:01
   2:13'28"70 ; DC    ;  66,110 ;     mV ;       ; 00:46:01
   2:13'28"95 ; DC    ;  66,110 ;     mV ;       ; 00:46:01
   2:13'29"20 ; DC    ;  66,110 ;     mV ;       ; 00:46:01
   2:13'29"45 ; DC    ;  66,110 ;     mV ;       ; 00:46:02
   2:13'29"69 ; DC    ;  66,110 ;     mV ;       ; 00:46:02
   2:13'29"94 ; DC    ;  66,100 ;     mV ;       ; 00:46:02
   2:13'30"19 ; DC    ;  66,100 ;     mV ;       ; 00:46:02
   2:13'30"46 ; DC    ;  66,100 ;     mV ;       ; 00:46:03
   2:13'30"72 ; DC    ;  66,090 ;     mV ;       ; 00:46:03
   2:13'30"98 ; DC    ;  66,100 ;     mV ;       ; 00:46:03
   2:13'31"25 ; DC    ;  66,100 ;     mV ;       ; 00:46:03
   2:13'31"51 ; DC    ;  66,100 ;     mV ;       ; 00:46:04
   2:13'31"76 ; DC    ;  66,090 ;     mV ;       ; 00:46:04
   2:13'32"02 ; DC    ;  66,100 ;     mV ;       ; 00:46:04
   2:13'32"28 ; DC    ;  66,100 ;     mV ;       ; 00:46:04
   2:13'32"56 ; DC    ;  66,090 ;     mV ;       ; 00:46:05
   2:13'32"84 ; DC    ;  66,080 ;     mV ;       ; 00:46:05
   2:13'33"12 ; DC    ;  66,080 ;     mV ;       ; 00:46:05
   2:13'33"38 ; DC    ;  66,100 ;     mV ;       ; 00:46:06
   2:13'33"63 ; DC    ;  66,100 ;     mV ;       ; 00:46:06
   2:13'33"90 ; DC    ;  66,100 ;     mV ;       ; 00:46:06
   2:13'34"16 ; DC    ;  66,100 ;     mV ;       ; 00:46:06
   2:13'34"43 ; DC    ;  66,100 ;     mV ;       ; 00:46:07
   2:13'34"70 ; DC    ;  66,100 ;     mV ;       ; 00:46:07
   2:13'34"97 ; DC    ;  66,090 ;     mV ;       ; 00:46:07
   2:13'35"25 ; DC    ;  66,100 ;     mV ;       ; 00:46:07
   2:13'35"54 ; DC    ;  66,080 ;     mV ;       ; 00:46:08
   2:13'35"79 ; DC    ;  66,080 ;     mV ;       ; 00:46:08
   2:13'36"06 ; DC    ;  66,110 ;     mV ;       ; 00:46:08
   2:13'36"32 ; DC    ;  66,110 ;     mV ;       ; 00:46:08
   2:13'36"59 ; DC    ;  66,100 ;     mV ;       ; 00:46:09
   2:13'36"84 ; DC    ;  66,110 ;     mV ;       ; 00:46:09
   2:13'37"10 ; DC    ;  66,120 ;     mV ;       ; 00:46:09
   2:13'37"35 ; DC    ;  66,110 ;     mV ;       ; 00:46:10
   2:13'37"60 ; DC    ;  66,110 ;     mV ;       ; 00:46:10
   2:13'37"86 ; DC    ;  66,120 ;     mV ;       ; 00:46:10
   2:13'38"12 ; DC    ;  66,110 ;     mV ;       ; 00:46:10
   2:13'38"40 ; DC    ;  66,120 ;     mV ;       ; 00:46:11
   2:13'38"65 ; DC    ;  66,120 ;     mV ;       ; 00:46:11
   2:13'38"92 ; DC    ;  66,120 ;     mV ;       ; 00:46:11
   2:13'39"19 ; DC    ;  66,100 ;     mV ;       ; 00:46:11
   2:13'39"46 ; DC    ;  66,090 ;     mV ;       ; 00:46:12
   2:13'39"72 ; DC    ;  66,110 ;     mV ;       ; 00:46:12
   2:13'39"98 ; DC    ;  66,110 ;     mV ;       ; 00:46:12
   2:13'40"25 ; DC    ;  66,110 ;     mV ;       ; 00:46:12
   2:13'40"51 ; DC    ;  66,110 ;     mV ;       ; 00:46:13
   2:13'40"78 ; DC    ;  66,110 ;     mV ;       ; 00:46:13
   2:13'41"04 ; DC    ;  66,130 ;     mV ;       ; 00:46:13
   2:13'41"34 ; DC    ;  66,120 ;     mV ;       ; 00:46:14
   2:13'41"60 ; DC    ;  66,120 ;     mV ;       ; 00:46:14
   2:13'41"87 ; DC    ;  66,120 ;     mV ;       ; 00:46:14
   2:13'42"13 ; DC    ;  66,130 ;     mV ;       ; 00:46:14
   2:13'42"38 ; DC    ;  66,130 ;     mV ;       ; 00:46:15
   2:13'42"64 ; DC    ;  66,120 ;     mV ;       ; 00:46:15
   2:13'42"91 ; DC    ;  66,140 ;     mV ;       ; 00:46:15
   2:13'43"17 ; DC    ;  66,140 ;     mV ;       ; 00:46:15
   2:13'43"44 ; DC    ;  66,130 ;     mV ;       ; 00:46:16
   2:13'43"71 ; DC    ;  66,130 ;     mV ;       ; 00:46:16
   2:13'43"98 ; DC    ;  66,130 ;     mV ;       ; 00:46:16
   2:13'44"29 ; DC    ;  66,140 ;     mV ;       ; 00:46:16
   2:13'44"55 ; DC    ;  66,130 ;     mV ;       ; 00:46:17
   2:13'44"83 ; DC    ;  66,140 ;     mV ;       ; 00:46:17
   2:13'45"11 ; DC    ;  66,140 ;     mV ;       ; 00:46:17
   2:13'45"37 ; DC    ;  66,130 ;     mV ;       ; 00:46:18
   2:13'45"66 ; DC    ;  66,130 ;     mV ;       ; 00:46:18
   2:13'45"91 ; DC    ;  66,140 ;     mV ;       ; 00:46:18
   2:13'46"19 ; DC    ;  66,140 ;     mV ;       ; 00:46:18
   2:13'46"45 ; DC    ;  66,130 ;     mV ;       ; 00:46:19
   2:13'46"72 ; DC    ;  66,110 ;     mV ;       ; 00:46:19
   2:13'46"99 ; DC    ;  66,120 ;     mV ;       ; 00:46:19
   2:13'47"30 ; DC    ;  66,120 ;     mV ;       ; 00:46:19
   2:13'47"56 ; DC    ;  66,120 ;     mV ;       ; 00:46:20
   2:13'47"82 ; DC    ;  66,110 ;     mV ;       ; 00:46:20
   2:13'48"07 ; DC    ;  66,110 ;     mV ;       ; 00:46:20
   2:13'48"32 ; DC    ;  66,130 ;     mV ;       ; 00:46:20
   2:13'48"58 ; DC    ;  66,130 ;     mV ;       ; 00:46:21
   2:13'48"87 ; DC    ;  66,120 ;     mV ;       ; 00:46:21
   2:13'49"14 ; DC    ;  66,130 ;     mV ;       ; 00:46:21
   2:13'49"40 ; DC    ;  66,140 ;     mV ;       ; 00:46:22
   2:13'49"65 ; DC    ;  66,130 ;     mV ;       ; 00:46:22
   2:13'49"90 ; DC    ;  66,120 ;     mV ;       ; 00:46:22
   2:13'50"16 ; DC    ;  66,120 ;     mV ;       ; 00:46:22
   2:13'50"43 ; DC    ;  66,150 ;     mV ;       ; 00:46:23
   2:13'50"69 ; DC    ;  66,150 ;     mV ;       ; 00:46:23
   2:13'50"97 ; DC    ;  66,130 ;     mV ;       ; 00:46:23
   2:13'51"23 ; DC    ;  66,120 ;     mV ;       ; 00:46:23
   2:13'51"50 ; DC    ;  66,130 ;     mV ;       ; 00:46:24
   2:13'51"80 ; DC    ;  66,140 ;     mV ;       ; 00:46:24
   2:13'52"07 ; DC    ;  66,130 ;     mV ;       ; 00:46:24
   2:13'52"36 ; DC    ;  66,140 ;     mV ;       ; 00:46:25
   2:13'52"62 ; DC    ;  66,130 ;     mV ;       ; 00:46:25
   2:13'52"90 ; DC    ;  66,140 ;     mV ;       ; 00:46:25
   2:13'53"15 ; DC    ;  66,140 ;     mV ;       ; 00:46:25
   2:13'53"42 ; DC    ;  66,140 ;     mV ;       ; 00:46:26
   2:13'53"76 ; DC    ;  66,140 ;     mV ;       ; 00:46:26
   2:13'54"04 ; DC    ;  66,140 ;     mV ;       ; 00:46:26
   2:13'54"31 ; DC    ;  66,150 ;     mV ;       ; 00:46:26
   2:13'54"57 ; DC    ;  66,140 ;     mV ;       ; 00:46:27
   2:13'54"85 ; DC    ;  66,150 ;     mV ;       ; 00:46:27
   2:13'55"12 ; DC    ;  66,150 ;     mV ;       ; 00:46:27
   2:13'55"38 ; DC    ;  66,160 ;     mV ;       ; 00:46:28
   2:13'55"65 ; DC    ;  66,150 ;     mV ;       ; 00:46:28
   2:13'55"92 ; DC    ;  66,150 ;     mV ;       ; 00:46:28
   2:13'56"18 ; DC    ;  66,150 ;     mV ;       ; 00:46:28
   2:13'56"45 ; DC    ;  66,160 ;     mV ;       ; 00:46:29
   2:13'56"72 ; DC    ;  66,160 ;     mV ;       ; 00:46:29
   2:13'56"98 ; DC    ;  66,170 ;     mV ;       ; 00:46:29
   2:13'57"24 ; DC    ;  66,160 ;     mV ;       ; 00:46:29
   2:13'57"50 ; DC    ;  66,170 ;     mV ;       ; 00:46:30
   2:13'57"79 ; DC    ;  66,170 ;     mV ;       ; 00:46:30
   2:13'58"07 ; DC    ;  66,160 ;     mV ;       ; 00:46:30
   2:13'58"32 ; DC    ;  66,190 ;     mV ;       ; 00:46:30
   2:13'58"60 ; DC    ;  66,190 ;     mV ;       ; 00:46:31
   2:13'58"88 ; DC    ;  66,170 ;     mV ;       ; 00:46:31
   2:13'59"14 ; DC    ;  66,170 ;     mV ;       ; 00:46:31
   2:13'59"45 ; DC    ;  66,170 ;     mV ;       ; 00:46:32
   2:13'59"70 ; DC    ;  66,170 ;     mV ;       ; 00:46:32
   2:13'59"98 ; DC    ;  66,180 ;     mV ;       ; 00:46:32
   2:14'00"24 ; DC    ;  66,170 ;     mV ;       ; 00:46:32
   2:14'00"51 ; DC    ;  66,170 ;     mV ;       ; 00:46:33
   2:14'00"77 ; DC    ;  66,160 ;     mV ;       ; 00:46:33
   2:14'01"02 ; DC    ;  66,170 ;     mV ;       ; 00:46:33
   2:14'01"29 ; DC    ;  66,170 ;     mV ;       ; 00:46:33
   2:14'01"58 ; DC    ;  66,160 ;     mV ;       ; 00:46:34
   2:14'01"84 ; DC    ;  66,170 ;     mV ;       ; 00:46:34
   2:14'02"10 ; DC    ;  66,150 ;     mV ;       ; 00:46:34
   2:14'02"37 ; DC    ;  66,150 ;     mV ;       ; 00:46:35
   2:14'02"64 ; DC    ;  66,140 ;     mV ;       ; 00:46:35
   2:14'02"89 ; DC    ;  66,150 ;     mV ;       ; 00:46:35
   2:14'03"15 ; DC    ;  66,170 ;     mV ;       ; 00:46:35
   2:14'03"41 ; DC    ;  66,160 ;     mV ;       ; 00:46:36
   2:14'03"66 ; DC    ;  66,160 ;     mV ;       ; 00:46:36
   2:14'03"92 ; DC    ;  66,170 ;     mV ;       ; 00:46:36
   2:14'04"16 ; DC    ;  66,170 ;     mV ;       ; 00:46:36
   2:14'04"42 ; DC    ;  66,160 ;     mV ;       ; 00:46:37
   2:14'04"68 ; DC    ;  66,160 ;     mV ;       ; 00:46:37
   2:14'04"93 ; DC    ;  66,150 ;     mV ;       ; 00:46:37
   2:14'05"20 ; DC    ;  66,150 ;     mV ;       ; 00:46:37
   2:14'05"46 ; DC    ;  66,160 ;     mV ;       ; 00:46:38
   2:14'05"73 ; DC    ;  66,130 ;     mV ;       ; 00:46:38
   2:14'05"99 ; DC    ;  66,120 ;     mV ;       ; 00:46:38
   2:14'06"24 ; DC    ;  66,130 ;     mV ;       ; 00:46:38
   2:14'06"50 ; DC    ;  66,130 ;     mV ;       ; 00:46:39
   2:14'06"78 ; DC    ;  66,150 ;     mV ;       ; 00:46:39
   2:14'07"13 ; DC    ;  66,140 ;     mV ;       ; 00:46:39
   2:14'07"40 ; DC    ;  66,130 ;     mV ;       ; 00:46:40
   2:14'07"67 ; DC    ;  66,140 ;     mV ;       ; 00:46:40
   2:14'07"93 ; DC    ;  66,150 ;     mV ;       ; 00:46:40
   2:14'08"19 ; DC    ;  66,140 ;     mV ;       ; 00:46:40
   2:14'08"45 ; DC    ;  66,140 ;     mV ;       ; 00:46:41
   2:14'08"73 ; DC    ;  66,150 ;     mV ;       ; 00:46:41
   2:14'08"99 ; DC    ;  66,130 ;     mV ;       ; 00:46:41
   2:14'09"27 ; DC    ;  66,130 ;     mV ;       ; 00:46:41
   2:14'09"53 ; DC    ;  66,130 ;     mV ;       ; 00:46:42
   2:14'09"80 ; DC    ;  66,110 ;     mV ;       ; 00:46:42
   2:14'10"06 ; DC    ;  66,140 ;     mV ;       ; 00:46:42
   2:14'10"35 ; DC    ;  66,140 ;     mV ;       ; 00:46:43
   2:14'10"63 ; DC    ;  66,140 ;     mV ;       ; 00:46:43
   2:14'10"90 ; DC    ;  66,130 ;     mV ;       ; 00:46:43
   2:14'11"30 ; DC    ;  66,130 ;     mV ;       ; 00:46:43
   2:14'11"57 ; DC    ;  66,130 ;     mV ;       ; 00:46:44
   2:14'11"86 ; DC    ;  66,150 ;     mV ;       ; 00:46:44
   2:14'12"12 ; DC    ;  66,130 ;     mV ;       ; 00:46:44
   2:14'12"40 ; DC    ;  66,130 ;     mV ;       ; 00:46:45
   2:14'12"64 ; DC    ;  66,130 ;     mV ;       ; 00:46:45
   2:14'12"91 ; DC    ;  66,140 ;     mV ;       ; 00:46:45
   2:14'13"18 ; DC    ;  66,130 ;     mV ;       ; 00:46:45
   2:14'13"44 ; DC    ;  66,130 ;     mV ;       ; 00:46:46
   2:14'13"71 ; DC    ;  66,120 ;     mV ;       ; 00:46:46
   2:14'13"96 ; DC    ;  66,120 ;     mV ;       ; 00:46:46
   2:14'14"21 ; DC    ;  66,140 ;     mV ;       ; 00:46:46
   2:14'14"49 ; DC    ;  66,140 ;     mV ;       ; 00:46:47
   2:14'14"76 ; DC    ;  66,140 ;     mV ;       ; 00:46:47
   2:14'15"03 ; DC    ;  66,120 ;     mV ;       ; 00:46:47
   2:14'15"30 ; DC    ;  66,120 ;     mV ;       ; 00:46:47
   2:14'15"57 ; DC    ;  66,120 ;     mV ;       ; 00:46:48
   2:14'15"84 ; DC    ;  66,090 ;     mV ;       ; 00:46:48
   2:14'16"11 ; DC    ;  66,080 ;     mV ;       ; 00:46:48
   2:14'16"40 ; DC    ;  66,090 ;     mV ;       ; 00:46:49
   2:14'16"69 ; DC    ;  66,090 ;     mV ;       ; 00:46:49
   2:14'16"95 ; DC    ;  66,110 ;     mV ;       ; 00:46:49
   2:14'17"21 ; DC    ;  66,110 ;     mV ;       ; 00:46:49
   2:14'17"47 ; DC    ;  66,110 ;     mV ;       ; 00:46:50
   2:14'17"73 ; DC    ;  66,100 ;     mV ;       ; 00:46:50
   2:14'17"98 ; DC    ;  66,100 ;     mV ;       ; 00:46:50
   2:14'18"26 ; DC    ;  66,100 ;     mV ;       ; 00:46:50
   2:14'18"53 ; DC    ;  66,110 ;     mV ;       ; 00:46:51
   2:14'18"77 ; DC    ;  66,120 ;     mV ;       ; 00:46:51
   2:14'19"03 ; DC    ;  66,110 ;     mV ;       ; 00:46:51
   2:14'19"30 ; DC    ;  66,090 ;     mV ;       ; 00:46:51
   2:14'19"59 ; DC    ;  66,090 ;     mV ;       ; 00:46:52
   2:14'19"85 ; DC    ;  66,090 ;     mV ;       ; 00:46:52
   2:14'20"14 ; DC    ;  66,110 ;     mV ;       ; 00:46:52
   2:14'20"40 ; DC    ;  66,110 ;     mV ;       ; 00:46:53
   2:14'20"69 ; DC    ;  66,120 ;     mV ;       ; 00:46:53
   2:14'20"97 ; DC    ;  66,120 ;     mV ;       ; 00:46:53
   2:14'21"23 ; DC    ;  66,120 ;     mV ;       ; 00:46:53
   2:14'21"49 ; DC    ;  66,120 ;     mV ;       ; 00:46:54
   2:14'21"75 ; DC    ;  66,130 ;     mV ;       ; 00:46:54
   2:14'22"02 ; DC    ;  66,120 ;     mV ;       ; 00:46:54
   2:14'22"28 ; DC    ;  66,120 ;     mV ;       ; 00:46:54
   2:14'22"55 ; DC    ;  66,120 ;     mV ;       ; 00:46:55
   2:14'22"83 ; DC    ;  66,140 ;     mV ;       ; 00:46:55
   2:14'23"12 ; DC    ;  66,120 ;     mV ;       ; 00:46:55
   2:14'23"37 ; DC    ;  66,130 ;     mV ;       ; 00:46:56
   2:14'23"65 ; DC    ;  66,130 ;     mV ;       ; 00:46:56
   2:14'23"92 ; DC    ;  66,120 ;     mV ;       ; 00:46:56
   2:14'24"20 ; DC    ;  66,120 ;     mV ;       ; 00:46:56
   2:14'24"44 ; DC    ;  66,130 ;     mV ;       ; 00:46:57
   2:14'24"73 ; DC    ;  66,140 ;     mV ;       ; 00:46:57
   2:14'24"99 ; DC    ;  66,140 ;     mV ;       ; 00:46:57
   2:14'25"31 ; DC    ;  66,140 ;     mV ;       ; 00:46:57
   2:14'25"58 ; DC    ;  66,130 ;     mV ;       ; 00:46:58
   2:14'25"86 ; DC    ;  66,140 ;     mV ;       ; 00:46:58
   2:14'26"14 ; DC    ;  66,140 ;     mV ;       ; 00:46:58
   2:14'26"42 ; DC    ;  66,120 ;     mV ;       ; 00:46:59
   2:14'26"68 ; DC    ;  66,120 ;     mV ;       ; 00:46:59
   2:14'26"97 ; DC    ;  66,140 ;     mV ;       ; 00:46:59
   2:14'27"25 ; DC    ;  66,100 ;     mV ;       ; 00:46:59
   2:14'27"54 ; DC    ;  66,120 ;     mV ;       ; 00:47:00
   2:14'27"82 ; DC    ;  66,120 ;     mV ;       ; 00:47:00
   2:14'28"10 ; DC    ;  66,110 ;     mV ;       ; 00:47:00
   2:14'28"39 ; DC    ;  66,120 ;     mV ;       ; 00:47:01
   2:14'28"66 ; DC    ;  66,110 ;     mV ;       ; 00:47:01
   2:14'28"95 ; DC    ;  66,110 ;     mV ;       ; 00:47:01
   2:14'29"23 ; DC    ;  66,120 ;     mV ;       ; 00:47:01
   2:14'29"50 ; DC    ;  66,120 ;     mV ;       ; 00:47:02
   2:14'29"78 ; DC    ;  66,110 ;     mV ;       ; 00:47:02
   2:14'30"04 ; DC    ;  66,120 ;     mV ;       ; 00:47:02
   2:14'30"29 ; DC    ;  66,140 ;     mV ;       ; 00:47:02
   2:14'30"57 ; DC    ;  66,130 ;     mV ;       ; 00:47:03
   2:14'30"88 ; DC    ;  66,110 ;     mV ;       ; 00:47:03
   2:14'31"15 ; DC    ;  66,130 ;     mV ;       ; 00:47:03
   2:14'31"49 ; DC    ;  66,140 ;     mV ;       ; 00:47:04
   2:14'31"82 ; DC    ;  66,130 ;     mV ;       ; 00:47:04
   2:14'32"09 ; DC    ;  66,130 ;     mV ;       ; 00:47:04
   2:14'32"40 ; DC    ;  66,130 ;     mV ;       ; 00:47:05
   2:14'32"69 ; DC    ;  66,140 ;     mV ;       ; 00:47:05
   2:14'32"98 ; DC    ;  66,150 ;     mV ;       ; 00:47:05
   2:14'33"22 ; DC    ;  66,140 ;     mV ;       ; 00:47:05
   2:14'33"50 ; DC    ;  66,130 ;     mV ;       ; 00:47:06
   2:14'33"77 ; DC    ;  66,160 ;     mV ;       ; 00:47:06
   2:14'34"05 ; DC    ;  66,150 ;     mV ;       ; 00:47:06
   2:14'34"30 ; DC    ;  66,140 ;     mV ;       ; 00:47:06
   2:14'34"58 ; DC    ;  66,140 ;     mV ;       ; 00:47:07
   2:14'34"83 ; DC    ;  66,140 ;     mV ;       ; 00:47:07
   2:14'35"13 ; DC    ;  66,140 ;     mV ;       ; 00:47:07
   2:14'35"42 ; DC    ;  66,160 ;     mV ;       ; 00:47:08
   2:14'35"69 ; DC    ;  66,160 ;     mV ;       ; 00:47:08
   2:14'35"95 ; DC    ;  66,160 ;     mV ;       ; 00:47:08
   2:14'36"20 ; DC    ;  66,150 ;     mV ;       ; 00:47:08
   2:14'36"45 ; DC    ;  66,170 ;     mV ;       ; 00:47:09
   2:14'36"71 ; DC    ;  66,160 ;     mV ;       ; 00:47:09
   2:14'36"96 ; DC    ;  66,160 ;     mV ;       ; 00:47:09
   2:14'37"23 ; DC    ;  66,150 ;     mV ;       ; 00:47:09
   2:14'37"50 ; DC    ;  66,150 ;     mV ;       ; 00:47:10
   2:14'37"76 ; DC    ;  66,160 ;     mV ;       ; 00:47:10
   2:14'38"07 ; DC    ;  66,170 ;     mV ;       ; 00:47:10
   2:14'38"35 ; DC    ;  66,130 ;     mV ;       ; 00:47:11
   2:14'38"61 ; DC    ;  66,140 ;     mV ;       ; 00:47:11
   2:14'38"88 ; DC    ;  66,140 ;     mV ;       ; 00:47:11
   2:14'39"19 ; DC    ;  66,170 ;     mV ;       ; 00:47:11
   2:14'39"46 ; DC    ;  66,170 ;     mV ;       ; 00:47:12
   2:14'39"76 ; DC    ;  66,170 ;     mV ;       ; 00:47:12
   2:14'40"03 ; DC    ;  66,170 ;     mV ;       ; 00:47:12
   2:14'40"29 ; DC    ;  66,190 ;     mV ;       ; 00:47:12
   2:14'40"56 ; DC    ;  66,190 ;     mV ;       ; 00:47:13
   2:14'40"82 ; DC    ;  66,170 ;     mV ;       ; 00:47:13
   2:14'41"07 ; DC    ;  66,180 ;     mV ;       ; 00:47:13
   2:14'41"32 ; DC    ;  66,170 ;     mV ;       ; 00:47:13
   2:14'41"58 ; DC    ;  66,160 ;     mV ;       ; 00:47:14
   2:14'41"84 ; DC    ;  66,120 ;     mV ;       ; 00:47:14
   2:14'42"11 ; DC    ;  66,120 ;     mV ;       ; 00:47:14
   2:14'42"35 ; DC    ;  66,120 ;     mV ;       ; 00:47:15
   2:14'42"60 ; DC    ;  66,120 ;     mV ;       ; 00:47:15
   2:14'42"86 ; DC    ;  66,120 ;     mV ;       ; 00:47:15
   2:14'43"12 ; DC    ;  66,140 ;     mV ;       ; 00:47:15
   2:14'43"38 ; DC    ;  66,130 ;     mV ;       ; 00:47:16
   2:14'43"63 ; DC    ;  66,120 ;     mV ;       ; 00:47:16
   2:14'43"92 ; DC    ;  66,120 ;     mV ;       ; 00:47:16
   2:14'44"19 ; DC    ;  66,130 ;     mV ;       ; 00:47:16
   2:14'44"48 ; DC    ;  66,130 ;     mV ;       ; 00:47:17
   2:14'44"77 ; DC    ;  66,130 ;     mV ;       ; 00:47:17
   2:14'45"05 ; DC    ;  66,140 ;     mV ;       ; 00:47:17
   2:14'45"35 ; DC    ;  66,130 ;     mV ;       ; 00:47:18
   2:14'45"62 ; DC    ;  66,140 ;     mV ;       ; 00:47:18
   2:14'45"91 ; DC    ;  66,120 ;     mV ;       ; 00:47:18
   2:14'46"21 ; DC    ;  66,100 ;     mV ;       ; 00:47:18
   2:14'46"49 ; DC    ;  66,110 ;     mV ;       ; 00:47:19
   2:14'46"81 ; DC    ;  66,110 ;     mV ;       ; 00:47:19
   2:14'47"07 ; DC    ;  66,090 ;     mV ;       ; 00:47:19
   2:14'47"36 ; DC    ;  66,100 ;     mV ;       ; 00:47:20
   2:14'47"64 ; DC    ;  66,100 ;     mV ;       ; 00:47:20
   2:14'47"93 ; DC    ;  66,110 ;     mV ;       ; 00:47:20
   2:14'48"26 ; DC    ;  66,110 ;     mV ;       ; 00:47:20
   2:14'48"54 ; DC    ;  66,100 ;     mV ;       ; 00:47:21
   2:14'48"81 ; DC    ;  66,120 ;     mV ;       ; 00:47:21
   2:14'49"07 ; DC    ;  66,110 ;     mV ;       ; 00:47:21
   2:14'49"36 ; DC    ;  66,130 ;     mV ;       ; 00:47:22
   2:14'49"64 ; DC    ;  66,120 ;     mV ;       ; 00:47:22
   2:14'49"91 ; DC    ;  66,130 ;     mV ;       ; 00:47:22
   2:14'50"21 ; DC    ;  66,130 ;     mV ;       ; 00:47:22
   2:14'50"47 ; DC    ;  66,130 ;     mV ;       ; 00:47:23
   2:14'50"72 ; DC    ;  66,130 ;     mV ;       ; 00:47:23
   2:14'50"99 ; DC    ;  66,130 ;     mV ;       ; 00:47:23
   2:14'51"24 ; DC    ;  66,130 ;     mV ;       ; 00:47:23
   2:14'51"51 ; DC    ;  66,130 ;     mV ;       ; 00:47:24
   2:14'51"78 ; DC    ;  66,120 ;     mV ;       ; 00:47:24
   2:14'52"05 ; DC    ;  66,110 ;     mV ;       ; 00:47:24
   2:14'52"31 ; DC    ;  66,130 ;     mV ;       ; 00:47:24
   2:14'52"59 ; DC    ;  66,130 ;     mV ;       ; 00:47:25
   2:14'52"86 ; DC    ;  66,130 ;     mV ;       ; 00:47:25
   2:14'53"17 ; DC    ;  66,120 ;     mV ;       ; 00:47:25
   2:14'53"48 ; DC    ;  66,120 ;     mV ;       ; 00:47:26
   2:14'53"74 ; DC    ;  66,120 ;     mV ;       ; 00:47:26
   2:14'54"01 ; DC    ;  66,120 ;     mV ;       ; 00:47:26
   2:14'54"28 ; DC    ;  66,130 ;     mV ;       ; 00:47:26
   2:14'54"56 ; DC    ;  66,110 ;     mV ;       ; 00:47:27
   2:14'54"84 ; DC    ;  66,120 ;     mV ;       ; 00:47:27
   2:14'55"11 ; DC    ;  66,150 ;     mV ;       ; 00:47:27
   2:14'55"38 ; DC    ;  66,140 ;     mV ;       ; 00:47:28
   2:14'55"64 ; DC    ;  66,140 ;     mV ;       ; 00:47:28
   2:14'55"90 ; DC    ;  66,130 ;     mV ;       ; 00:47:28
   2:14'56"17 ; DC    ;  66,130 ;     mV ;       ; 00:47:28
   2:14'56"44 ; DC    ;  66,120 ;     mV ;       ; 00:47:29
   2:14'56"72 ; DC    ;  66,130 ;     mV ;       ; 00:47:29
   2:14'56"99 ; DC    ;  66,120 ;     mV ;       ; 00:47:29
   2:14'57"28 ; DC    ;  66,130 ;     mV ;       ; 00:47:29
   2:14'57"55 ; DC    ;  66,130 ;     mV ;       ; 00:47:30
   2:14'57"81 ; DC    ;  66,130 ;     mV ;       ; 00:47:30
   2:14'58"09 ; DC    ;  66,130 ;     mV ;       ; 00:47:30
   2:14'58"35 ; DC    ;  66,140 ;     mV ;       ; 00:47:31
   2:14'58"60 ; DC    ;  66,140 ;     mV ;       ; 00:47:31
   2:14'58"86 ; DC    ;  66,140 ;     mV ;       ; 00:47:31
   2:14'59"13 ; DC    ;  66,140 ;     mV ;       ; 00:47:31
   2:14'59"39 ; DC    ;  66,140 ;     mV ;       ; 00:47:32
   2:14'59"66 ; DC    ;  66,130 ;     mV ;       ; 00:47:32
   2:14'59"92 ; DC    ;  66,160 ;     mV ;       ; 00:47:32
   2:15'00"18 ; DC    ;  66,130 ;     mV ;       ; 00:47:32
   2:15'00"45 ; DC    ;  66,140 ;     mV ;       ; 00:47:33
   2:15'00"71 ; DC    ;  66,150 ;     mV ;       ; 00:47:33
   2:15'00"98 ; DC    ;  66,150 ;     mV ;       ; 00:47:33
   2:15'01"25 ; DC    ;  66,150 ;     mV ;       ; 00:47:33
   2:15'01"55 ; DC    ;  66,160 ;     mV ;       ; 00:47:34
   2:15'01"84 ; DC    ;  66,150 ;     mV ;       ; 00:47:34
   2:15'02"10 ; DC    ;  66,140 ;     mV ;       ; 00:47:34
   2:15'02"37 ; DC    ;  66,140 ;     mV ;       ; 00:47:35
   2:15'02"65 ; DC    ;  66,130 ;     mV ;       ; 00:47:35
   2:15'02"95 ; DC    ;  66,120 ;     mV ;       ; 00:47:35
   2:15'03"22 ; DC    ;  66,140 ;     mV ;       ; 00:47:35
   2:15'03"47 ; DC    ;  66,150 ;     mV ;       ; 00:47:36
   2:15'03"74 ; DC    ;  66,150 ;     mV ;       ; 00:47:36
   2:15'03"99 ; DC    ;  66,150 ;     mV ;       ; 00:47:36
   2:15'04"28 ; DC    ;  66,150 ;     mV ;       ; 00:47:36
   2:15'04"56 ; DC    ;  66,150 ;     mV ;       ; 00:47:37
   2:15'04"82 ; DC    ;  66,140 ;     mV ;       ; 00:47:37
   2:15'05"07 ; DC    ;  66,150 ;     mV ;       ; 00:47:37
   2:15'05"34 ; DC    ;  66,140 ;     mV ;       ; 00:47:38
   2:15'05"59 ; DC    ;  66,140 ;     mV ;       ; 00:47:38
   2:15'05"83 ; DC    ;  66,140 ;     mV ;       ; 00:47:38
   2:15'06"08 ; DC    ;  66,130 ;     mV ;       ; 00:47:38
   2:15'06"34 ; DC    ;  66,130 ;     mV ;       ; 00:47:39
   2:15'06"62 ; DC    ;  66,130 ;     mV ;       ; 00:47:39
   2:15'06"89 ; DC    ;  66,150 ;     mV ;       ; 00:47:39
   2:15'07"16 ; DC    ;  66,130 ;     mV ;       ; 00:47:39
   2:15'07"41 ; DC    ;  66,140 ;     mV ;       ; 00:47:40
   2:15'07"68 ; DC    ;  66,110 ;     mV ;       ; 00:47:40
   2:15'07"94 ; DC    ;  66,120 ;     mV ;       ; 00:47:40
   2:15'08"19 ; DC    ;  66,120 ;     mV ;       ; 00:47:40
   2:15'08"45 ; DC    ;  66,130 ;     mV ;       ; 00:47:41
   2:15'08"72 ; DC    ;  66,130 ;     mV ;       ; 00:47:41
   2:15'08"98 ; DC    ;  66,150 ;     mV ;       ; 00:47:41
   2:15'09"24 ; DC    ;  66,150 ;     mV ;       ; 00:47:41
   2:15'09"51 ; DC    ;  66,140 ;     mV ;       ; 00:47:42
   2:15'09"78 ; DC    ;  66,130 ;     mV ;       ; 00:47:42
   2:15'10"05 ; DC    ;  66,150 ;     mV ;       ; 00:47:42
   2:15'10"31 ; DC    ;  66,170 ;     mV ;       ; 00:47:42
   2:15'10"58 ; DC    ;  66,170 ;     mV ;       ; 00:47:43
   2:15'10"83 ; DC    ;  66,170 ;     mV ;       ; 00:47:43
   2:15'11"09 ; DC    ;  66,170 ;     mV ;       ; 00:47:43
   2:15'11"35 ; DC    ;  66,150 ;     mV ;       ; 00:47:44
   2:15'11"62 ; DC    ;  66,160 ;     mV ;       ; 00:47:44
   2:15'11"88 ; DC    ;  66,170 ;     mV ;       ; 00:47:44
   2:15'12"14 ; DC    ;  66,150 ;     mV ;       ; 00:47:44
   2:15'12"39 ; DC    ;  66,150 ;     mV ;       ; 00:47:45
   2:15'12"67 ; DC    ;  66,140 ;     mV ;       ; 00:47:45
   2:15'12"93 ; DC    ;  66,140 ;     mV ;       ; 00:47:45
   2:15'13"19 ; DC    ;  66,140 ;     mV ;       ; 00:47:45
   2:15'13"44 ; DC    ;  66,140 ;     mV ;       ; 00:47:46
   2:15'13"71 ; DC    ;  66,140 ;     mV ;       ; 00:47:46
   2:15'13"96 ; DC    ;  66,150 ;     mV ;       ; 00:47:46
   2:15'14"22 ; DC    ;  66,140 ;     mV ;       ; 00:47:46
   2:15'14"51 ; DC    ;  66,140 ;     mV ;       ; 00:47:47
   2:15'14"81 ; DC    ;  66,120 ;     mV ;       ; 00:47:47
   2:15'15"09 ; DC    ;  66,130 ;     mV ;       ; 00:47:47
   2:15'15"37 ; DC    ;  66,130 ;     mV ;       ; 00:47:48
   2:15'15"66 ; DC    ;  66,120 ;     mV ;       ; 00:47:48
   2:15'15"92 ; DC    ;  66,130 ;     mV ;       ; 00:47:48
   2:15'16"18 ; DC    ;  66,130 ;     mV ;       ; 00:47:48
   2:15'16"47 ; DC    ;  66,130 ;     mV ;       ; 00:47:49
   2:15'16"75 ; DC    ;  66,130 ;     mV ;       ; 00:47:49
   2:15'17"01 ; DC    ;  66,130 ;     mV ;       ; 00:47:49
   2:15'17"27 ; DC    ;  66,100 ;     mV ;       ; 00:47:49
   2:15'17"54 ; DC    ;  66,120 ;     mV ;       ; 00:47:50
   2:15'17"81 ; DC    ;  66,140 ;     mV ;       ; 00:47:50
   2:15'18"08 ; DC    ;  66,140 ;     mV ;       ; 00:47:50
   2:15'18"35 ; DC    ;  66,130 ;     mV ;       ; 00:47:51
   2:15'18"60 ; DC    ;  66,130 ;     mV ;       ; 00:47:51
   2:15'18"87 ; DC    ;  66,120 ;     mV ;       ; 00:47:51
   2:15'19"15 ; DC    ;  66,120 ;     mV ;       ; 00:47:51
   2:15'19"46 ; DC    ;  66,120 ;     mV ;       ; 00:47:52
   2:15'19"74 ; DC    ;  66,120 ;     mV ;       ; 00:47:52
   2:15'20"00 ; DC    ;  66,140 ;     mV ;       ; 00:47:52
   2:15'20"27 ; DC    ;  66,110 ;     mV ;       ; 00:47:52
   2:15'20"53 ; DC    ;  66,140 ;     mV ;       ; 00:47:53
   2:15'20"81 ; DC    ;  66,140 ;     mV ;       ; 00:47:53
   2:15'21"08 ; DC    ;  66,120 ;     mV ;       ; 00:47:53
   2:15'21"34 ; DC    ;  66,120 ;     mV ;       ; 00:47:54
   2:15'21"62 ; DC    ;  66,120 ;     mV ;       ; 00:47:54
   2:15'21"90 ; DC    ;  66,140 ;     mV ;       ; 00:47:54
   2:15'22"17 ; DC    ;  66,140 ;     mV ;       ; 00:47:54
   2:15'22"48 ; DC    ;  66,130 ;     mV ;       ; 00:47:55
   2:15'22"74 ; DC    ;  66,120 ;     mV ;       ; 00:47:55
   2:15'22"99 ; DC    ;  66,130 ;     mV ;       ; 00:47:55
   2:15'23"29 ; DC    ;  66,130 ;     mV ;       ; 00:47:55
   2:15'23"57 ; DC    ;  66,140 ;     mV ;       ; 00:47:56
   2:15'23"82 ; DC    ;  66,150 ;     mV ;       ; 00:47:56
   2:15'24"09 ; DC    ;  66,150 ;     mV ;       ; 00:47:56
   2:15'24"36 ; DC    ;  66,140 ;     mV ;       ; 00:47:57
   2:15'24"66 ; DC    ;  66,130 ;     mV ;       ; 00:47:57
   2:15'24"95 ; DC    ;  66,120 ;     mV ;       ; 00:47:57
   2:15'25"25 ; DC    ;  66,100 ;     mV ;       ; 00:47:57
   2:15'25"50 ; DC    ;  66,110 ;     mV ;       ; 00:47:58
   2:15'25"76 ; DC    ;  66,130 ;     mV ;       ; 00:47:58
   2:15'26"01 ; DC    ;  66,130 ;     mV ;       ; 00:47:58
   2:15'26"26 ; DC    ;  66,140 ;     mV ;       ; 00:47:58
   2:15'26"51 ; DC    ;  66,140 ;     mV ;       ; 00:47:59
   2:15'26"76 ; DC    ;  66,140 ;     mV ;       ; 00:47:59
   2:15'27"01 ; DC    ;  66,130 ;     mV ;       ; 00:47:59
   2:15'27"26 ; DC    ;  66,120 ;     mV ;       ; 00:47:59
   2:15'27"51 ; DC    ;  66,130 ;     mV ;       ; 00:48:00
   2:15'27"77 ; DC    ;  66,140 ;     mV ;       ; 00:48:00
   2:15'28"02 ; DC    ;  66,130 ;     mV ;       ; 00:48:00
   2:15'28"28 ; DC    ;  66,130 ;     mV ;       ; 00:48:00
   2:15'28"55 ; DC    ;  66,130 ;     mV ;       ; 00:48:01
   2:15'28"82 ; DC    ;  66,130 ;     mV ;       ; 00:48:01
   2:15'29"10 ; DC    ;  66,130 ;     mV ;       ; 00:48:01
   2:15'29"37 ; DC    ;  66,130 ;     mV ;       ; 00:48:02
   2:15'29"63 ; DC    ;  66,140 ;     mV ;       ; 00:48:02
   2:15'29"90 ; DC    ;  66,140 ;     mV ;       ; 00:48:02
   2:15'30"19 ; DC    ;  66,130 ;     mV ;       ; 00:48:02
   2:15'30"46 ; DC    ;  66,130 ;     mV ;       ; 00:48:03
   2:15'30"73 ; DC    ;  66,150 ;     mV ;       ; 00:48:03
   2:15'31"00 ; DC    ;  66,150 ;     mV ;       ; 00:48:03
   2:15'31"27 ; DC    ;  66,130 ;     mV ;       ; 00:48:03
   2:15'31"54 ; DC    ;  66,130 ;     mV ;       ; 00:48:04
   2:15'31"81 ; DC    ;  66,170 ;     mV ;       ; 00:48:04
   2:15'32"07 ; DC    ;  66,130 ;     mV ;       ; 00:48:04
   2:15'32"34 ; DC    ;  66,130 ;     mV ;       ; 00:48:05
   2:15'32"62 ; DC    ;  66,150 ;     mV ;       ; 00:48:05
   2:15'32"92 ; DC    ;  66,170 ;     mV ;       ; 00:48:05
   2:15'33"20 ; DC    ;  66,150 ;     mV ;       ; 00:48:05
   2:15'33"48 ; DC    ;  66,150 ;     mV ;       ; 00:48:06
   2:15'33"74 ; DC    ;  66,160 ;     mV ;       ; 00:48:06
   2:15'34"00 ; DC    ;  66,140 ;     mV ;       ; 00:48:06
   2:15'34"28 ; DC    ;  66,140 ;     mV ;       ; 00:48:06
   2:15'34"55 ; DC    ;  66,160 ;     mV ;       ; 00:48:07
   2:15'34"81 ; DC    ;  66,170 ;     mV ;       ; 00:48:07
   2:15'35"08 ; DC    ;  66,180 ;     mV ;       ; 00:48:07
   2:15'35"32 ; DC    ;  66,170 ;     mV ;       ; 00:48:07
   2:15'35"57 ; DC    ;  66,190 ;     mV ;       ; 00:48:08
   2:15'35"84 ; DC    ;  66,180 ;     mV ;       ; 00:48:08
   2:15'36"09 ; DC    ;  66,180 ;     mV ;       ; 00:48:08
   2:15'36"33 ; DC    ;  66,170 ;     mV ;       ; 00:48:09
   2:15'36"60 ; DC    ;  66,170 ;     mV ;       ; 00:48:09
   2:15'36"88 ; DC    ;  66,150 ;     mV ;       ; 00:48:09
   2:15'37"17 ; DC    ;  66,180 ;     mV ;       ; 00:48:09
   2:15'37"46 ; DC    ;  66,170 ;     mV ;       ; 00:48:10
   2:15'37"73 ; DC    ;  66,170 ;     mV ;       ; 00:48:10
   2:15'38"04 ; DC    ;  66,160 ;     mV ;       ; 00:48:10
   2:15'38"33 ; DC    ;  66,170 ;     mV ;       ; 00:48:10
   2:15'38"60 ; DC    ;  66,170 ;     mV ;       ; 00:48:11
   2:15'38"86 ; DC    ;  66,150 ;     mV ;       ; 00:48:11
   2:15'39"15 ; DC    ;  66,140 ;     mV ;       ; 00:48:11
   2:15'39"43 ; DC    ;  66,160 ;     mV ;       ; 00:48:12
   2:15'39"72 ; DC    ;  66,160 ;     mV ;       ; 00:48:12
   2:15'39"99 ; DC    ;  66,160 ;     mV ;       ; 00:48:12
   2:15'40"28 ; DC    ;  66,160 ;     mV ;       ; 00:48:12
   2:15'40"56 ; DC    ;  66,160 ;     mV ;       ; 00:48:13
   2:15'40"85 ; DC    ;  66,160 ;     mV ;       ; 00:48:13
   2:15'41"11 ; DC    ;  66,180 ;     mV ;       ; 00:48:13
   2:15'41"38 ; DC    ;  66,160 ;     mV ;       ; 00:48:14
   2:15'41"63 ; DC    ;  66,170 ;     mV ;       ; 00:48:14
   2:15'41"90 ; DC    ;  66,160 ;     mV ;       ; 00:48:14
   2:15'42"16 ; DC    ;  66,160 ;     mV ;       ; 00:48:14
   2:15'42"41 ; DC    ;  66,170 ;     mV ;       ; 00:48:15
   2:15'42"69 ; DC    ;  66,170 ;     mV ;       ; 00:48:15
   2:15'42"95 ; DC    ;  66,160 ;     mV ;       ; 00:48:15
   2:15'43"22 ; DC    ;  66,160 ;     mV ;       ; 00:48:15
   2:15'43"48 ; DC    ;  66,150 ;     mV ;       ; 00:48:16
   2:15'43"73 ; DC    ;  66,170 ;     mV ;       ; 00:48:16
   2:15'43"99 ; DC    ;  66,170 ;     mV ;       ; 00:48:16
   2:15'44"26 ; DC    ;  66,170 ;     mV ;       ; 00:48:16
   2:15'44"52 ; DC    ;  66,170 ;     mV ;       ; 00:48:17
   2:15'44"77 ; DC    ;  66,160 ;     mV ;       ; 00:48:17
   2:15'45"05 ; DC    ;  66,160 ;     mV ;       ; 00:48:17
   2:15'45"33 ; DC    ;  66,150 ;     mV ;       ; 00:48:18
   2:15'45"60 ; DC    ;  66,160 ;     mV ;       ; 00:48:18
   2:15'45"87 ; DC    ;  66,150 ;     mV ;       ; 00:48:18
   2:15'46"14 ; DC    ;  66,150 ;     mV ;       ; 00:48:18
   2:15'46"38 ; DC    ;  66,140 ;     mV ;       ; 00:48:19
   2:15'46"63 ; DC    ;  66,140 ;     mV ;       ; 00:48:19
   2:15'46"89 ; DC    ;  66,150 ;     mV ;       ; 00:48:19
   2:15'47"15 ; DC    ;  66,150 ;     mV ;       ; 00:48:19
   2:15'47"42 ; DC    ;  66,160 ;     mV ;       ; 00:48:20
   2:15'47"68 ; DC    ;  66,170 ;     mV ;       ; 00:48:20
   2:15'47"96 ; DC    ;  66,150 ;     mV ;       ; 00:48:20
   2:15'48"24 ; DC    ;  66,150 ;     mV ;       ; 00:48:20
   2:15'48"51 ; DC    ;  66,150 ;     mV ;       ; 00:48:21
   2:15'48"79 ; DC    ;  66,150 ;     mV ;       ; 00:48:21
   2:15'49"07 ; DC    ;  66,150 ;     mV ;       ; 00:48:21
   2:15'49"35 ; DC    ;  66,140 ;     mV ;       ; 00:48:22
   2:15'49"60 ; DC    ;  66,160 ;     mV ;       ; 00:48:22
   2:15'49"86 ; DC    ;  66,170 ;     mV ;       ; 00:48:22
   2:15'50"11 ; DC    ;  66,170 ;     mV ;       ; 00:48:22
   2:15'50"39 ; DC    ;  66,160 ;     mV ;       ; 00:48:23
   2:15'50"63 ; DC    ;  66,160 ;     mV ;       ; 00:48:23
   2:15'50"91 ; DC    ;  66,150 ;     mV ;       ; 00:48:23
   2:15'51"17 ; DC    ;  66,160 ;     mV ;       ; 00:48:23
   2:15'51"43 ; DC    ;  66,150 ;     mV ;       ; 00:48:24
   2:15'51"68 ; DC    ;  66,160 ;     mV ;       ; 00:48:24
   2:15'51"94 ; DC    ;  66,160 ;     mV ;       ; 00:48:24
   2:15'52"29 ; DC    ;  66,170 ;     mV ;       ; 00:48:24
   2:15'52"57 ; DC    ;  66,180 ;     mV ;       ; 00:48:25
   2:15'52"85 ; DC    ;  66,180 ;     mV ;       ; 00:48:25
   2:15'53"11 ; DC    ;  66,180 ;     mV ;       ; 00:48:25
   2:15'53"43 ; DC    ;  66,190 ;     mV ;       ; 00:48:26
   2:15'53"71 ; DC    ;  66,180 ;     mV ;       ; 00:48:26
   2:15'53"99 ; DC    ;  66,170 ;     mV ;       ; 00:48:26
   2:15'54"27 ; DC    ;  66,190 ;     mV ;       ; 00:48:26
   2:15'54"55 ; DC    ;  66,190 ;     mV ;       ; 00:48:27
   2:15'54"81 ; DC    ;  66,180 ;     mV ;       ; 00:48:27
   2:15'55"07 ; DC    ;  66,190 ;     mV ;       ; 00:48:27
   2:15'55"34 ; DC    ;  66,180 ;     mV ;       ; 00:48:28
   2:15'55"60 ; DC    ;  66,180 ;     mV ;       ; 00:48:28
   2:15'55"88 ; DC    ;  66,180 ;     mV ;       ; 00:48:28
   2:15'56"14 ; DC    ;  66,180 ;     mV ;       ; 00:48:28
   2:15'56"41 ; DC    ;  66,170 ;     mV ;       ; 00:48:29
   2:15'56"69 ; DC    ;  66,170 ;     mV ;       ; 00:48:29
   2:15'56"95 ; DC    ;  66,170 ;     mV ;       ; 00:48:29
   2:15'57"22 ; DC    ;  66,190 ;     mV ;       ; 00:48:29
   2:15'57"48 ; DC    ;  66,190 ;     mV ;       ; 00:48:30
   2:15'57"75 ; DC    ;  66,190 ;     mV ;       ; 00:48:30
   2:15'57"99 ; DC    ;  66,200 ;     mV ;       ; 00:48:30
   2:15'58"26 ; DC    ;  66,200 ;     mV ;       ; 00:48:30
   2:15'58"51 ; DC    ;  66,180 ;     mV ;       ; 00:48:31
   2:15'58"75 ; DC    ;  66,190 ;     mV ;       ; 00:48:31
   2:15'59"02 ; DC    ;  66,180 ;     mV ;       ; 00:48:31
   2:15'59"27 ; DC    ;  66,190 ;     mV ;       ; 00:48:31
   2:15'59"54 ; DC    ;  66,170 ;     mV ;       ; 00:48:32
   2:15'59"82 ; DC    ;  66,170 ;     mV ;       ; 00:48:32
   2:16'00"08 ; DC    ;  66,180 ;     mV ;       ; 00:48:32
   2:16'00"34 ; DC    ;  66,180 ;     mV ;       ; 00:48:33
   2:16'00"62 ; DC    ;  66,170 ;     mV ;       ; 00:48:33
   2:16'00"89 ; DC    ;  66,170 ;     mV ;       ; 00:48:33
   2:16'01"19 ; DC    ;  66,170 ;     mV ;       ; 00:48:33
   2:16'01"44 ; DC    ;  66,170 ;     mV ;       ; 00:48:34
   2:16'01"73 ; DC    ;  66,150 ;     mV ;       ; 00:48:34
   2:16'01"99 ; DC    ;  66,160 ;     mV ;       ; 00:48:34
   2:16'02"24 ; DC    ;  66,130 ;     mV ;       ; 00:48:34
   2:16'02"51 ; DC    ;  66,130 ;     mV ;       ; 00:48:35
   2:16'02"78 ; DC    ;  66,170 ;     mV ;       ; 00:48:35
   2:16'03"04 ; DC    ;  66,170 ;     mV ;       ; 00:48:35
   2:16'03"31 ; DC    ;  66,160 ;     mV ;       ; 00:48:35
   2:16'03"58 ; DC    ;  66,140 ;     mV ;       ; 00:48:36
   2:16'03"83 ; DC    ;  66,160 ;     mV ;       ; 00:48:36
   2:16'04"08 ; DC    ;  66,170 ;     mV ;       ; 00:48:36
   2:16'04"35 ; DC    ;  66,170 ;     mV ;       ; 00:48:37
   2:16'04"64 ; DC    ;  66,160 ;     mV ;       ; 00:48:37
   2:16'04"91 ; DC    ;  66,180 ;     mV ;       ; 00:48:37
   2:16'05"17 ; DC    ;  66,180 ;     mV ;       ; 00:48:37
   2:16'05"44 ; DC    ;  66,180 ;     mV ;       ; 00:48:38
   2:16'05"70 ; DC    ;  66,180 ;     mV ;       ; 00:48:38
   2:16'05"95 ; DC    ;  66,180 ;     mV ;       ; 00:48:38
   2:16'06"21 ; DC    ;  66,180 ;     mV ;       ; 00:48:38
   2:16'06"46 ; DC    ;  66,170 ;     mV ;       ; 00:48:39
   2:16'06"75 ; DC    ;  66,170 ;     mV ;       ; 00:48:39
   2:16'07"05 ; DC    ;  66,150 ;     mV ;       ; 00:48:39
   2:16'07"33 ; DC    ;  66,160 ;     mV ;       ; 00:48:40
   2:16'07"63 ; DC    ;  66,160 ;     mV ;       ; 00:48:40
   2:16'07"93 ; DC    ;  66,170 ;     mV ;       ; 00:48:40
   2:16'08"21 ; DC    ;  66,150 ;     mV ;       ; 00:48:40
   2:16'08"48 ; DC    ;  66,150 ;     mV ;       ; 00:48:41
   2:16'08"75 ; DC    ;  66,160 ;     mV ;       ; 00:48:41
   2:16'09"02 ; DC    ;  66,150 ;     mV ;       ; 00:48:41
   2:16'09"27 ; DC    ;  66,140 ;     mV ;       ; 00:48:41
   2:16'09"54 ; DC    ;  66,140 ;     mV ;       ; 00:48:42
   2:16'09"79 ; DC    ;  66,130 ;     mV ;       ; 00:48:42
   2:16'10"06 ; DC    ;  66,140 ;     mV ;       ; 00:48:42
   2:16'10"32 ; DC    ;  66,160 ;     mV ;       ; 00:48:42
   2:16'10"59 ; DC    ;  66,150 ;     mV ;       ; 00:48:43
   2:16'10"88 ; DC    ;  66,150 ;     mV ;       ; 00:48:43
   2:16'11"19 ; DC    ;  66,140 ;     mV ;       ; 00:48:43
   2:16'11"47 ; DC    ;  66,120 ;     mV ;       ; 00:48:44
   2:16'11"77 ; DC    ;  66,130 ;     mV ;       ; 00:48:44
   2:16'12"04 ; DC    ;  66,120 ;     mV ;       ; 00:48:44
   2:16'12"33 ; DC    ;  66,130 ;     mV ;       ; 00:48:44
   2:16'12"59 ; DC    ;  66,150 ;     mV ;       ; 00:48:45
   2:16'12"87 ; DC    ;  66,140 ;     mV ;       ; 00:48:45
   2:16'13"13 ; DC    ;  66,160 ;     mV ;       ; 00:48:45
   2:16'13"38 ; DC    ;  66,170 ;     mV ;       ; 00:48:46
   2:16'13"63 ; DC    ;  66,170 ;     mV ;       ; 00:48:46
   2:16'13"88 ; DC    ;  66,170 ;     mV ;       ; 00:48:46
   2:16'14"13 ; DC    ;  66,170 ;     mV ;       ; 00:48:46
   2:16'14"40 ; DC    ;  66,160 ;     mV ;       ; 00:48:47
   2:16'14"68 ; DC    ;  66,140 ;     mV ;       ; 00:48:47
   2:16'14"96 ; DC    ;  66,150 ;     mV ;       ; 00:48:47
   2:16'15"23 ; DC    ;  66,150 ;     mV ;       ; 00:48:47
   2:16'15"52 ; DC    ;  66,150 ;     mV ;       ; 00:48:48
   2:16'15"81 ; DC    ;  66,140 ;     mV ;       ; 00:48:48
   2:16'16"12 ; DC    ;  66,150 ;     mV ;       ; 00:48:48
   2:16'16"40 ; DC    ;  66,160 ;     mV ;       ; 00:48:49
   2:16'16"65 ; DC    ;  66,150 ;     mV ;       ; 00:48:49
   2:16'16"91 ; DC    ;  66,160 ;     mV ;       ; 00:48:49
   2:16'17"18 ; DC    ;  66,140 ;     mV ;       ; 00:48:49
   2:16'17"43 ; DC    ;  66,140 ;     mV ;       ; 00:48:50
   2:16'17"70 ; DC    ;  66,130 ;     mV ;       ; 00:48:50
   2:16'17"97 ; DC    ;  66,150 ;     mV ;       ; 00:48:50
   2:16'18"25 ; DC    ;  66,150 ;     mV ;       ; 00:48:50
   2:16'18"51 ; DC    ;  66,140 ;     mV ;       ; 00:48:51
   2:16'18"78 ; DC    ;  66,160 ;     mV ;       ; 00:48:51
   2:16'19"02 ; DC    ;  66,160 ;     mV ;       ; 00:48:51
   2:16'19"29 ; DC    ;  66,160 ;     mV ;       ; 00:48:51
   2:16'19"55 ; DC    ;  66,160 ;     mV ;       ; 00:48:52
   2:16'19"81 ; DC    ;  66,170 ;     mV ;       ; 00:48:52
   2:16'20"07 ; DC    ;  66,170 ;     mV ;       ; 00:48:52
   2:16'20"34 ; DC    ;  66,160 ;     mV ;       ; 00:48:53
   2:16'20"58 ; DC    ;  66,170 ;     mV ;       ; 00:48:53
   2:16'21"00 ; DC    ;  66,160 ;     mV ;       ; 00:48:53
   2:16'21"27 ; DC    ;  66,170 ;     mV ;       ; 00:48:53
   2:16'21"52 ; DC    ;  66,170 ;     mV ;       ; 00:48:54
   2:16'21"79 ; DC    ;  66,160 ;     mV ;       ; 00:48:54
   2:16'22"08 ; DC    ;  66,150 ;     mV ;       ; 00:48:54
   2:16'22"36 ; DC    ;  66,150 ;     mV ;       ; 00:48:55
   2:16'22"61 ; DC    ;  66,160 ;     mV ;       ; 00:48:55
   2:16'22"88 ; DC    ;  66,160 ;     mV ;       ; 00:48:55
   2:16'23"15 ; DC    ;  66,160 ;     mV ;       ; 00:48:55
   2:16'23"42 ; DC    ;  66,170 ;     mV ;       ; 00:48:56
   2:16'23"69 ; DC    ;  66,170 ;     mV ;       ; 00:48:56
   2:16'23"96 ; DC    ;  66,160 ;     mV ;       ; 00:48:56
   2:16'24"25 ; DC    ;  66,160 ;     mV ;       ; 00:48:56
   2:16'24"51 ; DC    ;  66,160 ;     mV ;       ; 00:48:57
   2:16'24"79 ; DC    ;  66,140 ;     mV ;       ; 00:48:57
   2:16'25"05 ; DC    ;  66,150 ;     mV ;       ; 00:48:57
   2:16'25"34 ; DC    ;  66,160 ;     mV ;       ; 00:48:58
   2:16'25"62 ; DC    ;  66,160 ;     mV ;       ; 00:48:58
   2:16'25"93 ; DC    ;  66,170 ;     mV ;       ; 00:48:58
   2:16'26"21 ; DC    ;  66,160 ;     mV ;       ; 00:48:58
   2:16'26"48 ; DC    ;  66,160 ;     mV ;       ; 00:48:59
   2:16'26"82 ; DC    ;  66,150 ;     mV ;       ; 00:48:59
   2:16'27"08 ; DC    ;  66,150 ;     mV ;       ; 00:48:59
   2:16'27"35 ; DC    ;  66,150 ;     mV ;       ; 00:49:00
   2:16'27"60 ; DC    ;  66,150 ;     mV ;       ; 00:49:00
   2:16'27"87 ; DC    ;  66,160 ;     mV ;       ; 00:49:00
   2:16'28"12 ; DC    ;  66,160 ;     mV ;       ; 00:49:00
   2:16'28"37 ; DC    ;  66,160 ;     mV ;       ; 00:49:01
   2:16'28"63 ; DC    ;  66,150 ;     mV ;       ; 00:49:01
   2:16'28"91 ; DC    ;  66,150 ;     mV ;       ; 00:49:01
   2:16'29"19 ; DC    ;  66,150 ;     mV ;       ; 00:49:01
   2:16'29"49 ; DC    ;  66,150 ;     mV ;       ; 00:49:02
   2:16'29"76 ; DC    ;  66,140 ;     mV ;       ; 00:49:02
   2:16'30"05 ; DC    ;  66,150 ;     mV ;       ; 00:49:02
   2:16'30"34 ; DC    ;  66,140 ;     mV ;       ; 00:49:03
   2:16'30"62 ; DC    ;  66,140 ;     mV ;       ; 00:49:03
   2:16'30"89 ; DC    ;  66,140 ;     mV ;       ; 00:49:03
   2:16'31"17 ; DC    ;  66,150 ;     mV ;       ; 00:49:03
   2:16'31"45 ; DC    ;  66,150 ;     mV ;       ; 00:49:04
   2:16'31"71 ; DC    ;  66,150 ;     mV ;       ; 00:49:04
   2:16'31"99 ; DC    ;  66,150 ;     mV ;       ; 00:49:04
   2:16'32"26 ; DC    ;  66,170 ;     mV ;       ; 00:49:04
   2:16'32"52 ; DC    ;  66,160 ;     mV ;       ; 00:49:05
   2:16'32"77 ; DC    ;  66,170 ;     mV ;       ; 00:49:05
   2:16'33"07 ; DC    ;  66,170 ;     mV ;       ; 00:49:05
   2:16'33"35 ; DC    ;  66,150 ;     mV ;       ; 00:49:06
   2:16'33"64 ; DC    ;  66,150 ;     mV ;       ; 00:49:06
   2:16'33"91 ; DC    ;  66,140 ;     mV ;       ; 00:49:06
   2:16'34"19 ; DC    ;  66,150 ;     mV ;       ; 00:49:06
   2:16'34"47 ; DC    ;  66,150 ;     mV ;       ; 00:49:07
   2:16'34"73 ; DC    ;  66,140 ;     mV ;       ; 00:49:07
   2:16'34"98 ; DC    ;  66,150 ;     mV ;       ; 00:49:07
   2:16'35"23 ; DC    ;  66,140 ;     mV ;       ; 00:49:07
   2:16'35"49 ; DC    ;  66,140 ;     mV ;       ; 00:49:08
   2:16'35"74 ; DC    ;  66,140 ;     mV ;       ; 00:49:08
   2:16'35"99 ; DC    ;  66,150 ;     mV ;       ; 00:49:08
   2:16'36"27 ; DC    ;  66,150 ;     mV ;       ; 00:49:08
   2:16'36"53 ; DC    ;  66,140 ;     mV ;       ; 00:49:09
   2:16'36"79 ; DC    ;  66,140 ;     mV ;       ; 00:49:09
   2:16'37"05 ; DC    ;  66,140 ;     mV ;       ; 00:49:09
   2:16'37"33 ; DC    ;  66,140 ;     mV ;       ; 00:49:10
   2:16'37"61 ; DC    ;  66,140 ;     mV ;       ; 00:49:10
   2:16'37"88 ; DC    ;  66,130 ;     mV ;       ; 00:49:10
   2:16'38"17 ; DC    ;  66,130 ;     mV ;       ; 00:49:10
   2:16'38"41 ; DC    ;  66,140 ;     mV ;       ; 00:49:11
   2:16'38"71 ; DC    ;  66,150 ;     mV ;       ; 00:49:11
   2:16'38"97 ; DC    ;  66,170 ;     mV ;       ; 00:49:11
   2:16'39"32 ; DC    ;  66,160 ;     mV ;       ; 00:49:11
   2:16'39"60 ; DC    ;  66,170 ;     mV ;       ; 00:49:12
   2:16'39"87 ; DC    ;  66,170 ;     mV ;       ; 00:49:12
   2:16'40"12 ; DC    ;  66,170 ;     mV ;       ; 00:49:12
   2:16'40"38 ; DC    ;  66,160 ;     mV ;       ; 00:49:13
   2:16'40"66 ; DC    ;  66,160 ;     mV ;       ; 00:49:13
   2:16'40"94 ; DC    ;  66,150 ;     mV ;       ; 00:49:13
   2:16'41"22 ; DC    ;  66,170 ;     mV ;       ; 00:49:13
   2:16'41"48 ; DC    ;  66,170 ;     mV ;       ; 00:49:14
   2:16'41"77 ; DC    ;  66,170 ;     mV ;       ; 00:49:14
   2:16'42"02 ; DC    ;  66,150 ;     mV ;       ; 00:49:14
   2:16'42"28 ; DC    ;  66,140 ;     mV ;       ; 00:49:14
   2:16'42"55 ; DC    ;  66,130 ;     mV ;       ; 00:49:15
   2:16'42"81 ; DC    ;  66,140 ;     mV ;       ; 00:49:15
   2:16'43"07 ; DC    ;  66,130 ;     mV ;       ; 00:49:15
   2:16'43"35 ; DC    ;  66,130 ;     mV ;       ; 00:49:16
   2:16'43"63 ; DC    ;  66,130 ;     mV ;       ; 00:49:16
   2:16'43"90 ; DC    ;  66,160 ;     mV ;       ; 00:49:16
   2:16'44"18 ; DC    ;  66,160 ;     mV ;       ; 00:49:16
   2:16'44"48 ; DC    ;  66,160 ;     mV ;       ; 00:49:17
   2:16'44"78 ; DC    ;  66,170 ;     mV ;       ; 00:49:17
   2:16'45"04 ; DC    ;  66,150 ;     mV ;       ; 00:49:17
   2:16'45"33 ; DC    ;  66,160 ;     mV ;       ; 00:49:17
   2:16'45"60 ; DC    ;  66,160 ;     mV ;       ; 00:49:18
   2:16'45"88 ; DC    ;  66,160 ;     mV ;       ; 00:49:18
   2:16'46"14 ; DC    ;  66,160 ;     mV ;       ; 00:49:18
   2:16'46"40 ; DC    ;  66,170 ;     mV ;       ; 00:49:19
   2:16'46"67 ; DC    ;  66,170 ;     mV ;       ; 00:49:19
   2:16'46"93 ; DC    ;  66,170 ;     mV ;       ; 00:49:19
   2:16'47"19 ; DC    ;  66,170 ;     mV ;       ; 00:49:19
   2:16'47"45 ; DC    ;  66,170 ;     mV ;       ; 00:49:20
   2:16'47"71 ; DC    ;  66,170 ;     mV ;       ; 00:49:20
   2:16'47"97 ; DC    ;  66,180 ;     mV ;       ; 00:49:20
   2:16'48"22 ; DC    ;  66,180 ;     mV ;       ; 00:49:20
   2:16'48"50 ; DC    ;  66,150 ;     mV ;       ; 00:49:21
   2:16'48"77 ; DC    ;  66,170 ;     mV ;       ; 00:49:21
   2:16'49"06 ; DC    ;  66,160 ;     mV ;       ; 00:49:21
   2:16'49"32 ; DC    ;  66,150 ;     mV ;       ; 00:49:21
   2:16'49"58 ; DC    ;  66,150 ;     mV ;       ; 00:49:22
   2:16'49"84 ; DC    ;  66,170 ;     mV ;       ; 00:49:22
   2:16'50"10 ; DC    ;  66,150 ;     mV ;       ; 00:49:22
   2:16'50"36 ; DC    ;  66,160 ;     mV ;       ; 00:49:23
   2:16'50"62 ; DC    ;  66,140 ;     mV ;       ; 00:49:23
   2:16'50"88 ; DC    ;  66,120 ;     mV ;       ; 00:49:23
   2:16'51"13 ; DC    ;  66,120 ;     mV ;       ; 00:49:23
   2:16'51"42 ; DC    ;  66,120 ;     mV ;       ; 00:49:24
   2:16'51"71 ; DC    ;  66,130 ;     mV ;       ; 00:49:24
   2:16'51"97 ; DC    ;  66,130 ;     mV ;       ; 00:49:24
   2:16'52"23 ; DC    ;  66,150 ;     mV ;       ; 00:49:24
   2:16'52"49 ; DC    ;  66,140 ;     mV ;       ; 00:49:25
   2:16'52"76 ; DC    ;  66,130 ;     mV ;       ; 00:49:25
   2:16'53"03 ; DC    ;  66,160 ;     mV ;       ; 00:49:25
   2:16'53"28 ; DC    ;  66,140 ;     mV ;       ; 00:49:25
   2:16'53"57 ; DC    ;  66,130 ;     mV ;       ; 00:49:26
   2:16'53"84 ; DC    ;  66,130 ;     mV ;       ; 00:49:26
   2:16'54"10 ; DC    ;  66,120 ;     mV ;       ; 00:49:26
   2:16'54"39 ; DC    ;  66,120 ;     mV ;       ; 00:49:27
   2:16'54"67 ; DC    ;  66,130 ;     mV ;       ; 00:49:27
   2:16'54"96 ; DC    ;  66,110 ;     mV ;       ; 00:49:27
   2:16'55"25 ; DC    ;  66,110 ;     mV ;       ; 00:49:27
   2:16'55"51 ; DC    ;  66,110 ;     mV ;       ; 00:49:28
   2:16'55"77 ; DC    ;  66,110 ;     mV ;       ; 00:49:28
   2:16'56"04 ; DC    ;  66,130 ;     mV ;       ; 00:49:28
   2:16'56"42 ; DC    ;  66,120 ;     mV ;       ; 00:49:29
   2:16'56"68 ; DC    ;  66,130 ;     mV ;       ; 00:49:29
   2:16'56"97 ; DC    ;  66,100 ;     mV ;       ; 00:49:29
   2:16'57"24 ; DC    ;  66,080 ;     mV ;       ; 00:49:29
   2:16'57"49 ; DC    ;  66,080 ;     mV ;       ; 00:49:30
   2:16'57"74 ; DC    ;  66,080 ;     mV ;       ; 00:49:30
   2:16'58"00 ; DC    ;  66,080 ;     mV ;       ; 00:49:30
   2:16'58"28 ; DC    ;  66,080 ;     mV ;       ; 00:49:30
   2:16'58"54 ; DC    ;  66,080 ;     mV ;       ; 00:49:31
   2:16'58"81 ; DC    ;  66,090 ;     mV ;       ; 00:49:31
   2:16'59"07 ; DC    ;  66,090 ;     mV ;       ; 00:49:31
   2:16'59"34 ; DC    ;  66,090 ;     mV ;       ; 00:49:32
   2:16'59"62 ; DC    ;  66,090 ;     mV ;       ; 00:49:32
   2:16'59"89 ; DC    ;  66,090 ;     mV ;       ; 00:49:32
   2:17'00"16 ; DC    ;  66,080 ;     mV ;       ; 00:49:32
   2:17'00"41 ; DC    ;  66,100 ;     mV ;       ; 00:49:33
   2:17'00"66 ; DC    ;  66,100 ;     mV ;       ; 00:49:33
   2:17'00"97 ; DC    ;  66,070 ;     mV ;       ; 00:49:33
   2:17'01"23 ; DC    ;  66,080 ;     mV ;       ; 00:49:33
   2:17'01"50 ; DC    ;  66,090 ;     mV ;       ; 00:49:34
   2:17'01"76 ; DC    ;  66,100 ;     mV ;       ; 00:49:34
   2:17'02"01 ; DC    ;  66,120 ;     mV ;       ; 00:49:34
   2:17'02"26 ; DC    ;  66,100 ;     mV ;       ; 00:49:34
   2:17'02"51 ; DC    ;  66,100 ;     mV ;       ; 00:49:35
   2:17'02"77 ; DC    ;  66,100 ;     mV ;       ; 00:49:35
   2:17'03"03 ; DC    ;  66,090 ;     mV ;       ; 00:49:35
   2:17'03"29 ; DC    ;  66,110 ;     mV ;       ; 00:49:35
   2:17'03"55 ; DC    ;  66,100 ;     mV ;       ; 00:49:36
   2:17'03"81 ; DC    ;  66,100 ;     mV ;       ; 00:49:36
   2:17'04"07 ; DC    ;  66,120 ;     mV ;       ; 00:49:36
   2:17'04"32 ; DC    ;  66,120 ;     mV ;       ; 00:49:36
   2:17'04"58 ; DC    ;  66,120 ;     mV ;       ; 00:49:37
   2:17'04"84 ; DC    ;  66,120 ;     mV ;       ; 00:49:37
   2:17'05"09 ; DC    ;  66,120 ;     mV ;       ; 00:49:37
   2:17'05"33 ; DC    ;  66,140 ;     mV ;       ; 00:49:38
   2:17'05"60 ; DC    ;  66,120 ;     mV ;       ; 00:49:38
   2:17'05"85 ; DC    ;  66,130 ;     mV ;       ; 00:49:38
   2:17'06"10 ; DC    ;  66,140 ;     mV ;       ; 00:49:38
   2:17'06"37 ; DC    ;  66,140 ;     mV ;       ; 00:49:39
   2:17'06"63 ; DC    ;  66,130 ;     mV ;       ; 00:49:39
   2:17'06"88 ; DC    ;  66,130 ;     mV ;       ; 00:49:39
   2:17'07"13 ; DC    ;  66,140 ;     mV ;       ; 00:49:39
   2:17'07"38 ; DC    ;  66,130 ;     mV ;       ; 00:49:40
   2:17'07"63 ; DC    ;  66,130 ;     mV ;       ; 00:49:40
   2:17'07"90 ; DC    ;  66,130 ;     mV ;       ; 00:49:40
   2:17'08"16 ; DC    ;  66,140 ;     mV ;       ; 00:49:40
   2:17'08"42 ; DC    ;  66,140 ;     mV ;       ; 00:49:41
   2:17'08"69 ; DC    ;  66,150 ;     mV ;       ; 00:49:41
   2:17'08"95 ; DC    ;  66,140 ;     mV ;       ; 00:49:41
   2:17'09"22 ; DC    ;  66,150 ;     mV ;       ; 00:49:41
   2:17'09"48 ; DC    ;  66,140 ;     mV ;       ; 00:49:42
   2:17'09"75 ; DC    ;  66,150 ;     mV ;       ; 00:49:42
   2:17'10"01 ; DC    ;  66,130 ;     mV ;       ; 00:49:42
   2:17'10"26 ; DC    ;  66,130 ;     mV ;       ; 00:49:42
   2:17'10"54 ; DC    ;  66,130 ;     mV ;       ; 00:49:43
   2:17'10"80 ; DC    ;  66,150 ;     mV ;       ; 00:49:43
   2:17'11"06 ; DC    ;  66,140 ;     mV ;       ; 00:49:43
   2:17'11"33 ; DC    ;  66,150 ;     mV ;       ; 00:49:43
   2:17'11"59 ; DC    ;  66,140 ;     mV ;       ; 00:49:44
   2:17'11"85 ; DC    ;  66,140 ;     mV ;       ; 00:49:44
   2:17'12"10 ; DC    ;  66,140 ;     mV ;       ; 00:49:44
   2:17'12"35 ; DC    ;  66,130 ;     mV ;       ; 00:49:45
   2:17'12"60 ; DC    ;  66,130 ;     mV ;       ; 00:49:45
   2:17'12"86 ; DC    ;  66,130 ;     mV ;       ; 00:49:45
   2:17'13"14 ; DC    ;  66,120 ;     mV ;       ; 00:49:45
   2:17'13"39 ; DC    ;  66,130 ;     mV ;       ; 00:49:46
   2:17'13"67 ; DC    ;  66,130 ;     mV ;       ; 00:49:46
   2:17'13"93 ; DC    ;  66,110 ;     mV ;       ; 00:49:46
   2:17'14"19 ; DC    ;  66,120 ;     mV ;       ; 00:49:46
   2:17'14"45 ; DC    ;  66,120 ;     mV ;       ; 00:49:47
   2:17'14"74 ; DC    ;  66,120 ;     mV ;       ; 00:49:47
   2:17'15"00 ; DC    ;  66,120 ;     mV ;       ; 00:49:47
   2:17'15"28 ; DC    ;  66,110 ;     mV ;       ; 00:49:47
   2:17'15"54 ; DC    ;  66,100 ;     mV ;       ; 00:49:48
   2:17'15"80 ; DC    ;  66,090 ;     mV ;       ; 00:49:48
   2:17'16"07 ; DC    ;  66,090 ;     mV ;       ; 00:49:48
   2:17'16"33 ; DC    ;  66,100 ;     mV ;       ; 00:49:49
   2:17'16"60 ; DC    ;  66,090 ;     mV ;       ; 00:49:49
   2:17'16"85 ; DC    ;  66,090 ;     mV ;       ; 00:49:49
   2:17'17"10 ; DC    ;  66,110 ;     mV ;       ; 00:49:49
   2:17'17"39 ; DC    ;  66,110 ;     mV ;       ; 00:49:50
   2:17'17"65 ; DC    ;  66,120 ;     mV ;       ; 00:49:50
   2:17'17"97 ; DC    ;  66,110 ;     mV ;       ; 00:49:50
   2:17'18"23 ; DC    ;  66,120 ;     mV ;       ; 00:49:50
   2:17'18"54 ; DC    ;  66,110 ;     mV ;       ; 00:49:51
   2:17'18"82 ; DC    ;  66,110 ;     mV ;       ; 00:49:51
   2:17'19"10 ; DC    ;  66,110 ;     mV ;       ; 00:49:51
   2:17'19"38 ; DC    ;  66,110 ;     mV ;       ; 00:49:52
   2:17'19"63 ; DC    ;  66,110 ;     mV ;       ; 00:49:52
   2:17'19"95 ; DC    ;  66,120 ;     mV ;       ; 00:49:52
   2:17'20"21 ; DC    ;  66,110 ;     mV ;       ; 00:49:52
   2:17'20"46 ; DC    ;  66,110 ;     mV ;       ; 00:49:53
   2:17'20"72 ; DC    ;  66,110 ;     mV ;       ; 00:49:53
   2:17'20"99 ; DC    ;  66,110 ;     mV ;       ; 00:49:53
   2:17'21"25 ; DC    ;  66,120 ;     mV ;       ; 00:49:53
   2:17'21"52 ; DC    ;  66,120 ;     mV ;       ; 00:49:54
   2:17'21"78 ; DC    ;  66,120 ;     mV ;       ; 00:49:54
   2:17'22"05 ; DC    ;  66,100 ;     mV ;       ; 00:49:54
   2:17'22"31 ; DC    ;  66,110 ;     mV ;       ; 00:49:54
   2:17'22"56 ; DC    ;  66,130 ;     mV ;       ; 00:49:55
   2:17'22"83 ; DC    ;  66,130 ;     mV ;       ; 00:49:55
   2:17'23"10 ; DC    ;  66,120 ;     mV ;       ; 00:49:55
   2:17'23"38 ; DC    ;  66,140 ;     mV ;       ; 00:49:56
   2:17'23"64 ; DC    ;  66,130 ;     mV ;       ; 00:49:56
   2:17'23"90 ; DC    ;  66,120 ;     mV ;       ; 00:49:56
   2:17'24"15 ; DC    ;  66,110 ;     mV ;       ; 00:49:56
   2:17'24"42 ; DC    ;  66,130 ;     mV ;       ; 00:49:57
   2:17'24"68 ; DC    ;  66,130 ;     mV ;       ; 00:49:57
   2:17'24"93 ; DC    ;  66,110 ;     mV ;       ; 00:49:57
   2:17'25"19 ; DC    ;  66,130 ;     mV ;       ; 00:49:57
   2:17'25"44 ; DC    ;  66,140 ;     mV ;       ; 00:49:58
   2:17'25"69 ; DC    ;  66,110 ;     mV ;       ; 00:49:58
   2:17'25"96 ; DC    ;  66,130 ;     mV ;       ; 00:49:58
   2:17'26"21 ; DC    ;  66,120 ;     mV ;       ; 00:49:58
   2:17'26"46 ; DC    ;  66,120 ;     mV ;       ; 00:49:59
   2:17'26"74 ; DC    ;  66,120 ;     mV ;       ; 00:49:59
   2:17'27"01 ; DC    ;  66,130 ;     mV ;       ; 00:49:59
   2:17'27"27 ; DC    ;  66,130 ;     mV ;       ; 00:49:59
   2:17'27"56 ; DC    ;  66,120 ;     mV ;       ; 00:50:00
   2:17'27"86 ; DC    ;  66,110 ;     mV ;       ; 00:50:00
   2:17'28"13 ; DC    ;  66,110 ;     mV ;       ; 00:50:00
   2:17'28"40 ; DC    ;  66,110 ;     mV ;       ; 00:50:01
   2:17'28"66 ; DC    ;  66,140 ;     mV ;       ; 00:50:01
   2:17'28"91 ; DC    ;  66,130 ;     mV ;       ; 00:50:01
   2:17'29"16 ; DC    ;  66,130 ;     mV ;       ; 00:50:01
   2:17'29"41 ; DC    ;  66,130 ;     mV ;       ; 00:50:02
   2:17'29"66 ; DC    ;  66,110 ;     mV ;       ; 00:50:02
   2:17'29"91 ; DC    ;  66,110 ;     mV ;       ; 00:50:02
   2:17'30"18 ; DC    ;  66,110 ;     mV ;       ; 00:50:02
   2:17'30"43 ; DC    ;  66,130 ;     mV ;       ; 00:50:03
   2:17'30"69 ; DC    ;  66,130 ;     mV ;       ; 00:50:03
   2:17'30"95 ; DC    ;  66,130 ;     mV ;       ; 00:50:03
   2:17'31"22 ; DC    ;  66,120 ;     mV ;       ; 00:50:03
   2:17'31"48 ; DC    ;  66,120 ;     mV ;       ; 00:50:04
   2:17'31"75 ; DC    ;  66,120 ;     mV ;       ; 00:50:04
   2:17'32"01 ; DC    ;  66,130 ;     mV ;       ; 00:50:04
   2:17'32"27 ; DC    ;  66,120 ;     mV ;       ; 00:50:04
   2:17'32"55 ; DC    ;  66,120 ;     mV ;       ; 00:50:05
   2:17'32"81 ; DC    ;  66,110 ;     mV ;       ; 00:50:05
   2:17'33"09 ; DC    ;  66,110 ;     mV ;       ; 00:50:05
   2:17'33"35 ; DC    ;  66,110 ;     mV ;       ; 00:50:06
   2:17'33"64 ; DC    ;  66,110 ;     mV ;       ; 00:50:06
   2:17'33"92 ; DC    ;  66,100 ;     mV ;       ; 00:50:06
   2:17'34"18 ; DC    ;  66,110 ;     mV ;       ; 00:50:06
   2:17'34"43 ; DC    ;  66,100 ;     mV ;       ; 00:50:07
   2:17'34"68 ; DC    ;  66,100 ;     mV ;       ; 00:50:07
   2:17'34"93 ; DC    ;  66,100 ;     mV ;       ; 00:50:07
   2:17'35"19 ; DC    ;  66,110 ;     mV ;       ; 00:50:07
   2:17'35"45 ; DC    ;  66,110 ;     mV ;       ; 00:50:08
   2:17'35"73 ; DC    ;  66,120 ;     mV ;       ; 00:50:08
   2:17'35"99 ; DC    ;  66,130 ;     mV ;       ; 00:50:08
   2:17'36"26 ; DC    ;  66,130 ;     mV ;       ; 00:50:08
   2:17'36"56 ; DC    ;  66,120 ;     mV ;       ; 00:50:09
   2:17'36"86 ; DC    ;  66,130 ;     mV ;       ; 00:50:09
   2:17'37"12 ; DC    ;  66,120 ;     mV ;       ; 00:50:09
   2:17'37"39 ; DC    ;  66,130 ;     mV ;       ; 00:50:10
   2:17'37"67 ; DC    ;  66,130 ;     mV ;       ; 00:50:10
   2:17'37"95 ; DC    ;  66,120 ;     mV ;       ; 00:50:10
   2:17'38"22 ; DC    ;  66,120 ;     mV ;       ; 00:50:10
   2:17'38"49 ; DC    ;  66,120 ;     mV ;       ; 00:50:11
   2:17'38"76 ; DC    ;  66,120 ;     mV ;       ; 00:50:11
   2:17'39"03 ; DC    ;  66,120 ;     mV ;       ; 00:50:11
   2:17'39"27 ; DC    ;  66,130 ;     mV ;       ; 00:50:11
   2:17'39"54 ; DC    ;  66,120 ;     mV ;       ; 00:50:12
   2:17'39"79 ; DC    ;  66,130 ;     mV ;       ; 00:50:12
   2:17'40"06 ; DC    ;  66,120 ;     mV ;       ; 00:50:12
   2:17'40"32 ; DC    ;  66,110 ;     mV ;       ; 00:50:12
   2:17'40"57 ; DC    ;  66,110 ;     mV ;       ; 00:50:13
   2:17'40"85 ; DC    ;  66,110 ;     mV ;       ; 00:50:13
   2:17'41"11 ; DC    ;  66,110 ;     mV ;       ; 00:50:13
   2:17'41"39 ; DC    ;  66,120 ;     mV ;       ; 00:50:14
   2:17'41"66 ; DC    ;  66,120 ;     mV ;       ; 00:50:14
   2:17'41"92 ; DC    ;  66,110 ;     mV ;       ; 00:50:14
   2:17'42"18 ; DC    ;  66,110 ;     mV ;       ; 00:50:14
   2:17'42"44 ; DC    ;  66,110 ;     mV ;       ; 00:50:15
   2:17'42"70 ; DC    ;  66,100 ;     mV ;       ; 00:50:15
   2:17'42"96 ; DC    ;  66,100 ;     mV ;       ; 00:50:15
   2:17'43"23 ; DC    ;  66,110 ;     mV ;       ; 00:50:15
   2:17'43"55 ; DC    ;  66,120 ;     mV ;       ; 00:50:16
   2:17'43"81 ; DC    ;  66,120 ;     mV ;       ; 00:50:16
   2:17'44"07 ; DC    ;  66,110 ;     mV ;       ; 00:50:16
   2:17'44"34 ; DC    ;  66,110 ;     mV ;       ; 00:50:17
   2:17'44"60 ; DC    ;  66,120 ;     mV ;       ; 00:50:17
   2:17'44"87 ; DC    ;  66,110 ;     mV ;       ; 00:50:17
   2:17'45"15 ; DC    ;  66,130 ;     mV ;       ; 00:50:17
   2:17'45"41 ; DC    ;  66,130 ;     mV ;       ; 00:50:18
   2:17'45"66 ; DC    ;  66,130 ;     mV ;       ; 00:50:18
   2:17'45"92 ; DC    ;  66,130 ;     mV ;       ; 00:50:18
   2:17'46"18 ; DC    ;  66,120 ;     mV ;       ; 00:50:18
   2:17'46"43 ; DC    ;  66,120 ;     mV ;       ; 00:50:19
   2:17'46"69 ; DC    ;  66,140 ;     mV ;       ; 00:50:19
   2:17'46"96 ; DC    ;  66,140 ;     mV ;       ; 00:50:19
   2:17'47"21 ; DC    ;  66,120 ;     mV ;       ; 00:50:19
   2:17'47"47 ; DC    ;  66,120 ;     mV ;       ; 00:50:20
   2:17'47"73 ; DC    ;  66,130 ;     mV ;       ; 00:50:20
   2:17'47"99 ; DC    ;  66,120 ;     mV ;       ; 00:50:20
   2:17'48"26 ; DC    ;  66,120 ;     mV ;       ; 00:50:20
   2:17'48"52 ; DC    ;  66,130 ;     mV ;       ; 00:50:21
   2:17'48"79 ; DC    ;  66,130 ;     mV ;       ; 00:50:21
   2:17'49"06 ; DC    ;  66,120 ;     mV ;       ; 00:50:21
   2:17'49"37 ; DC    ;  66,120 ;     mV ;       ; 00:50:22
   2:17'49"65 ; DC    ;  66,100 ;     mV ;       ; 00:50:22
   2:17'49"91 ; DC    ;  66,100 ;     mV ;       ; 00:50:22
   2:17'50"18 ; DC    ;  66,110 ;     mV ;       ; 00:50:22
   2:17'50"45 ; DC    ;  66,110 ;     mV ;       ; 00:50:23
   2:17'50"71 ; DC    ;  66,100 ;     mV ;       ; 00:50:23
   2:17'50"96 ; DC    ;  66,100 ;     mV ;       ; 00:50:23
   2:17'51"24 ; DC    ;  66,110 ;     mV ;       ; 00:50:23
   2:17'51"50 ; DC    ;  66,110 ;     mV ;       ; 00:50:24
   2:17'51"77 ; DC    ;  66,120 ;     mV ;       ; 00:50:24
   2:17'52"03 ; DC    ;  66,110 ;     mV ;       ; 00:50:24
   2:17'52"30 ; DC    ;  66,130 ;     mV ;       ; 00:50:24
   2:17'52"57 ; DC    ;  66,130 ;     mV ;       ; 00:50:25
   2:17'52"84 ; DC    ;  66,130 ;     mV ;       ; 00:50:25
   2:17'53"14 ; DC    ;  66,140 ;     mV ;       ; 00:50:25
   2:17'53"43 ; DC    ;  66,120 ;     mV ;       ; 00:50:26
   2:17'53"69 ; DC    ;  66,110 ;     mV ;       ; 00:50:26
   2:17'53"96 ; DC    ;  66,110 ;     mV ;       ; 00:50:26
   2:17'54"22 ; DC    ;  66,110 ;     mV ;       ; 00:50:26
   2:17'54"47 ; DC    ;  66,120 ;     mV ;       ; 00:50:27
   2:17'54"75 ; DC    ;  66,130 ;     mV ;       ; 00:50:27
   2:17'55"01 ; DC    ;  66,120 ;     mV ;       ; 00:50:27
   2:17'55"28 ; DC    ;  66,110 ;     mV ;       ; 00:50:27
   2:17'55"54 ; DC    ;  66,110 ;     mV ;       ; 00:50:28
   2:17'55"79 ; DC    ;  66,130 ;     mV ;       ; 00:50:28
   2:17'56"06 ; DC    ;  66,130 ;     mV ;       ; 00:50:28
   2:17'56"33 ; DC    ;  66,130 ;     mV ;       ; 00:50:28
   2:17'56"74 ; DC    ;  66,130 ;     mV ;       ; 00:50:29
   2:17'57"00 ; DC    ;  66,140 ;     mV ;       ; 00:50:29
   2:17'57"28 ; DC    ;  66,130 ;     mV ;       ; 00:50:29
   2:17'57"55 ; DC    ;  66,120 ;     mV ;       ; 00:50:30
   2:17'57"82 ; DC    ;  66,110 ;     mV ;       ; 00:50:30
   2:17'58"10 ; DC    ;  66,110 ;     mV ;       ; 00:50:30
   2:17'58"37 ; DC    ;  66,110 ;     mV ;       ; 00:50:31
   2:17'58"64 ; DC    ;  66,120 ;     mV ;       ; 00:50:31
   2:17'58"91 ; DC    ;  66,120 ;     mV ;       ; 00:50:31
   2:17'59"18 ; DC    ;  66,120 ;     mV ;       ; 00:50:31
   2:17'59"46 ; DC    ;  66,100 ;     mV ;       ; 00:50:32
   2:17'59"72 ; DC    ;  66,110 ;     mV ;       ; 00:50:32
   2:17'59"97 ; DC    ;  66,120 ;     mV ;       ; 00:50:32
   2:18'00"26 ; DC    ;  66,100 ;     mV ;       ; 00:50:32
   2:18'00"54 ; DC    ;  66,100 ;     mV ;       ; 00:50:33
   2:18'00"82 ; DC    ;  66,100 ;     mV ;       ; 00:50:33
   2:18'01"08 ; DC    ;  66,100 ;     mV ;       ; 00:50:33
   2:18'01"34 ; DC    ;  66,110 ;     mV ;       ; 00:50:34
   2:18'01"60 ; DC    ;  66,100 ;     mV ;       ; 00:50:34
   2:18'01"85 ; DC    ;  66,100 ;     mV ;       ; 00:50:34
   2:18'02"10 ; DC    ;  66,090 ;     mV ;       ; 00:50:34
   2:18'02"36 ; DC    ;  66,110 ;     mV ;       ; 00:50:35
   2:18'02"63 ; DC    ;  66,100 ;     mV ;       ; 00:50:35
   2:18'02"89 ; DC    ;  66,100 ;     mV ;       ; 00:50:35
   2:18'03"16 ; DC    ;  66,080 ;     mV ;       ; 00:50:35
   2:18'03"42 ; DC    ;  66,100 ;     mV ;       ; 00:50:36
   2:18'03"69 ; DC    ;  66,100 ;     mV ;       ; 00:50:36
   2:18'03"95 ; DC    ;  66,090 ;     mV ;       ; 00:50:36
   2:18'04"21 ; DC    ;  66,110 ;     mV ;       ; 00:50:36
   2:18'04"47 ; DC    ;  66,100 ;     mV ;       ; 00:50:37
   2:18'04"75 ; DC    ;  66,100 ;     mV ;       ; 00:50:37
   2:18'05"00 ; DC    ;  66,080 ;     mV ;       ; 00:50:37
   2:18'05"29 ; DC    ;  66,090 ;     mV ;       ; 00:50:37
   2:18'05"55 ; DC    ;  66,100 ;     mV ;       ; 00:50:38
   2:18'05"82 ; DC    ;  66,110 ;     mV ;       ; 00:50:38
   2:18'06"08 ; DC    ;  66,110 ;     mV ;       ; 00:50:38
   2:18'06"34 ; DC    ;  66,120 ;     mV ;       ; 00:50:39
   2:18'06"59 ; DC    ;  66,110 ;     mV ;       ; 00:50:39
   2:18'06"87 ; DC    ;  66,100 ;     mV ;       ; 00:50:39
   2:18'07"12 ; DC    ;  66,110 ;     mV ;       ; 00:50:39
   2:18'07"43 ; DC    ;  66,120 ;     mV ;       ; 00:50:40
   2:18'07"70 ; DC    ;  66,100 ;     mV ;       ; 00:50:40
   2:18'07"96 ; DC    ;  66,110 ;     mV ;       ; 00:50:40
   2:18'08"25 ; DC    ;  66,130 ;     mV ;       ; 00:50:40
   2:18'08"58 ; DC    ;  66,090 ;     mV ;       ; 00:50:41
   2:18'08"86 ; DC    ;  66,100 ;     mV ;       ; 00:50:41
   2:18'09"11 ; DC    ;  66,080 ;     mV ;       ; 00:50:41
   2:18'09"41 ; DC    ;  66,080 ;     mV ;       ; 00:50:42
   2:18'09"68 ; DC    ;  66,100 ;     mV ;       ; 00:50:42
   2:18'09"97 ; DC    ;  66,100 ;     mV ;       ; 00:50:42
   2:18'10"26 ; DC    ;  66,090 ;     mV ;       ; 00:50:42
   2:18'10"53 ; DC    ;  66,090 ;     mV ;       ; 00:50:43
   2:18'10"79 ; DC    ;  66,100 ;     mV ;       ; 00:50:43
   2:18'11"05 ; DC    ;  66,080 ;     mV ;       ; 00:50:43
   2:18'11"32 ; DC    ;  66,080 ;     mV ;       ; 00:50:43
   2:18'11"59 ; DC    ;  66,080 ;     mV ;       ; 00:50:44
   2:18'11"85 ; DC    ;  66,090 ;     mV ;       ; 00:50:44
   2:18'12"11 ; DC    ;  66,090 ;     mV ;       ; 00:50:44
   2:18'12"38 ; DC    ;  66,100 ;     mV ;       ; 00:50:45
   2:18'12"64 ; DC    ;  66,100 ;     mV ;       ; 00:50:45
   2:18'12"90 ; DC    ;  66,100 ;     mV ;       ; 00:50:45
   2:18'13"17 ; DC    ;  66,100 ;     mV ;       ; 00:50:45
   2:18'13"43 ; DC    ;  66,090 ;     mV ;       ; 00:50:46
   2:18'13"70 ; DC    ;  66,090 ;     mV ;       ; 00:50:46
   2:18'13"99 ; DC    ;  66,080 ;     mV ;       ; 00:50:46
   2:18'14"24 ; DC    ;  66,090 ;     mV ;       ; 00:50:46
   2:18'14"49 ; DC    ;  66,080 ;     mV ;       ; 00:50:47
   2:18'14"75 ; DC    ;  66,080 ;     mV ;       ; 00:50:47
   2:18'15"01 ; DC    ;  66,090 ;     mV ;       ; 00:50:47
   2:18'15"26 ; DC    ;  66,080 ;     mV ;       ; 00:50:47
   2:18'15"51 ; DC    ;  66,090 ;     mV ;       ; 00:50:48
   2:18'15"76 ; DC    ;  66,090 ;     mV ;       ; 00:50:48
   2:18'16"03 ; DC    ;  66,090 ;     mV ;       ; 00:50:48
   2:18'16"32 ; DC    ;  66,090 ;     mV ;       ; 00:50:48
   2:18'16"57 ; DC    ;  66,100 ;     mV ;       ; 00:50:49
   2:18'16"83 ; DC    ;  66,100 ;     mV ;       ; 00:50:49
   2:18'17"11 ; DC    ;  66,090 ;     mV ;       ; 00:50:49
   2:18'17"39 ; DC    ;  66,100 ;     mV ;       ; 00:50:50
   2:18'17"66 ; DC    ;  66,100 ;     mV ;       ; 00:50:50
   2:18'17"93 ; DC    ;  66,090 ;     mV ;       ; 00:50:50
   2:18'18"19 ; DC    ;  66,080 ;     mV ;       ; 00:50:50
   2:18'18"46 ; DC    ;  66,080 ;     mV ;       ; 00:50:51
   2:18'18"74 ; DC    ;  66,090 ;     mV ;       ; 00:50:51
   2:18'19"00 ; DC    ;  66,100 ;     mV ;       ; 00:50:51
   2:18'19"29 ; DC    ;  66,120 ;     mV ;       ; 00:50:51
   2:18'19"60 ; DC    ;  66,120 ;     mV ;       ; 00:50:52
   2:18'19"85 ; DC    ;  66,110 ;     mV ;       ; 00:50:52
   2:18'20"10 ; DC    ;  66,110 ;     mV ;       ; 00:50:52
   2:18'20"37 ; DC    ;  66,100 ;     mV ;       ; 00:50:53
   2:18'20"63 ; DC    ;  66,110 ;     mV ;       ; 00:50:53
   2:18'20"93 ; DC    ;  66,080 ;     mV ;       ; 00:50:53
   2:18'21"19 ; DC    ;  66,090 ;     mV ;       ; 00:50:53
   2:18'21"47 ; DC    ;  66,090 ;     mV ;       ; 00:50:54
   2:18'21"74 ; DC    ;  66,090 ;     mV ;       ; 00:50:54
   2:18'22"01 ; DC    ;  66,090 ;     mV ;       ; 00:50:54
   2:18'22"29 ; DC    ;  66,090 ;     mV ;       ; 00:50:54
   2:18'22"57 ; DC    ;  66,100 ;     mV ;       ; 00:50:55
   2:18'22"83 ; DC    ;  66,100 ;     mV ;       ; 00:50:55
   2:18'23"09 ; DC    ;  66,090 ;     mV ;       ; 00:50:55
   2:18'23"35 ; DC    ;  66,100 ;     mV ;       ; 00:50:56
   2:18'23"61 ; DC    ;  66,090 ;     mV ;       ; 00:50:56
   2:18'23"86 ; DC    ;  66,100 ;     mV ;       ; 00:50:56
   2:18'24"13 ; DC    ;  66,090 ;     mV ;       ; 00:50:56
   2:18'24"39 ; DC    ;  66,080 ;     mV ;       ; 00:50:57
   2:18'24"66 ; DC    ;  66,080 ;     mV ;       ; 00:50:57
   2:18'24"92 ; DC    ;  66,080 ;     mV ;       ; 00:50:57
   2:18'25"18 ; DC    ;  66,090 ;     mV ;       ; 00:50:57
   2:18'25"44 ; DC    ;  66,070 ;     mV ;       ; 00:50:58
   2:18'25"70 ; DC    ;  66,060 ;     mV ;       ; 00:50:58
   2:18'25"99 ; DC    ;  66,070 ;     mV ;       ; 00:50:58
   2:18'26"27 ; DC    ;  66,050 ;     mV ;       ; 00:50:58
   2:18'26"53 ; DC    ;  66,060 ;     mV ;       ; 00:50:59
   2:18'26"79 ; DC    ;  66,090 ;     mV ;       ; 00:50:59
   2:18'27"04 ; DC    ;  66,090 ;     mV ;       ; 00:50:59
   2:18'27"30 ; DC    ;  66,060 ;     mV ;       ; 00:50:59
   2:18'27"55 ; DC    ;  66,070 ;     mV ;       ; 00:51:00
   2:18'27"82 ; DC    ;  66,090 ;     mV ;       ; 00:51:00
   2:18'28"10 ; DC    ;  66,060 ;     mV ;       ; 00:51:00
   2:18'28"36 ; DC    ;  66,080 ;     mV ;       ; 00:51:01
   2:18'28"62 ; DC    ;  66,100 ;     mV ;       ; 00:51:01
   2:18'28"90 ; DC    ;  66,100 ;     mV ;       ; 00:51:01
   2:18'29"21 ; DC    ;  66,110 ;     mV ;       ; 00:51:01
   2:18'29"50 ; DC    ;  66,120 ;     mV ;       ; 00:51:02
   2:18'29"78 ; DC    ;  66,120 ;     mV ;       ; 00:51:02
   2:18'30"05 ; DC    ;  66,110 ;     mV ;       ; 00:51:02
   2:18'30"37 ; DC    ;  66,110 ;     mV ;       ; 00:51:03
   2:18'30"67 ; DC    ;  66,120 ;     mV ;       ; 00:51:03
   2:18'30"93 ; DC    ;  66,090 ;     mV ;       ; 00:51:03
   2:18'31"19 ; DC    ;  66,090 ;     mV ;       ; 00:51:03
   2:18'31"45 ; DC    ;  66,100 ;     mV ;       ; 00:51:04
   2:18'31"73 ; DC    ;  66,090 ;     mV ;       ; 00:51:04
   2:18'31"99 ; DC    ;  66,100 ;     mV ;       ; 00:51:04
   2:18'32"28 ; DC    ;  66,110 ;     mV ;       ; 00:51:04
   2:18'32"54 ; DC    ;  66,110 ;     mV ;       ; 00:51:05
   2:18'32"81 ; DC    ;  66,090 ;     mV ;       ; 00:51:05
   2:18'33"07 ; DC    ;  66,090 ;     mV ;       ; 00:51:05
   2:18'33"35 ; DC    ;  66,100 ;     mV ;       ; 00:51:06
   2:18'33"62 ; DC    ;  66,100 ;     mV ;       ; 00:51:06
   2:18'33"89 ; DC    ;  66,080 ;     mV ;       ; 00:51:06
   2:18'34"15 ; DC    ;  66,100 ;     mV ;       ; 00:51:06
   2:18'34"41 ; DC    ;  66,120 ;     mV ;       ; 00:51:07
   2:18'34"66 ; DC    ;  66,090 ;     mV ;       ; 00:51:07
   2:18'34"94 ; DC    ;  66,100 ;     mV ;       ; 00:51:07
   2:18'35"22 ; DC    ;  66,110 ;     mV ;       ; 00:51:07
   2:18'35"49 ; DC    ;  66,110 ;     mV ;       ; 00:51:08
   2:18'35"76 ; DC    ;  66,110 ;     mV ;       ; 00:51:08
   2:18'36"00 ; DC    ;  66,100 ;     mV ;       ; 00:51:08
   2:18'36"27 ; DC    ;  66,110 ;     mV ;       ; 00:51:08
   2:18'36"54 ; DC    ;  66,100 ;     mV ;       ; 00:51:09
   2:18'36"80 ; DC    ;  66,100 ;     mV ;       ; 00:51:09
   2:18'37"07 ; DC    ;  66,090 ;     mV ;       ; 00:51:09
   2:18'37"34 ; DC    ;  66,070 ;     mV ;       ; 00:51:10
   2:18'37"65 ; DC    ;  66,080 ;     mV ;       ; 00:51:10
   2:18'37"95 ; DC    ;  66,090 ;     mV ;       ; 00:51:10
   2:18'38"25 ; DC    ;  66,080 ;     mV ;       ; 00:51:10
   2:18'38"51 ; DC    ;  66,060 ;     mV ;       ; 00:51:11
   2:18'38"78 ; DC    ;  66,070 ;     mV ;       ; 00:51:11
   2:18'39"05 ; DC    ;  66,070 ;     mV ;       ; 00:51:11
   2:18'39"34 ; DC    ;  66,070 ;     mV ;       ; 00:51:12
   2:18'39"60 ; DC    ;  66,070 ;     mV ;       ; 00:51:12
   2:18'39"87 ; DC    ;  66,060 ;     mV ;       ; 00:51:12
   2:18'40"13 ; DC    ;  66,070 ;     mV ;       ; 00:51:12
   2:18'40"38 ; DC    ;  66,080 ;     mV ;       ; 00:51:13
   2:18'40"66 ; DC    ;  66,070 ;     mV ;       ; 00:51:13
   2:18'40"91 ; DC    ;  66,080 ;     mV ;       ; 00:51:13
   2:18'41"19 ; DC    ;  66,070 ;     mV ;       ; 00:51:13
   2:18'41"47 ; DC    ;  66,070 ;     mV ;       ; 00:51:14
   2:18'41"75 ; DC    ;  66,080 ;     mV ;       ; 00:51:14
   2:18'42"01 ; DC    ;  66,070 ;     mV ;       ; 00:51:14
   2:18'42"29 ; DC    ;  66,080 ;     mV ;       ; 00:51:14
   2:18'42"55 ; DC    ;  66,080 ;     mV ;       ; 00:51:15
   2:18'42"82 ; DC    ;  66,080 ;     mV ;       ; 00:51:15
   2:18'43"09 ; DC    ;  66,090 ;     mV ;       ; 00:51:15
   2:18'43"36 ; DC    ;  66,100 ;     mV ;       ; 00:51:16
   2:18'43"65 ; DC    ;  66,100 ;     mV ;       ; 00:51:16
   2:18'43"92 ; DC    ;  66,090 ;     mV ;       ; 00:51:16
   2:18'44"21 ; DC    ;  66,100 ;     mV ;       ; 00:51:16
   2:18'44"49 ; DC    ;  66,100 ;     mV ;       ; 00:51:17
   2:18'44"77 ; DC    ;  66,090 ;     mV ;       ; 00:51:17
   2:18'45"04 ; DC    ;  66,090 ;     mV ;       ; 00:51:17
   2:18'45"33 ; DC    ;  66,100 ;     mV ;       ; 00:51:17
   2:18'45"60 ; DC    ;  66,090 ;     mV ;       ; 00:51:18
   2:18'45"87 ; DC    ;  66,080 ;     mV ;       ; 00:51:18
   2:18'46"13 ; DC    ;  66,090 ;     mV ;       ; 00:51:18
   2:18'46"40 ; DC    ;  66,100 ;     mV ;       ; 00:51:19
   2:18'46"68 ; DC    ;  66,120 ;     mV ;       ; 00:51:19
   2:18'46"99 ; DC    ;  66,120 ;     mV ;       ; 00:51:19
   2:18'47"25 ; DC    ;  66,100 ;     mV ;       ; 00:51:19
   2:18'47"53 ; DC    ;  66,110 ;     mV ;       ; 00:51:20
   2:18'47"80 ; DC    ;  66,110 ;     mV ;       ; 00:51:20
   2:18'48"05 ; DC    ;  66,100 ;     mV ;       ; 00:51:20
   2:18'48"32 ; DC    ;  66,100 ;     mV ;       ; 00:51:20
   2:18'48"58 ; DC    ;  66,100 ;     mV ;       ; 00:51:21
   2:18'48"89 ; DC    ;  66,090 ;     mV ;       ; 00:51:21
   2:18'49"17 ; DC    ;  66,100 ;     mV ;       ; 00:51:21
   2:18'49"46 ; DC    ;  66,100 ;     mV ;       ; 00:51:22
   2:18'49"74 ; DC    ;  66,100 ;     mV ;       ; 00:51:22
   2:18'50"02 ; DC    ;  66,120 ;     mV ;       ; 00:51:22
   2:18'50"28 ; DC    ;  66,120 ;     mV ;       ; 00:51:22
   2:18'50"54 ; DC    ;  66,130 ;     mV ;       ; 00:51:23
   2:18'50"79 ; DC    ;  66,120 ;     mV ;       ; 00:51:23
   2:18'51"05 ; DC    ;  66,120 ;     mV ;       ; 00:51:23
   2:18'51"31 ; DC    ;  66,120 ;     mV ;       ; 00:51:23
   2:18'51"58 ; DC    ;  66,100 ;     mV ;       ; 00:51:24
   2:18'51"85 ; DC    ;  66,120 ;     mV ;       ; 00:51:24
   2:18'52"14 ; DC    ;  66,110 ;     mV ;       ; 00:51:24
   2:18'52"41 ; DC    ;  66,120 ;     mV ;       ; 00:51:25
   2:18'52"68 ; DC    ;  66,120 ;     mV ;       ; 00:51:25
   2:18'52"96 ; DC    ;  66,120 ;     mV ;       ; 00:51:25
   2:18'53"22 ; DC    ;  66,120 ;     mV ;       ; 00:51:25
   2:18'53"48 ; DC    ;  66,110 ;     mV ;       ; 00:51:26
   2:18'53"75 ; DC    ;  66,110 ;     mV ;       ; 00:51:26
   2:18'54"01 ; DC    ;  66,110 ;     mV ;       ; 00:51:26
   2:18'54"27 ; DC    ;  66,100 ;     mV ;       ; 00:51:26
   2:18'54"53 ; DC    ;  66,110 ;     mV ;       ; 00:51:27
   2:18'54"81 ; DC    ;  66,100 ;     mV ;       ; 00:51:27
   2:18'55"09 ; DC    ;  66,100 ;     mV ;       ; 00:51:27
   2:18'55"36 ; DC    ;  66,100 ;     mV ;       ; 00:51:28
   2:18'55"62 ; DC    ;  66,110 ;     mV ;       ; 00:51:28
   2:18'55"92 ; DC    ;  66,110 ;     mV ;       ; 00:51:28
   2:18'56"20 ; DC    ;  66,110 ;     mV ;       ; 00:51:28
   2:18'56"48 ; DC    ;  66,110 ;     mV ;       ; 00:51:29
   2:18'56"72 ; DC    ;  66,130 ;     mV ;       ; 00:51:29
   2:18'56"98 ; DC    ;  66,100 ;     mV ;       ; 00:51:29
   2:18'57"25 ; DC    ;  66,100 ;     mV ;       ; 00:51:29
   2:18'57"51 ; DC    ;  66,090 ;     mV ;       ; 00:51:30
   2:18'57"75 ; DC    ;  66,110 ;     mV ;       ; 00:51:30
   2:18'58"02 ; DC    ;  66,110 ;     mV ;       ; 00:51:30
   2:18'58"30 ; DC    ;  66,130 ;     mV ;       ; 00:51:30
   2:18'58"56 ; DC    ;  66,130 ;     mV ;       ; 00:51:31
   2:18'58"82 ; DC    ;  66,130 ;     mV ;       ; 00:51:31
   2:18'59"09 ; DC    ;  66,140 ;     mV ;       ; 00:51:31
   2:18'59"35 ; DC    ;  66,140 ;     mV ;       ; 00:51:32
   2:18'59"63 ; DC    ;  66,140 ;     mV ;       ; 00:51:32
   2:18'59"89 ; DC    ;  66,150 ;     mV ;       ; 00:51:32
   2:19'00"15 ; DC    ;  66,130 ;     mV ;       ; 00:51:32
   2:19'00"53 ; DC    ;  66,150 ;     mV ;       ; 00:51:33
   2:19'00"79 ; DC    ;  66,140 ;     mV ;       ; 00:51:33
   2:19'01"06 ; DC    ;  66,120 ;     mV ;       ; 00:51:33
   2:19'01"33 ; DC    ;  66,140 ;     mV ;       ; 00:51:33
   2:19'01"59 ; DC    ;  66,140 ;     mV ;       ; 00:51:34
   2:19'01"84 ; DC    ;  66,140 ;     mV ;       ; 00:51:34
   2:19'02"10 ; DC    ;  66,140 ;     mV ;       ; 00:51:34
   2:19'02"36 ; DC    ;  66,130 ;     mV ;       ; 00:51:35
   2:19'02"66 ; DC    ;  66,140 ;     mV ;       ; 00:51:35
   2:19'02"94 ; DC    ;  66,130 ;     mV ;       ; 00:51:35
   2:19'03"22 ; DC    ;  66,120 ;     mV ;       ; 00:51:35
   2:19'03"50 ; DC    ;  66,120 ;     mV ;       ; 00:51:36
   2:19'03"79 ; DC    ;  66,120 ;     mV ;       ; 00:51:36
   2:19'04"08 ; DC    ;  66,130 ;     mV ;       ; 00:51:36
   2:19'04"36 ; DC    ;  66,140 ;     mV ;       ; 00:51:37
   2:19'04"66 ; DC    ;  66,140 ;     mV ;       ; 00:51:37
   2:19'04"91 ; DC    ;  66,140 ;     mV ;       ; 00:51:37
   2:19'05"18 ; DC    ;  66,130 ;     mV ;       ; 00:51:37
   2:19'05"44 ; DC    ;  66,130 ;     mV ;       ; 00:51:38
   2:19'05"75 ; DC    ;  66,130 ;     mV ;       ; 00:51:38
   2:19'06"02 ; DC    ;  66,140 ;     mV ;       ; 00:51:38
   2:19'06"37 ; DC    ;  66,130 ;     mV ;       ; 00:51:39
   2:19'06"67 ; DC    ;  66,120 ;     mV ;       ; 00:51:39
   2:19'06"93 ; DC    ;  66,130 ;     mV ;       ; 00:51:39
   2:19'07"18 ; DC    ;  66,130 ;     mV ;       ; 00:51:39
   2:19'07"47 ; DC    ;  66,130 ;     mV ;       ; 00:51:40
   2:19'07"74 ; DC    ;  66,120 ;     mV ;       ; 00:51:40
   2:19'08"01 ; DC    ;  66,140 ;     mV ;       ; 00:51:40
   2:19'08"31 ; DC    ;  66,130 ;     mV ;       ; 00:51:40
   2:19'08"58 ; DC    ;  66,120 ;     mV ;       ; 00:51:41
   2:19'08"85 ; DC    ;  66,140 ;     mV ;       ; 00:51:41
   2:19'09"12 ; DC    ;  66,140 ;     mV ;       ; 00:51:41
   2:19'09"38 ; DC    ;  66,140 ;     mV ;       ; 00:51:42
   2:19'09"63 ; DC    ;  66,130 ;     mV ;       ; 00:51:42
   2:19'09"91 ; DC    ;  66,130 ;     mV ;       ; 00:51:42
   2:19'10"17 ; DC    ;  66,140 ;     mV ;       ; 00:51:42
   2:19'10"44 ; DC    ;  66,130 ;     mV ;       ; 00:51:43
   2:19'10"69 ; DC    ;  66,130 ;     mV ;       ; 00:51:43
   2:19'10"96 ; DC    ;  66,130 ;     mV ;       ; 00:51:43
   2:19'11"22 ; DC    ;  66,130 ;     mV ;       ; 00:51:43
   2:19'11"53 ; DC    ;  66,120 ;     mV ;       ; 00:51:44
   2:19'11"81 ; DC    ;  66,140 ;     mV ;       ; 00:51:44
   2:19'12"12 ; DC    ;  66,130 ;     mV ;       ; 00:51:44
   2:19'12"38 ; DC    ;  66,110 ;     mV ;       ; 00:51:45
   2:19'12"65 ; DC    ;  66,110 ;     mV ;       ; 00:51:45
   2:19'12"93 ; DC    ;  66,110 ;     mV ;       ; 00:51:45
   2:19'13"19 ; DC    ;  66,110 ;     mV ;       ; 00:51:45
   2:19'13"44 ; DC    ;  66,130 ;     mV ;       ; 00:51:46
   2:19'13"71 ; DC    ;  66,130 ;     mV ;       ; 00:51:46
   2:19'13"98 ; DC    ;  66,120 ;     mV ;       ; 00:51:46
   2:19'14"24 ; DC    ;  66,110 ;     mV ;       ; 00:51:46
   2:19'14"53 ; DC    ;  66,110 ;     mV ;       ; 00:51:47
   2:19'14"79 ; DC    ;  66,120 ;     mV ;       ; 00:51:47
   2:19'15"08 ; DC    ;  66,120 ;     mV ;       ; 00:51:47
   2:19'15"35 ; DC    ;  66,120 ;     mV ;       ; 00:51:48
   2:19'15"62 ; DC    ;  66,110 ;     mV ;       ; 00:51:48
   2:19'15"89 ; DC    ;  66,120 ;     mV ;       ; 00:51:48
   2:19'16"18 ; DC    ;  66,110 ;     mV ;       ; 00:51:48
   2:19'16"46 ; DC    ;  66,100 ;     mV ;       ; 00:51:49
   2:19'16"74 ; DC    ;  66,110 ;     mV ;       ; 00:51:49
   2:19'17"01 ; DC    ;  66,120 ;     mV ;       ; 00:51:49
   2:19'17"31 ; DC    ;  66,120 ;     mV ;       ; 00:51:49
   2:19'17"57 ; DC    ;  66,120 ;     mV ;       ; 00:51:50
   2:19'17"82 ; DC    ;  66,130 ;     mV ;       ; 00:51:50
   2:19'18"07 ; DC    ;  66,120 ;     mV ;       ; 00:51:50
   2:19'18"32 ; DC    ;  66,120 ;     mV ;       ; 00:51:50
   2:19'18"57 ; DC    ;  66,150 ;     mV ;       ; 00:51:51
   2:19'18"82 ; DC    ;  66,160 ;     mV ;       ; 00:51:51
   2:19'19"08 ; DC    ;  66,150 ;     mV ;       ; 00:51:51
   2:19'19"34 ; DC    ;  66,120 ;     mV ;       ; 00:51:52
   2:19'19"63 ; DC    ;  66,110 ;     mV ;       ; 00:51:52
   2:19'19"90 ; DC    ;  66,120 ;     mV ;       ; 00:51:52
   2:19'20"14 ; DC    ;  66,120 ;     mV ;       ; 00:51:52
   2:19'20"41 ; DC    ;  66,110 ;     mV ;       ; 00:51:53
   2:19'20"67 ; DC    ;  66,120 ;     mV ;       ; 00:51:53
   2:19'20"92 ; DC    ;  66,120 ;     mV ;       ; 00:51:53
   2:19'21"16 ; DC    ;  66,120 ;     mV ;       ; 00:51:53
   2:19'21"41 ; DC    ;  66,110 ;     mV ;       ; 00:51:54
   2:19'21"67 ; DC    ;  66,110 ;     mV ;       ; 00:51:54
   2:19'21"93 ; DC    ;  66,110 ;     mV ;       ; 00:51:54
   2:19'22"20 ; DC    ;  66,110 ;     mV ;       ; 00:51:54
   2:19'22"47 ; DC    ;  66,110 ;     mV ;       ; 00:51:55
   2:19'22"73 ; DC    ;  66,110 ;     mV ;       ; 00:51:55
   2:19'22"99 ; DC    ;  66,100 ;     mV ;       ; 00:51:55
   2:19'23"25 ; DC    ;  66,120 ;     mV ;       ; 00:51:55
   2:19'23"51 ; DC    ;  66,100 ;     mV ;       ; 00:51:56
   2:19'23"76 ; DC    ;  66,100 ;     mV ;       ; 00:51:56
   2:19'24"06 ; DC    ;  66,110 ;     mV ;       ; 00:51:56
   2:19'24"33 ; DC    ;  66,110 ;     mV ;       ; 00:51:56
   2:19'24"57 ; DC    ;  66,100 ;     mV ;       ; 00:51:57
   2:19'24"82 ; DC    ;  66,100 ;     mV ;       ; 00:51:57
   2:19'25"07 ; DC    ;  66,110 ;     mV ;       ; 00:51:57
   2:19'25"32 ; DC    ;  66,120 ;     mV ;       ; 00:51:57
   2:19'25"57 ; DC    ;  66,110 ;     mV ;       ; 00:51:58
   2:19'25"82 ; DC    ;  66,110 ;     mV ;       ; 00:51:58
   2:19'26"07 ; DC    ;  66,100 ;     mV ;       ; 00:51:58
   2:19'26"34 ; DC    ;  66,110 ;     mV ;       ; 00:51:59
   2:19'26"60 ; DC    ;  66,110 ;     mV ;       ; 00:51:59
   2:19'26"88 ; DC    ;  66,120 ;     mV ;       ; 00:51:59
   2:19'27"17 ; DC    ;  66,110 ;     mV ;       ; 00:51:59
   2:19'27"45 ; DC    ;  66,090 ;     mV ;       ; 00:52:00
   2:19'27"71 ; DC    ;  66,100 ;     mV ;       ; 00:52:00
   2:19'27"97 ; DC    ;  66,110 ;     mV ;       ; 00:52:00
   2:19'28"24 ; DC    ;  66,110 ;     mV ;       ; 00:52:00
   2:19'28"51 ; DC    ;  66,110 ;     mV ;       ; 00:52:01
   2:19'28"77 ; DC    ;  66,100 ;     mV ;       ; 00:52:01
   2:19'29"06 ; DC    ;  66,100 ;     mV ;       ; 00:52:01
   2:19'29"30 ; DC    ;  66,100 ;     mV ;       ; 00:52:01
   2:19'29"56 ; DC    ;  66,090 ;     mV ;       ; 00:52:02
   2:19'29"83 ; DC    ;  66,100 ;     mV ;       ; 00:52:02
   2:19'30"09 ; DC    ;  66,100 ;     mV ;       ; 00:52:02
   2:19'30"37 ; DC    ;  66,100 ;     mV ;       ; 00:52:03
   2:19'30"63 ; DC    ;  66,110 ;     mV ;       ; 00:52:03
   2:19'30"88 ; DC    ;  66,110 ;     mV ;       ; 00:52:03
   2:19'31"17 ; DC    ;  66,130 ;     mV ;       ; 00:52:03
   2:19'31"43 ; DC    ;  66,110 ;     mV ;       ; 00:52:04
   2:19'31"70 ; DC    ;  66,110 ;     mV ;       ; 00:52:04
   2:19'32"02 ; DC    ;  66,110 ;     mV ;       ; 00:52:04
   2:19'32"30 ; DC    ;  66,120 ;     mV ;       ; 00:52:04
   2:19'32"56 ; DC    ;  66,140 ;     mV ;       ; 00:52:05
   2:19'32"82 ; DC    ;  66,140 ;     mV ;       ; 00:52:05
   2:19'33"07 ; DC    ;  66,140 ;     mV ;       ; 00:52:05
   2:19'33"32 ; DC    ;  66,140 ;     mV ;       ; 00:52:05
   2:19'33"57 ; DC    ;  66,140 ;     mV ;       ; 00:52:06
   2:19'33"82 ; DC    ;  66,130 ;     mV ;       ; 00:52:06
   2:19'34"12 ; DC    ;  66,130 ;     mV ;       ; 00:52:06
   2:19'34"40 ; DC    ;  66,110 ;     mV ;       ; 00:52:07
   2:19'34"68 ; DC    ;  66,110 ;     mV ;       ; 00:52:07
   2:19'34"94 ; DC    ;  66,130 ;     mV ;       ; 00:52:07
   2:19'35"21 ; DC    ;  66,130 ;     mV ;       ; 00:52:07
   2:19'35"49 ; DC    ;  66,130 ;     mV ;       ; 00:52:08
   2:19'35"75 ; DC    ;  66,110 ;     mV ;       ; 00:52:08
   2:19'36"03 ; DC    ;  66,110 ;     mV ;       ; 00:52:08
   2:19'36"29 ; DC    ;  66,120 ;     mV ;       ; 00:52:08
   2:19'36"55 ; DC    ;  66,120 ;     mV ;       ; 00:52:09
   2:19'36"81 ; DC    ;  66,120 ;     mV ;       ; 00:52:09
   2:19'37"06 ; DC    ;  66,120 ;     mV ;       ; 00:52:09
   2:19'37"30 ; DC    ;  66,110 ;     mV ;       ; 00:52:09
   2:19'37"57 ; DC    ;  66,120 ;     mV ;       ; 00:52:10
   2:19'37"83 ; DC    ;  66,120 ;     mV ;       ; 00:52:10
   2:19'38"09 ; DC    ;  66,130 ;     mV ;       ; 00:52:10
   2:19'38"35 ; DC    ;  66,110 ;     mV ;       ; 00:52:11
   2:19'38"62 ; DC    ;  66,110 ;     mV ;       ; 00:52:11
   2:19'38"86 ; DC    ;  66,110 ;     mV ;       ; 00:52:11
   2:19'39"13 ; DC    ;  66,110 ;     mV ;       ; 00:52:11
   2:19'39"39 ; DC    ;  66,120 ;     mV ;       ; 00:52:12
   2:19'39"66 ; DC    ;  66,120 ;     mV ;       ; 00:52:12
   2:19'39"92 ; DC    ;  66,130 ;     mV ;       ; 00:52:12
   2:19'40"16 ; DC    ;  66,110 ;     mV ;       ; 00:52:12
   2:19'40"41 ; DC    ;  66,120 ;     mV ;       ; 00:52:13
   2:19'40"68 ; DC    ;  66,110 ;     mV ;       ; 00:52:13
   2:19'40"94 ; DC    ;  66,120 ;     mV ;       ; 00:52:13
   2:19'41"20 ; DC    ;  66,120 ;     mV ;       ; 00:52:13
   2:19'41"46 ; DC    ;  66,120 ;     mV ;       ; 00:52:14
   2:19'41"73 ; DC    ;  66,120 ;     mV ;       ; 00:52:14
   2:19'42"01 ; DC    ;  66,110 ;     mV ;       ; 00:52:14
   2:19'42"29 ; DC    ;  66,120 ;     mV ;       ; 00:52:14
   2:19'42"57 ; DC    ;  66,120 ;     mV ;       ; 00:52:15
   2:19'42"82 ; DC    ;  66,120 ;     mV ;       ; 00:52:15
   2:19'43"09 ; DC    ;  66,090 ;     mV ;       ; 00:52:15
   2:19'43"38 ; DC    ;  66,110 ;     mV ;       ; 00:52:16
   2:19'43"65 ; DC    ;  66,110 ;     mV ;       ; 00:52:16
   2:19'43"97 ; DC    ;  66,100 ;     mV ;       ; 00:52:16
   2:19'44"27 ; DC    ;  66,110 ;     mV ;       ; 00:52:16
   2:19'44"55 ; DC    ;  66,110 ;     mV ;       ; 00:52:17
   2:19'44"83 ; DC    ;  66,140 ;     mV ;       ; 00:52:17
   2:19'45"10 ; DC    ;  66,140 ;     mV ;       ; 00:52:17
   2:19'45"38 ; DC    ;  66,140 ;     mV ;       ; 00:52:18
   2:19'45"65 ; DC    ;  66,120 ;     mV ;       ; 00:52:18
   2:19'45"94 ; DC    ;  66,110 ;     mV ;       ; 00:52:18
   2:19'46"20 ; DC    ;  66,130 ;     mV ;       ; 00:52:18
   2:19'46"47 ; DC    ;  66,110 ;     mV ;       ; 00:52:19
   2:19'46"73 ; DC    ;  66,110 ;     mV ;       ; 00:52:19
   2:19'47"02 ; DC    ;  66,120 ;     mV ;       ; 00:52:19
   2:19'47"29 ; DC    ;  66,110 ;     mV ;       ; 00:52:19
   2:19'47"54 ; DC    ;  66,110 ;     mV ;       ; 00:52:20
   2:19'47"79 ; DC    ;  66,100 ;     mV ;       ; 00:52:20
   2:19'48"04 ; DC    ;  66,100 ;     mV ;       ; 00:52:20
   2:19'48"30 ; DC    ;  66,120 ;     mV ;       ; 00:52:20
   2:19'48"55 ; DC    ;  66,110 ;     mV ;       ; 00:52:21
   2:19'48"82 ; DC    ;  66,100 ;     mV ;       ; 00:52:21
   2:19'49"08 ; DC    ;  66,070 ;     mV ;       ; 00:52:21
   2:19'49"34 ; DC    ;  66,080 ;     mV ;       ; 00:52:22
   2:19'49"61 ; DC    ;  66,080 ;     mV ;       ; 00:52:22
   2:19'49"90 ; DC    ;  66,080 ;     mV ;       ; 00:52:22
   2:19'50"19 ; DC    ;  66,110 ;     mV ;       ; 00:52:22
   2:19'50"48 ; DC    ;  66,110 ;     mV ;       ; 00:52:23
   2:19'50"75 ; DC    ;  66,100 ;     mV ;       ; 00:52:23
   2:19'51"01 ; DC    ;  66,100 ;     mV ;       ; 00:52:23
   2:19'51"33 ; DC    ;  66,110 ;     mV ;       ; 00:52:23
   2:19'51"61 ; DC    ;  66,090 ;     mV ;       ; 00:52:24
   2:19'51"90 ; DC    ;  66,090 ;     mV ;       ; 00:52:24
   2:19'52"22 ; DC    ;  66,090 ;     mV ;       ; 00:52:24
   2:19'52"50 ; DC    ;  66,090 ;     mV ;       ; 00:52:25
   2:19'52"77 ; DC    ;  66,090 ;     mV ;       ; 00:52:25
   2:19'53"04 ; DC    ;  66,090 ;     mV ;       ; 00:52:25
   2:19'53"33 ; DC    ;  66,100 ;     mV ;       ; 00:52:26
   2:19'53"62 ; DC    ;  66,100 ;     mV ;       ; 00:52:26
   2:19'53"91 ; DC    ;  66,090 ;     mV ;       ; 00:52:26
   2:19'54"18 ; DC    ;  66,080 ;     mV ;       ; 00:52:26
   2:19'54"46 ; DC    ;  66,090 ;     mV ;       ; 00:52:27
   2:19'54"75 ; DC    ;  66,090 ;     mV ;       ; 00:52:27
   2:19'55"05 ; DC    ;  66,100 ;     mV ;       ; 00:52:27
   2:19'55"32 ; DC    ;  66,100 ;     mV ;       ; 00:52:27
   2:19'55"60 ; DC    ;  66,110 ;     mV ;       ; 00:52:28
   2:19'55"87 ; DC    ;  66,110 ;     mV ;       ; 00:52:28
   2:19'56"16 ; DC    ;  66,110 ;     mV ;       ; 00:52:28
   2:19'56"45 ; DC    ;  66,110 ;     mV ;       ; 00:52:29
   2:19'56"71 ; DC    ;  66,120 ;     mV ;       ; 00:52:29
   2:19'56"98 ; DC    ;  66,120 ;     mV ;       ; 00:52:29
   2:19'57"23 ; DC    ;  66,090 ;     mV ;       ; 00:52:29
   2:19'57"47 ; DC    ;  66,110 ;     mV ;       ; 00:52:30
   2:19'57"74 ; DC    ;  66,110 ;     mV ;       ; 00:52:30
   2:19'58"00 ; DC    ;  66,110 ;     mV ;       ; 00:52:30
   2:19'58"27 ; DC    ;  66,110 ;     mV ;       ; 00:52:30
   2:19'58"53 ; DC    ;  66,110 ;     mV ;       ; 00:52:31
   2:19'58"79 ; DC    ;  66,110 ;     mV ;       ; 00:52:31
   2:19'59"06 ; DC    ;  66,110 ;     mV ;       ; 00:52:31
   2:19'59"32 ; DC    ;  66,110 ;     mV ;       ; 00:52:31
   2:19'59"59 ; DC    ;  66,120 ;     mV ;       ; 00:52:32
   2:19'59"85 ; DC    ;  66,110 ;     mV ;       ; 00:52:32
   2:20'00"12 ; DC    ;  66,110 ;     mV ;       ; 00:52:32
   2:20'00"39 ; DC    ;  66,110 ;     mV ;       ; 00:52:33
   2:20'00"67 ; DC    ;  66,110 ;     mV ;       ; 00:52:33
   2:20'00"94 ; DC    ;  66,120 ;     mV ;       ; 00:52:33
   2:20'01"22 ; DC    ;  66,130 ;     mV ;       ; 00:52:33
   2:20'01"48 ; DC    ;  66,110 ;     mV ;       ; 00:52:34
   2:20'01"74 ; DC    ;  66,110 ;     mV ;       ; 00:52:34
   2:20'02"01 ; DC    ;  66,100 ;     mV ;       ; 00:52:34
   2:20'02"28 ; DC    ;  66,090 ;     mV ;       ; 00:52:34
   2:20'02"56 ; DC    ;  66,080 ;     mV ;       ; 00:52:35
   2:20'02"83 ; DC    ;  66,090 ;     mV ;       ; 00:52:35
   2:20'03"09 ; DC    ;  66,100 ;     mV ;       ; 00:52:35
   2:20'03"37 ; DC    ;  66,100 ;     mV ;       ; 00:52:36
   2:20'03"63 ; DC    ;  66,090 ;     mV ;       ; 00:52:36
   2:20'03"88 ; DC    ;  66,090 ;     mV ;       ; 00:52:36
   2:20'04"15 ; DC    ;  66,110 ;     mV ;       ; 00:52:36
   2:20'04"42 ; DC    ;  66,080 ;     mV ;       ; 00:52:37
   2:20'04"66 ; DC    ;  66,090 ;     mV ;       ; 00:52:37
   2:20'04"91 ; DC    ;  66,090 ;     mV ;       ; 00:52:37
   2:20'05"17 ; DC    ;  66,090 ;     mV ;       ; 00:52:37
   2:20'05"44 ; DC    ;  66,110 ;     mV ;       ; 00:52:38
   2:20'05"70 ; DC    ;  66,110 ;     mV ;       ; 00:52:38
   2:20'05"96 ; DC    ;  66,100 ;     mV ;       ; 00:52:38
   2:20'06"23 ; DC    ;  66,110 ;     mV ;       ; 00:52:38
   2:20'06"48 ; DC    ;  66,100 ;     mV ;       ; 00:52:39
   2:20'06"72 ; DC    ;  66,100 ;     mV ;       ; 00:52:39
   2:20'06"97 ; DC    ;  66,100 ;     mV ;       ; 00:52:39
   2:20'07"25 ; DC    ;  66,110 ;     mV ;       ; 00:52:39
   2:20'07"54 ; DC    ;  66,120 ;     mV ;       ; 00:52:40
   2:20'07"80 ; DC    ;  66,120 ;     mV ;       ; 00:52:40
   2:20'08"05 ; DC    ;  66,120 ;     mV ;       ; 00:52:40
   2:20'08"32 ; DC    ;  66,100 ;     mV ;       ; 00:52:40
   2:20'08"64 ; DC    ;  66,110 ;     mV ;       ; 00:52:41
   2:20'08"92 ; DC    ;  66,100 ;     mV ;       ; 00:52:41
   2:20'09"19 ; DC    ;  66,100 ;     mV ;       ; 00:52:41
   2:20'09"46 ; DC    ;  66,100 ;     mV ;       ; 00:52:42
   2:20'09"73 ; DC    ;  66,110 ;     mV ;       ; 00:52:42
   2:20'09"99 ; DC    ;  66,110 ;     mV ;       ; 00:52:42
   2:20'10"26 ; DC    ;  66,110 ;     mV ;       ; 00:52:42
   2:20'10"54 ; DC    ;  66,120 ;     mV ;       ; 00:52:43
   2:20'10"82 ; DC    ;  66,110 ;     mV ;       ; 00:52:43
   2:20'11"10 ; DC    ;  66,090 ;     mV ;       ; 00:52:43
   2:20'11"40 ; DC    ;  66,100 ;     mV ;       ; 00:52:44
   2:20'11"68 ; DC    ;  66,100 ;     mV ;       ; 00:52:44
   2:20'11"94 ; DC    ;  66,110 ;     mV ;       ; 00:52:44
   2:20'12"22 ; DC    ;  66,080 ;     mV ;       ; 00:52:44
   2:20'12"49 ; DC    ;  66,090 ;     mV ;       ; 00:52:45
   2:20'12"75 ; DC    ;  66,110 ;     mV ;       ; 00:52:45
   2:20'13"01 ; DC    ;  66,110 ;     mV ;       ; 00:52:45
   2:20'13"26 ; DC    ;  66,110 ;     mV ;       ; 00:52:45
   2:20'13"52 ; DC    ;  66,110 ;     mV ;       ; 00:52:46
   2:20'13"78 ; DC    ;  66,110 ;     mV ;       ; 00:52:46
   2:20'14"07 ; DC    ;  66,100 ;     mV ;       ; 00:52:46
   2:20'14"34 ; DC    ;  66,110 ;     mV ;       ; 00:52:47
   2:20'14"61 ; DC    ;  66,110 ;     mV ;       ; 00:52:47
   2:20'14"87 ; DC    ;  66,090 ;     mV ;       ; 00:52:47
   2:20'15"18 ; DC    ;  66,080 ;     mV ;       ; 00:52:47
   2:20'15"45 ; DC    ;  66,070 ;     mV ;       ; 00:52:48
   2:20'15"74 ; DC    ;  66,090 ;     mV ;       ; 00:52:48
   2:20'16"04 ; DC    ;  66,100 ;     mV ;       ; 00:52:48
   2:20'16"33 ; DC    ;  66,100 ;     mV ;       ; 00:52:48
   2:20'16"63 ; DC    ;  66,100 ;     mV ;       ; 00:52:49
   2:20'16"95 ; DC    ;  66,100 ;     mV ;       ; 00:52:49
   2:20'17"22 ; DC    ;  66,120 ;     mV ;       ; 00:52:49
   2:20'17"50 ; DC    ;  66,110 ;     mV ;       ; 00:52:50
   2:20'17"78 ; DC    ;  66,110 ;     mV ;       ; 00:52:50
   2:20'18"04 ; DC    ;  66,110 ;     mV ;       ; 00:52:50
   2:20'18"30 ; DC    ;  66,120 ;     mV ;       ; 00:52:50
   2:20'18"55 ; DC    ;  66,110 ;     mV ;       ; 00:52:51
   2:20'18"84 ; DC    ;  66,110 ;     mV ;       ; 00:52:51
   2:20'19"11 ; DC    ;  66,120 ;     mV ;       ; 00:52:51
   2:20'19"46 ; DC    ;  66,100 ;     mV ;       ; 00:52:52
   2:20'19"72 ; DC    ;  66,090 ;     mV ;       ; 00:52:52
   2:20'19"97 ; DC    ;  66,100 ;     mV ;       ; 00:52:52
   2:20'20"24 ; DC    ;  66,070 ;     mV ;       ; 00:52:52
   2:20'20"51 ; DC    ;  66,070 ;     mV ;       ; 00:52:53
   2:20'20"80 ; DC    ;  66,070 ;     mV ;       ; 00:52:53
   2:20'21"05 ; DC    ;  66,070 ;     mV ;       ; 00:52:53
   2:20'21"32 ; DC    ;  66,070 ;     mV ;       ; 00:52:53
   2:20'21"59 ; DC    ;  66,090 ;     mV ;       ; 00:52:54
   2:20'21"85 ; DC    ;  66,100 ;     mV ;       ; 00:52:54
   2:20'22"11 ; DC    ;  66,100 ;     mV ;       ; 00:52:54
   2:20'22"37 ; DC    ;  66,100 ;     mV ;       ; 00:52:55
   2:20'22"63 ; DC    ;  66,070 ;     mV ;       ; 00:52:55
   2:20'22"90 ; DC    ;  66,090 ;     mV ;       ; 00:52:55
   2:20'23"16 ; DC    ;  66,090 ;     mV ;       ; 00:52:55
   2:20'23"44 ; DC    ;  66,100 ;     mV ;       ; 00:52:56
   2:20'23"74 ; DC    ;  66,090 ;     mV ;       ; 00:52:56
   2:20'24"10 ; DC    ;  66,110 ;     mV ;       ; 00:52:56
   2:20'24"39 ; DC    ;  66,070 ;     mV ;       ; 00:52:57
   2:20'24"67 ; DC    ;  66,070 ;     mV ;       ; 00:52:57
   2:20'24"97 ; DC    ;  66,070 ;     mV ;       ; 00:52:57
   2:20'25"27 ; DC    ;  66,080 ;     mV ;       ; 00:52:57
   2:20'25"53 ; DC    ;  66,080 ;     mV ;       ; 00:52:58
   2:20'25"82 ; DC    ;  66,080 ;     mV ;       ; 00:52:58
   2:20'26"11 ; DC    ;  66,080 ;     mV ;       ; 00:52:58
   2:20'26"42 ; DC    ;  66,100 ;     mV ;       ; 00:52:59
   2:20'26"68 ; DC    ;  66,100 ;     mV ;       ; 00:52:59
   2:20'26"96 ; DC    ;  66,090 ;     mV ;       ; 00:52:59
   2:20'27"22 ; DC    ;  66,100 ;     mV ;       ; 00:52:59
   2:20'27"50 ; DC    ;  66,080 ;     mV ;       ; 00:53:00
   2:20'27"78 ; DC    ;  66,090 ;     mV ;       ; 00:53:00
   2:20'28"06 ; DC    ;  66,090 ;     mV ;       ; 00:53:00
   2:20'28"35 ; DC    ;  66,100 ;     mV ;       ; 00:53:01
   2:20'28"62 ; DC    ;  66,090 ;     mV ;       ; 00:53:01
   2:20'28"88 ; DC    ;  66,100 ;     mV ;       ; 00:53:01
   2:20'29"17 ; DC    ;  66,100 ;     mV ;       ; 00:53:01
   2:20'29"45 ; DC    ;  66,100 ;     mV ;       ; 00:53:02
   2:20'29"80 ; DC    ;  66,070 ;     mV ;       ; 00:53:02
   2:20'30"05 ; DC    ;  66,080 ;     mV ;       ; 00:53:02
   2:20'30"30 ; DC    ;  66,080 ;     mV ;       ; 00:53:02
   2:20'30"56 ; DC    ;  66,070 ;     mV ;       ; 00:53:03
   2:20'30"82 ; DC    ;  66,080 ;     mV ;       ; 00:53:03
   2:20'31"08 ; DC    ;  66,110 ;     mV ;       ; 00:53:03
   2:20'31"34 ; DC    ;  66,100 ;     mV ;       ; 00:53:04
   2:20'31"61 ; DC    ;  66,100 ;     mV ;       ; 00:53:04
   2:20'31"85 ; DC    ;  66,100 ;     mV ;       ; 00:53:04
   2:20'32"11 ; DC    ;  66,100 ;     mV ;       ; 00:53:04
   2:20'32"39 ; DC    ;  66,090 ;     mV ;       ; 00:53:05
   2:20'32"65 ; DC    ;  66,090 ;     mV ;       ; 00:53:05
   2:20'32"92 ; DC    ;  66,080 ;     mV ;       ; 00:53:05
   2:20'33"20 ; DC    ;  66,090 ;     mV ;       ; 00:53:05
   2:20'33"46 ; DC    ;  66,100 ;     mV ;       ; 00:53:06
   2:20'33"76 ; DC    ;  66,100 ;     mV ;       ; 00:53:06
   2:20'34"02 ; DC    ;  66,110 ;     mV ;       ; 00:53:06
   2:20'34"29 ; DC    ;  66,100 ;     mV ;       ; 00:53:06
   2:20'34"54 ; DC    ;  66,100 ;     mV ;       ; 00:53:07
   2:20'34"81 ; DC    ;  66,090 ;     mV ;       ; 00:53:07
   2:20'35"07 ; DC    ;  66,100 ;     mV ;       ; 00:53:07
   2:20'35"34 ; DC    ;  66,120 ;     mV ;       ; 00:53:08
   2:20'35"61 ; DC    ;  66,100 ;     mV ;       ; 00:53:08
   2:20'35"88 ; DC    ;  66,100 ;     mV ;       ; 00:53:08
   2:20'36"14 ; DC    ;  66,100 ;     mV ;       ; 00:53:08
   2:20'36"41 ; DC    ;  66,110 ;     mV ;       ; 00:53:09
   2:20'36"73 ; DC    ;  66,110 ;     mV ;       ; 00:53:09
   2:20'36"99 ; DC    ;  66,120 ;     mV ;       ; 00:53:09
   2:20'37"28 ; DC    ;  66,120 ;     mV ;       ; 00:53:09
   2:20'37"56 ; DC    ;  66,120 ;     mV ;       ; 00:53:10
   2:20'37"83 ; DC    ;  66,100 ;     mV ;       ; 00:53:10
   2:20'38"09 ; DC    ;  66,110 ;     mV ;       ; 00:53:10
   2:20'38"35 ; DC    ;  66,120 ;     mV ;       ; 00:53:11
   2:20'38"60 ; DC    ;  66,130 ;     mV ;       ; 00:53:11
   2:20'38"87 ; DC    ;  66,120 ;     mV ;       ; 00:53:11
   2:20'39"13 ; DC    ;  66,110 ;     mV ;       ; 00:53:11
   2:20'39"39 ; DC    ;  66,110 ;     mV ;       ; 00:53:12
   2:20'39"64 ; DC    ;  66,110 ;     mV ;       ; 00:53:12
   2:20'39"91 ; DC    ;  66,100 ;     mV ;       ; 00:53:12
   2:20'40"17 ; DC    ;  66,140 ;     mV ;       ; 00:53:12
   2:20'40"42 ; DC    ;  66,130 ;     mV ;       ; 00:53:13
   2:20'40"68 ; DC    ;  66,120 ;     mV ;       ; 00:53:13
   2:20'40"99 ; DC    ;  66,110 ;     mV ;       ; 00:53:13
   2:20'41"26 ; DC    ;  66,120 ;     mV ;       ; 00:53:13
   2:20'41"53 ; DC    ;  66,110 ;     mV ;       ; 00:53:14
   2:20'41"79 ; DC    ;  66,110 ;     mV ;       ; 00:53:14
   2:20'42"06 ; DC    ;  66,110 ;     mV ;       ; 00:53:14
   2:20'42"32 ; DC    ;  66,120 ;     mV ;       ; 00:53:14
   2:20'42"59 ; DC    ;  66,130 ;     mV ;       ; 00:53:15
   2:20'42"86 ; DC    ;  66,120 ;     mV ;       ; 00:53:15
   2:20'43"14 ; DC    ;  66,110 ;     mV ;       ; 00:53:15
   2:20'43"41 ; DC    ;  66,110 ;     mV ;       ; 00:53:16
   2:20'43"67 ; DC    ;  66,100 ;     mV ;       ; 00:53:16
   2:20'43"95 ; DC    ;  66,100 ;     mV ;       ; 00:53:16
   2:20'44"21 ; DC    ;  66,120 ;     mV ;       ; 00:53:16
   2:20'44"46 ; DC    ;  66,110 ;     mV ;       ; 00:53:17
   2:20'44"72 ; DC    ;  66,110 ;     mV ;       ; 00:53:17
   2:20'44"98 ; DC    ;  66,100 ;     mV ;       ; 00:53:17
   2:20'45"24 ; DC    ;  66,110 ;     mV ;       ; 00:53:17
   2:20'45"51 ; DC    ;  66,110 ;     mV ;       ; 00:53:18
   2:20'45"79 ; DC    ;  66,100 ;     mV ;       ; 00:53:18
   2:20'46"05 ; DC    ;  66,100 ;     mV ;       ; 00:53:18
   2:20'46"33 ; DC    ;  66,090 ;     mV ;       ; 00:53:19
   2:20'46"79 ; DC    ;  66,120 ;     mV ;       ; 00:53:19
   2:20'47"07 ; DC    ;  66,120 ;     mV ;       ; 00:53:19
   2:20'47"34 ; DC    ;  66,110 ;     mV ;       ; 00:53:20
   2:20'47"62 ; DC    ;  66,100 ;     mV ;       ; 00:53:20
   2:20'47"88 ; DC    ;  66,120 ;     mV ;       ; 00:53:20
   2:20'48"13 ; DC    ;  66,110 ;     mV ;       ; 00:53:20
   2:20'48"38 ; DC    ;  66,110 ;     mV ;       ; 00:53:21
   2:20'48"68 ; DC    ;  66,140 ;     mV ;       ; 00:53:21
   2:20'48"95 ; DC    ;  66,140 ;     mV ;       ; 00:53:21
   2:20'49"21 ; DC    ;  66,120 ;     mV ;       ; 00:53:21
   2:20'49"49 ; DC    ;  66,120 ;     mV ;       ; 00:53:22
   2:20'49"80 ; DC    ;  66,110 ;     mV ;       ; 00:53:22
   2:20'50"10 ; DC    ;  66,120 ;     mV ;       ; 00:53:22
   2:20'50"38 ; DC    ;  66,120 ;     mV ;       ; 00:53:23
   2:20'50"65 ; DC    ;  66,130 ;     mV ;       ; 00:53:23
   2:20'50"93 ; DC    ;  66,130 ;     mV ;       ; 00:53:23
   2:20'51"21 ; DC    ;  66,130 ;     mV ;       ; 00:53:23
   2:20'51"48 ; DC    ;  66,130 ;     mV ;       ; 00:53:24
   2:20'51"74 ; DC    ;  66,120 ;     mV ;       ; 00:53:24
   2:20'52"05 ; DC    ;  66,130 ;     mV ;       ; 00:53:24
   2:20'52"31 ; DC    ;  66,120 ;     mV ;       ; 00:53:24
   2:20'52"58 ; DC    ;  66,120 ;     mV ;       ; 00:53:25
   2:20'52"86 ; DC    ;  66,130 ;     mV ;       ; 00:53:25
   2:20'53"13 ; DC    ;  66,130 ;     mV ;       ; 00:53:25
   2:20'53"39 ; DC    ;  66,120 ;     mV ;       ; 00:53:26
   2:20'53"65 ; DC    ;  66,110 ;     mV ;       ; 00:53:26
   2:20'53"92 ; DC    ;  66,100 ;     mV ;       ; 00:53:26
   2:20'54"18 ; DC    ;  66,090 ;     mV ;       ; 00:53:26
   2:20'54"43 ; DC    ;  66,100 ;     mV ;       ; 00:53:27
   2:20'54"69 ; DC    ;  66,100 ;     mV ;       ; 00:53:27
   2:20'54"95 ; DC    ;  66,100 ;     mV ;       ; 00:53:27
   2:20'55"19 ; DC    ;  66,090 ;     mV ;       ; 00:53:27
   2:20'55"44 ; DC    ;  66,100 ;     mV ;       ; 00:53:28
   2:20'55"72 ; DC    ;  66,110 ;     mV ;       ; 00:53:28
   2:20'56"00 ; DC    ;  66,120 ;     mV ;       ; 00:53:28
   2:20'56"27 ; DC    ;  66,110 ;     mV ;       ; 00:53:28
   2:20'56"53 ; DC    ;  66,110 ;     mV ;       ; 00:53:29
   2:20'56"79 ; DC    ;  66,100 ;     mV ;       ; 00:53:29
   2:20'57"09 ; DC    ;  66,090 ;     mV ;       ; 00:53:29
   2:20'57"36 ; DC    ;  66,100 ;     mV ;       ; 00:53:30
   2:20'57"66 ; DC    ;  66,100 ;     mV ;       ; 00:53:30
   2:20'57"93 ; DC    ;  66,110 ;     mV ;       ; 00:53:30
   2:20'58"21 ; DC    ;  66,110 ;     mV ;       ; 00:53:30
   2:20'58"52 ; DC    ;  66,100 ;     mV ;       ; 00:53:31
   2:20'58"81 ; DC    ;  66,100 ;     mV ;       ; 00:53:31
   2:20'59"08 ; DC    ;  66,110 ;     mV ;       ; 00:53:31
   2:20'59"34 ; DC    ;  66,100 ;     mV ;       ; 00:53:32
   2:20'59"62 ; DC    ;  66,110 ;     mV ;       ; 00:53:32
   2:20'59"90 ; DC    ;  66,120 ;     mV ;       ; 00:53:32
   2:21'00"20 ; DC    ;  66,120 ;     mV ;       ; 00:53:32
   2:21'00"46 ; DC    ;  66,120 ;     mV ;       ; 00:53:33
   2:21'00"73 ; DC    ;  66,100 ;     mV ;       ; 00:53:33
   2:21'01"02 ; DC    ;  66,110 ;     mV ;       ; 00:53:33
   2:21'01"29 ; DC    ;  66,110 ;     mV ;       ; 00:53:33
   2:21'01"56 ; DC    ;  66,100 ;     mV ;       ; 00:53:34
   2:21'01"82 ; DC    ;  66,100 ;     mV ;       ; 00:53:34
   2:21'02"10 ; DC    ;  66,100 ;     mV ;       ; 00:53:34
   2:21'02"42 ; DC    ;  66,100 ;     mV ;       ; 00:53:35
   2:21'02"68 ; DC    ;  66,100 ;     mV ;       ; 00:53:35
   2:21'02"99 ; DC    ;  66,100 ;     mV ;       ; 00:53:35
   2:21'03"24 ; DC    ;  66,090 ;     mV ;       ; 00:53:35
   2:21'03"50 ; DC    ;  66,110 ;     mV ;       ; 00:53:36
   2:21'03"76 ; DC    ;  66,080 ;     mV ;       ; 00:53:36
   2:21'04"02 ; DC    ;  66,080 ;     mV ;       ; 00:53:36
   2:21'04"27 ; DC    ;  66,090 ;     mV ;       ; 00:53:36
   2:21'04"54 ; DC    ;  66,090 ;     mV ;       ; 00:53:37
   2:21'04"83 ; DC    ;  66,090 ;     mV ;       ; 00:53:37
   2:21'05"08 ; DC    ;  66,110 ;     mV ;       ; 00:53:37
   2:21'05"38 ; DC    ;  66,110 ;     mV ;       ; 00:53:38
   2:21'05"66 ; DC    ;  66,090 ;     mV ;       ; 00:53:38
   2:21'05"92 ; DC    ;  66,090 ;     mV ;       ; 00:53:38
   2:21'06"23 ; DC    ;  66,090 ;     mV ;       ; 00:53:38
   2:21'06"50 ; DC    ;  66,080 ;     mV ;       ; 00:53:39
   2:21'06"80 ; DC    ;  66,090 ;     mV ;       ; 00:53:39
   2:21'07"11 ; DC    ;  66,090 ;     mV ;       ; 00:53:39
   2:21'07"40 ; DC    ;  66,090 ;     mV ;       ; 00:53:40
   2:21'07"70 ; DC    ;  66,100 ;     mV ;       ; 00:53:40
   2:21'07"97 ; DC    ;  66,100 ;     mV ;       ; 00:53:40
   2:21'08"22 ; DC    ;  66,090 ;     mV ;       ; 00:53:40
   2:21'08"51 ; DC    ;  66,100 ;     mV ;       ; 00:53:41
   2:21'08"80 ; DC    ;  66,110 ;     mV ;       ; 00:53:41
   2:21'09"06 ; DC    ;  66,110 ;     mV ;       ; 00:53:41
   2:21'09"36 ; DC    ;  66,100 ;     mV ;       ; 00:53:42
   2:21'09"63 ; DC    ;  66,100 ;     mV ;       ; 00:53:42
   2:21'09"93 ; DC    ;  66,080 ;     mV ;       ; 00:53:42
   2:21'10"23 ; DC    ;  66,100 ;     mV ;       ; 00:53:42
   2:21'10"50 ; DC    ;  66,110 ;     mV ;       ; 00:53:43
   2:21'10"76 ; DC    ;  66,110 ;     mV ;       ; 00:53:43
   2:21'11"01 ; DC    ;  66,080 ;     mV ;       ; 00:53:43
   2:21'11"29 ; DC    ;  66,100 ;     mV ;       ; 00:53:43
   2:21'11"56 ; DC    ;  66,100 ;     mV ;       ; 00:53:44
   2:21'11"81 ; DC    ;  66,100 ;     mV ;       ; 00:53:44
   2:21'12"07 ; DC    ;  66,110 ;     mV ;       ; 00:53:44
   2:21'12"34 ; DC    ;  66,110 ;     mV ;       ; 00:53:45
   2:21'12"60 ; DC    ;  66,110 ;     mV ;       ; 00:53:45
   2:21'12"89 ; DC    ;  66,100 ;     mV ;       ; 00:53:45
   2:21'13"15 ; DC    ;  66,110 ;     mV ;       ; 00:53:45
   2:21'13"42 ; DC    ;  66,090 ;     mV ;       ; 00:53:46
   2:21'13"68 ; DC    ;  66,100 ;     mV ;       ; 00:53:46
   2:21'13"96 ; DC    ;  66,100 ;     mV ;       ; 00:53:46
   2:21'14"24 ; DC    ;  66,100 ;     mV ;       ; 00:53:46
   2:21'14"54 ; DC    ;  66,100 ;     mV ;       ; 00:53:47
   2:21'14"83 ; DC    ;  66,110 ;     mV ;       ; 00:53:47
   2:21'15"14 ; DC    ;  66,100 ;     mV ;       ; 00:53:47
   2:21'15"43 ; DC    ;  66,090 ;     mV ;       ; 00:53:48
   2:21'15"70 ; DC    ;  66,090 ;     mV ;       ; 00:53:48
   2:21'15"97 ; DC    ;  66,090 ;     mV ;       ; 00:53:48
   2:21'16"23 ; DC    ;  66,070 ;     mV ;       ; 00:53:48
   2:21'16"53 ; DC    ;  66,070 ;     mV ;       ; 00:53:49
   2:21'16"80 ; DC    ;  66,090 ;     mV ;       ; 00:53:49
   2:21'17"06 ; DC    ;  66,080 ;     mV ;       ; 00:53:49
   2:21'17"33 ; DC    ;  66,080 ;     mV ;       ; 00:53:49
   2:21'17"58 ; DC    ;  66,090 ;     mV ;       ; 00:53:50
   2:21'17"84 ; DC    ;  66,080 ;     mV ;       ; 00:53:50
   2:21'18"10 ; DC    ;  66,090 ;     mV ;       ; 00:53:50
   2:21'18"37 ; DC    ;  66,080 ;     mV ;       ; 00:53:51
   2:21'18"64 ; DC    ;  66,080 ;     mV ;       ; 00:53:51
   2:21'18"90 ; DC    ;  66,090 ;     mV ;       ; 00:53:51
   2:21'19"17 ; DC    ;  66,090 ;     mV ;       ; 00:53:51
   2:21'19"44 ; DC    ;  66,090 ;     mV ;       ; 00:53:52
   2:21'19"71 ; DC    ;  66,090 ;     mV ;       ; 00:53:52
   2:21'19"97 ; DC    ;  66,070 ;     mV ;       ; 00:53:52
   2:21'20"23 ; DC    ;  66,060 ;     mV ;       ; 00:53:52
   2:21'20"50 ; DC    ;  66,080 ;     mV ;       ; 00:53:53
   2:21'20"76 ; DC    ;  66,070 ;     mV ;       ; 00:53:53
   2:21'21"03 ; DC    ;  66,070 ;     mV ;       ; 00:53:53
   2:21'21"27 ; DC    ;  66,090 ;     mV ;       ; 00:53:53
   2:21'21"52 ; DC    ;  66,100 ;     mV ;       ; 00:53:54
   2:21'21"77 ; DC    ;  66,100 ;     mV ;       ; 00:53:54
   2:21'22"03 ; DC    ;  66,100 ;     mV ;       ; 00:53:54
   2:21'22"30 ; DC    ;  66,090 ;     mV ;       ; 00:53:54
   2:21'22"58 ; DC    ;  66,090 ;     mV ;       ; 00:53:55
   2:21'22"86 ; DC    ;  66,100 ;     mV ;       ; 00:53:55
   2:21'23"15 ; DC    ;  66,100 ;     mV ;       ; 00:53:55
   2:21'23"42 ; DC    ;  66,100 ;     mV ;       ; 00:53:56
   2:21'23"68 ; DC    ;  66,100 ;     mV ;       ; 00:53:56
   2:21'23"95 ; DC    ;  66,110 ;     mV ;       ; 00:53:56
   2:21'24"23 ; DC    ;  66,110 ;     mV ;       ; 00:53:56
   2:21'24"49 ; DC    ;  66,100 ;     mV ;       ; 00:53:57
   2:21'24"77 ; DC    ;  66,090 ;     mV ;       ; 00:53:57
   2:21'25"03 ; DC    ;  66,090 ;     mV ;       ; 00:53:57
   2:21'25"31 ; DC    ;  66,090 ;     mV ;       ; 00:53:57
   2:21'25"58 ; DC    ;  66,080 ;     mV ;       ; 00:53:58
   2:21'25"87 ; DC    ;  66,080 ;     mV ;       ; 00:53:58
   2:21'26"12 ; DC    ;  66,080 ;     mV ;       ; 00:53:58
   2:21'26"39 ; DC    ;  66,090 ;     mV ;       ; 00:53:59
   2:21'26"65 ; DC    ;  66,090 ;     mV ;       ; 00:53:59
   2:21'26"90 ; DC    ;  66,100 ;     mV ;       ; 00:53:59
   2:21'27"18 ; DC    ;  66,110 ;     mV ;       ; 00:53:59
   2:21'27"45 ; DC    ;  66,110 ;     mV ;       ; 00:54:00
   2:21'27"70 ; DC    ;  66,110 ;     mV ;       ; 00:54:00
   2:21'27"96 ; DC    ;  66,100 ;     mV ;       ; 00:54:00
   2:21'28"23 ; DC    ;  66,100 ;     mV ;       ; 00:54:00
   2:21'28"49 ; DC    ;  66,110 ;     mV ;       ; 00:54:01
   2:21'28"74 ; DC    ;  66,110 ;     mV ;       ; 00:54:01
   2:21'29"02 ; DC    ;  66,090 ;     mV ;       ; 00:54:01
   2:21'29"28 ; DC    ;  66,110 ;     mV ;       ; 00:54:01
   2:21'29"55 ; DC    ;  66,120 ;     mV ;       ; 00:54:02
   2:21'29"81 ; DC    ;  66,100 ;     mV ;       ; 00:54:02
   2:21'30"08 ; DC    ;  66,110 ;     mV ;       ; 00:54:02
   2:21'30"36 ; DC    ;  66,110 ;     mV ;       ; 00:54:03
   2:21'30"65 ; DC    ;  66,100 ;     mV ;       ; 00:54:03
   2:21'30"91 ; DC    ;  66,090 ;     mV ;       ; 00:54:03
   2:21'31"18 ; DC    ;  66,090 ;     mV ;       ; 00:54:03
   2:21'31"48 ; DC    ;  66,080 ;     mV ;       ; 00:54:04
   2:21'31"80 ; DC    ;  66,080 ;     mV ;       ; 00:54:04
   2:21'32"05 ; DC    ;  66,090 ;     mV ;       ; 00:54:04
   2:21'32"32 ; DC    ;  66,090 ;     mV ;       ; 00:54:04
   2:21'32"60 ; DC    ;  66,070 ;     mV ;       ; 00:54:05
   2:21'32"89 ; DC    ;  66,090 ;     mV ;       ; 00:54:05
   2:21'33"15 ; DC    ;  66,080 ;     mV ;       ; 00:54:05
   2:21'33"42 ; DC    ;  66,090 ;     mV ;       ; 00:54:06
   2:21'33"70 ; DC    ;  66,090 ;     mV ;       ; 00:54:06
   2:21'33"97 ; DC    ;  66,080 ;     mV ;       ; 00:54:06
   2:21'34"26 ; DC    ;  66,080 ;     mV ;       ; 00:54:06
   2:21'34"53 ; DC    ;  66,080 ;     mV ;       ; 00:54:07
   2:21'34"78 ; DC    ;  66,080 ;     mV ;       ; 00:54:07
   2:21'35"04 ; DC    ;  66,070 ;     mV ;       ; 00:54:07
   2:21'35"29 ; DC    ;  66,070 ;     mV ;       ; 00:54:07
   2:21'35"56 ; DC    ;  66,080 ;     mV ;       ; 00:54:08
   2:21'35"85 ; DC    ;  66,090 ;     mV ;       ; 00:54:08
   2:21'36"12 ; DC    ;  66,090 ;     mV ;       ; 00:54:08
   2:21'36"36 ; DC    ;  66,090 ;     mV ;       ; 00:54:09
   2:21'36"63 ; DC    ;  66,080 ;     mV ;       ; 00:54:09
   2:21'36"88 ; DC    ;  66,090 ;     mV ;       ; 00:54:09
   2:21'37"13 ; DC    ;  66,090 ;     mV ;       ; 00:54:09
   2:21'37"39 ; DC    ;  66,090 ;     mV ;       ; 00:54:10
   2:21'37"67 ; DC    ;  66,080 ;     mV ;       ; 00:54:10
   2:21'37"93 ; DC    ;  66,080 ;     mV ;       ; 00:54:10
   2:21'38"19 ; DC    ;  66,090 ;     mV ;       ; 00:54:10
   2:21'38"45 ; DC    ;  66,100 ;     mV ;       ; 00:54:11
   2:21'38"74 ; DC    ;  66,100 ;     mV ;       ; 00:54:11
   2:21'39"01 ; DC    ;  66,080 ;     mV ;       ; 00:54:11
   2:21'39"30 ; DC    ;  66,080 ;     mV ;       ; 00:54:11
   2:21'39"58 ; DC    ;  66,050 ;     mV ;       ; 00:54:12
   2:21'39"86 ; DC    ;  66,070 ;     mV ;       ; 00:54:12
   2:21'40"15 ; DC    ;  66,080 ;     mV ;       ; 00:54:12
   2:21'40"45 ; DC    ;  66,080 ;     mV ;       ; 00:54:13
   2:21'40"74 ; DC    ;  66,070 ;     mV ;       ; 00:54:13
   2:21'41"02 ; DC    ;  66,080 ;     mV ;       ; 00:54:13
   2:21'41"31 ; DC    ;  66,080 ;     mV ;       ; 00:54:13
   2:21'41"59 ; DC    ;  66,090 ;     mV ;       ; 00:54:14
   2:21'41"89 ; DC    ;  66,080 ;     mV ;       ; 00:54:14
   2:21'42"16 ; DC    ;  66,070 ;     mV ;       ; 00:54:14
   2:21'42"45 ; DC    ;  66,070 ;     mV ;       ; 00:54:15
   2:21'42"72 ; DC    ;  66,100 ;     mV ;       ; 00:54:15
   2:21'42"98 ; DC    ;  66,090 ;     mV ;       ; 00:54:15
   2:21'43"26 ; DC    ;  66,090 ;     mV ;       ; 00:54:15
   2:21'43"53 ; DC    ;  66,090 ;     mV ;       ; 00:54:16
   2:21'43"79 ; DC    ;  66,070 ;     mV ;       ; 00:54:16
   2:21'44"11 ; DC    ;  66,090 ;     mV ;       ; 00:54:16
   2:21'44"37 ; DC    ;  66,110 ;     mV ;       ; 00:54:17
   2:21'44"65 ; DC    ;  66,110 ;     mV ;       ; 00:54:17
   2:21'44"90 ; DC    ;  66,110 ;     mV ;       ; 00:54:17
   2:21'45"15 ; DC    ;  66,110 ;     mV ;       ; 00:54:17
   2:21'45"42 ; DC    ;  66,100 ;     mV ;       ; 00:54:18
   2:21'45"66 ; DC    ;  66,100 ;     mV ;       ; 00:54:18
   2:21'45"92 ; DC    ;  66,110 ;     mV ;       ; 00:54:18
   2:21'46"18 ; DC    ;  66,110 ;     mV ;       ; 00:54:18
   2:21'46"44 ; DC    ;  66,100 ;     mV ;       ; 00:54:19
   2:21'46"71 ; DC    ;  66,110 ;     mV ;       ; 00:54:19
   2:21'46"96 ; DC    ;  66,110 ;     mV ;       ; 00:54:19
   2:21'47"21 ; DC    ;  66,090 ;     mV ;       ; 00:54:19
   2:21'47"47 ; DC    ;  66,090 ;     mV ;       ; 00:54:20
   2:21'47"76 ; DC    ;  66,120 ;     mV ;       ; 00:54:20
   2:21'48"05 ; DC    ;  66,120 ;     mV ;       ; 00:54:20
   2:21'48"33 ; DC    ;  66,110 ;     mV ;       ; 00:54:20
   2:21'48"60 ; DC    ;  66,110 ;     mV ;       ; 00:54:21
   2:21'48"87 ; DC    ;  66,120 ;     mV ;       ; 00:54:21
   2:21'49"14 ; DC    ;  66,120 ;     mV ;       ; 00:54:21
   2:21'49"40 ; DC    ;  66,110 ;     mV ;       ; 00:54:22
   2:21'49"69 ; DC    ;  66,090 ;     mV ;       ; 00:54:22
   2:21'49"97 ; DC    ;  66,100 ;     mV ;       ; 00:54:22
   2:21'50"25 ; DC    ;  66,120 ;     mV ;       ; 00:54:22
   2:21'50"53 ; DC    ;  66,110 ;     mV ;       ; 00:54:23
   2:21'50"81 ; DC    ;  66,110 ;     mV ;       ; 00:54:23
   2:21'51"10 ; DC    ;  66,130 ;     mV ;       ; 00:54:23
   2:21'51"38 ; DC    ;  66,110 ;     mV ;       ; 00:54:24
   2:21'51"63 ; DC    ;  66,110 ;     mV ;       ; 00:54:24
   2:21'51"88 ; DC    ;  66,100 ;     mV ;       ; 00:54:24
   2:21'52"15 ; DC    ;  66,100 ;     mV ;       ; 00:54:24
   2:21'52"40 ; DC    ;  66,130 ;     mV ;       ; 00:54:25
   2:21'52"65 ; DC    ;  66,110 ;     mV ;       ; 00:54:25
   2:21'52"91 ; DC    ;  66,110 ;     mV ;       ; 00:54:25
   2:21'53"17 ; DC    ;  66,110 ;     mV ;       ; 00:54:25
   2:21'53"44 ; DC    ;  66,110 ;     mV ;       ; 00:54:26
   2:21'53"70 ; DC    ;  66,100 ;     mV ;       ; 00:54:26
   2:21'53"96 ; DC    ;  66,120 ;     mV ;       ; 00:54:26
   2:21'54"21 ; DC    ;  66,110 ;     mV ;       ; 00:54:26
   2:21'54"48 ; DC    ;  66,120 ;     mV ;       ; 00:54:27
   2:21'54"72 ; DC    ;  66,120 ;     mV ;       ; 00:54:27
   2:21'54"97 ; DC    ;  66,110 ;     mV ;       ; 00:54:27
   2:21'55"24 ; DC    ;  66,120 ;     mV ;       ; 00:54:27
   2:21'55"49 ; DC    ;  66,120 ;     mV ;       ; 00:54:28
   2:21'55"78 ; DC    ;  66,130 ;     mV ;       ; 00:54:28
   2:21'56"06 ; DC    ;  66,130 ;     mV ;       ; 00:54:28
   2:21'56"35 ; DC    ;  66,120 ;     mV ;       ; 00:54:29
   2:21'56"61 ; DC    ;  66,130 ;     mV ;       ; 00:54:29
   2:21'56"89 ; DC    ;  66,120 ;     mV ;       ; 00:54:29
   2:21'57"17 ; DC    ;  66,120 ;     mV ;       ; 00:54:29
   2:21'57"44 ; DC    ;  66,140 ;     mV ;       ; 00:54:30
   2:21'57"71 ; DC    ;  66,130 ;     mV ;       ; 00:54:30
   2:21'57"98 ; DC    ;  66,140 ;     mV ;       ; 00:54:30
   2:21'58"23 ; DC    ;  66,140 ;     mV ;       ; 00:54:30
   2:21'58"50 ; DC    ;  66,130 ;     mV ;       ; 00:54:31
   2:21'58"74 ; DC    ;  66,130 ;     mV ;       ; 00:54:31
   2:21'59"05 ; DC    ;  66,110 ;     mV ;       ; 00:54:31
   2:21'59"36 ; DC    ;  66,120 ;     mV ;       ; 00:54:32
   2:21'59"66 ; DC    ;  66,120 ;     mV ;       ; 00:54:32
   2:21'59"92 ; DC    ;  66,110 ;     mV ;       ; 00:54:32
   2:22'00"21 ; DC    ;  66,100 ;     mV ;       ; 00:54:32
   2:22'00"50 ; DC    ;  66,110 ;     mV ;       ; 00:54:33
   2:22'00"76 ; DC    ;  66,110 ;     mV ;       ; 00:54:33
   2:22'01"06 ; DC    ;  66,090 ;     mV ;       ; 00:54:33
   2:22'01"35 ; DC    ;  66,090 ;     mV ;       ; 00:54:34
   2:22'01"64 ; DC    ;  66,100 ;     mV ;       ; 00:54:34
   2:22'01"88 ; DC    ;  66,080 ;     mV ;       ; 00:54:34
   2:22'02"18 ; DC    ;  66,080 ;     mV ;       ; 00:54:34
   2:22'02"44 ; DC    ;  66,080 ;     mV ;       ; 00:54:35
   2:22'02"70 ; DC    ;  66,080 ;     mV ;       ; 00:54:35
   2:22'02"97 ; DC    ;  66,080 ;     mV ;       ; 00:54:35
   2:22'03"23 ; DC    ;  66,080 ;     mV ;       ; 00:54:35
   2:22'03"48 ; DC    ;  66,100 ;     mV ;       ; 00:54:36
   2:22'03"74 ; DC    ;  66,100 ;     mV ;       ; 00:54:36
   2:22'03"99 ; DC    ;  66,090 ;     mV ;       ; 00:54:36
   2:22'04"28 ; DC    ;  66,090 ;     mV ;       ; 00:54:36
   2:22'04"56 ; DC    ;  66,080 ;     mV ;       ; 00:54:37
   2:22'04"89 ; DC    ;  66,080 ;     mV ;       ; 00:54:37
   2:22'05"17 ; DC    ;  66,090 ;     mV ;       ; 00:54:37
   2:22'05"45 ; DC    ;  66,100 ;     mV ;       ; 00:54:38
   2:22'05"72 ; DC    ;  66,100 ;     mV ;       ; 00:54:38
   2:22'05"97 ; DC    ;  66,100 ;     mV ;       ; 00:54:38
   2:22'06"26 ; DC    ;  66,100 ;     mV ;       ; 00:54:38
   2:22'06"55 ; DC    ;  66,090 ;     mV ;       ; 00:54:39
   2:22'06"81 ; DC    ;  66,100 ;     mV ;       ; 00:54:39
   2:22'07"07 ; DC    ;  66,100 ;     mV ;       ; 00:54:39
   2:22'07"35 ; DC    ;  66,120 ;     mV ;       ; 00:54:40
   2:22'07"62 ; DC    ;  66,120 ;     mV ;       ; 00:54:40
   2:22'07"92 ; DC    ;  66,130 ;     mV ;       ; 00:54:40
   2:22'08"16 ; DC    ;  66,120 ;     mV ;       ; 00:54:40
   2:22'08"42 ; DC    ;  66,120 ;     mV ;       ; 00:54:41
   2:22'08"68 ; DC    ;  66,110 ;     mV ;       ; 00:54:41
   2:22'08"95 ; DC    ;  66,120 ;     mV ;       ; 00:54:41
   2:22'09"21 ; DC    ;  66,120 ;     mV ;       ; 00:54:41
   2:22'09"48 ; DC    ;  66,120 ;     mV ;       ; 00:54:42
   2:22'09"76 ; DC    ;  66,110 ;     mV ;       ; 00:54:42
   2:22'10"03 ; DC    ;  66,110 ;     mV ;       ; 00:54:42
   2:22'10"29 ; DC    ;  66,110 ;     mV ;       ; 00:54:42
   2:22'10"56 ; DC    ;  66,110 ;     mV ;       ; 00:54:43
   2:22'10"83 ; DC    ;  66,110 ;     mV ;       ; 00:54:43
   2:22'11"09 ; DC    ;  66,110 ;     mV ;       ; 00:54:43
   2:22'11"35 ; DC    ;  66,120 ;     mV ;       ; 00:54:44
   2:22'11"63 ; DC    ;  66,110 ;     mV ;       ; 00:54:44
   2:22'11"89 ; DC    ;  66,120 ;     mV ;       ; 00:54:44
   2:22'12"16 ; DC    ;  66,120 ;     mV ;       ; 00:54:44
   2:22'12"42 ; DC    ;  66,120 ;     mV ;       ; 00:54:45
   2:22'12"69 ; DC    ;  66,120 ;     mV ;       ; 00:54:45
   2:22'12"96 ; DC    ;  66,120 ;     mV ;       ; 00:54:45
   2:22'13"25 ; DC    ;  66,120 ;     mV ;       ; 00:54:45
   2:22'13"53 ; DC    ;  66,120 ;     mV ;       ; 00:54:46
   2:22'13"84 ; DC    ;  66,110 ;     mV ;       ; 00:54:46
   2:22'14"14 ; DC    ;  66,120 ;     mV ;       ; 00:54:46
   2:22'14"41 ; DC    ;  66,110 ;     mV ;       ; 00:54:47
   2:22'14"69 ; DC    ;  66,120 ;     mV ;       ; 00:54:47
   2:22'14"94 ; DC    ;  66,110 ;     mV ;       ; 00:54:47
   2:22'15"21 ; DC    ;  66,080 ;     mV ;       ; 00:54:47
   2:22'15"48 ; DC    ;  66,070 ;     mV ;       ; 00:54:48
   2:22'15"76 ; DC    ;  66,070 ;     mV ;       ; 00:54:48
   2:22'16"03 ; DC    ;  66,080 ;     mV ;       ; 00:54:48
   2:22'16"30 ; DC    ;  66,080 ;     mV ;       ; 00:54:48
   2:22'16"56 ; DC    ;  66,120 ;     mV ;       ; 00:54:49
   2:22'16"83 ; DC    ;  66,120 ;     mV ;       ; 00:54:49
   2:22'17"11 ; DC    ;  66,100 ;     mV ;       ; 00:54:49
   2:22'17"38 ; DC    ;  66,100 ;     mV ;       ; 00:54:50
   2:22'17"63 ; DC    ;  66,110 ;     mV ;       ; 00:54:50
   2:22'17"96 ; DC    ;  66,110 ;     mV ;       ; 00:54:50
   2:22'18"24 ; DC    ;  66,090 ;     mV ;       ; 00:54:50
   2:22'18"53 ; DC    ;  66,090 ;     mV ;       ; 00:54:51
   2:22'18"80 ; DC    ;  66,100 ;     mV ;       ; 00:54:51
   2:22'19"06 ; DC    ;  66,100 ;     mV ;       ; 00:54:51
   2:22'19"33 ; DC    ;  66,090 ;     mV ;       ; 00:54:51
   2:22'19"59 ; DC    ;  66,090 ;     mV ;       ; 00:54:52
   2:22'19"85 ; DC    ;  66,090 ;     mV ;       ; 00:54:52
   2:22'20"10 ; DC    ;  66,110 ;     mV ;       ; 00:54:52
   2:22'20"35 ; DC    ;  66,110 ;     mV ;       ; 00:54:53
   2:22'20"61 ; DC    ;  66,110 ;     mV ;       ; 00:54:53
   2:22'20"89 ; DC    ;  66,110 ;     mV ;       ; 00:54:53
   2:22'21"17 ; DC    ;  66,110 ;     mV ;       ; 00:54:53
   2:22'21"45 ; DC    ;  66,100 ;     mV ;       ; 00:54:54
   2:22'21"72 ; DC    ;  66,100 ;     mV ;       ; 00:54:54
   2:22'22"01 ; DC    ;  66,120 ;     mV ;       ; 00:54:54
   2:22'22"29 ; DC    ;  66,090 ;     mV ;       ; 00:54:54
   2:22'22"58 ; DC    ;  66,100 ;     mV ;       ; 00:54:55
   2:22'22"86 ; DC    ;  66,080 ;     mV ;       ; 00:54:55
   2:22'23"13 ; DC    ;  66,080 ;     mV ;       ; 00:54:55
   2:22'23"40 ; DC    ;  66,090 ;     mV ;       ; 00:54:56
   2:22'23"66 ; DC    ;  66,090 ;     mV ;       ; 00:54:56
   2:22'23"93 ; DC    ;  66,100 ;     mV ;       ; 00:54:56
   2:22'24"20 ; DC    ;  66,100 ;     mV ;       ; 00:54:56
   2:22'24"46 ; DC    ;  66,090 ;     mV ;       ; 00:54:57
   2:22'24"74 ; DC    ;  66,100 ;     mV ;       ; 00:54:57
   2:22'25"01 ; DC    ;  66,080 ;     mV ;       ; 00:54:57
   2:22'25"29 ; DC    ;  66,090 ;     mV ;       ; 00:54:57
   2:22'25"57 ; DC    ;  66,070 ;     mV ;       ; 00:54:58
   2:22'25"85 ; DC    ;  66,070 ;     mV ;       ; 00:54:58
   2:22'26"14 ; DC    ;  66,080 ;     mV ;       ; 00:54:58
   2:22'26"41 ; DC    ;  66,070 ;     mV ;       ; 00:54:59
   2:22'26"72 ; DC    ;  66,080 ;     mV ;       ; 00:54:59
   2:22'26"98 ; DC    ;  66,080 ;     mV ;       ; 00:54:59
   2:22'27"30 ; DC    ;  66,080 ;     mV ;       ; 00:54:59
   2:22'27"57 ; DC    ;  66,080 ;     mV ;       ; 00:55:00
   2:22'27"84 ; DC    ;  66,080 ;     mV ;       ; 00:55:00
   2:22'28"10 ; DC    ;  66,080 ;     mV ;       ; 00:55:00
   2:22'28"37 ; DC    ;  66,080 ;     mV ;       ; 00:55:01
   2:22'28"62 ; DC    ;  66,080 ;     mV ;       ; 00:55:01
   2:22'28"88 ; DC    ;  66,100 ;     mV ;       ; 00:55:01
   2:22'29"15 ; DC    ;  66,100 ;     mV ;       ; 00:55:01
   2:22'29"41 ; DC    ;  66,110 ;     mV ;       ; 00:55:02
   2:22'29"66 ; DC    ;  66,100 ;     mV ;       ; 00:55:02
   2:22'29"91 ; DC    ;  66,100 ;     mV ;       ; 00:55:02
   2:22'30"16 ; DC    ;  66,100 ;     mV ;       ; 00:55:02
   2:22'30"45 ; DC    ;  66,090 ;     mV ;       ; 00:55:03
   2:22'30"74 ; DC    ;  66,100 ;     mV ;       ; 00:55:03
   2:22'31"02 ; DC    ;  66,120 ;     mV ;       ; 00:55:03
   2:22'31"30 ; DC    ;  66,110 ;     mV ;       ; 00:55:03
   2:22'31"60 ; DC    ;  66,120 ;     mV ;       ; 00:55:04
   2:22'31"87 ; DC    ;  66,120 ;     mV ;       ; 00:55:04
   2:22'32"13 ; DC    ;  66,120 ;     mV ;       ; 00:55:04
   2:22'32"42 ; DC    ;  66,120 ;     mV ;       ; 00:55:05
   2:22'32"68 ; DC    ;  66,120 ;     mV ;       ; 00:55:05
   2:22'32"94 ; DC    ;  66,120 ;     mV ;       ; 00:55:05
   2:22'33"19 ; DC    ;  66,120 ;     mV ;       ; 00:55:05
   2:22'33"47 ; DC    ;  66,120 ;     mV ;       ; 00:55:06
   2:22'33"75 ; DC    ;  66,110 ;     mV ;       ; 00:55:06
   2:22'34"01 ; DC    ;  66,110 ;     mV ;       ; 00:55:06
   2:22'34"28 ; DC    ;  66,110 ;     mV ;       ; 00:55:06
   2:22'34"54 ; DC    ;  66,110 ;     mV ;       ; 00:55:07
   2:22'34"81 ; DC    ;  66,110 ;     mV ;       ; 00:55:07
   2:22'35"08 ; DC    ;  66,100 ;     mV ;       ; 00:55:07
   2:22'35"35 ; DC    ;  66,120 ;     mV ;       ; 00:55:08
   2:22'35"61 ; DC    ;  66,100 ;     mV ;       ; 00:55:08
   2:22'35"87 ; DC    ;  66,090 ;     mV ;       ; 00:55:08
   2:22'36"14 ; DC    ;  66,090 ;     mV ;       ; 00:55:08
   2:22'36"40 ; DC    ;  66,100 ;     mV ;       ; 00:55:09
   2:22'36"67 ; DC    ;  66,090 ;     mV ;       ; 00:55:09
   2:22'36"93 ; DC    ;  66,090 ;     mV ;       ; 00:55:09
   2:22'37"20 ; DC    ;  66,090 ;     mV ;       ; 00:55:09
   2:22'37"46 ; DC    ;  66,080 ;     mV ;       ; 00:55:10
   2:22'37"73 ; DC    ;  66,090 ;     mV ;       ; 00:55:10
   2:22'38"00 ; DC    ;  66,110 ;     mV ;       ; 00:55:10
   2:22'38"27 ; DC    ;  66,110 ;     mV ;       ; 00:55:10
   2:22'38"52 ; DC    ;  66,110 ;     mV ;       ; 00:55:11
   2:22'38"80 ; DC    ;  66,100 ;     mV ;       ; 00:55:11
   2:22'39"09 ; DC    ;  66,110 ;     mV ;       ; 00:55:11
   2:22'39"39 ; DC    ;  66,110 ;     mV ;       ; 00:55:12
   2:22'39"67 ; DC    ;  66,090 ;     mV ;       ; 00:55:12
   2:22'39"94 ; DC    ;  66,100 ;     mV ;       ; 00:55:12
   2:22'40"21 ; DC    ;  66,100 ;     mV ;       ; 00:55:12
   2:22'40"47 ; DC    ;  66,080 ;     mV ;       ; 00:55:13
   2:22'40"75 ; DC    ;  66,090 ;     mV ;       ; 00:55:13
   2:22'41"02 ; DC    ;  66,090 ;     mV ;       ; 00:55:13
   2:22'41"30 ; DC    ;  66,090 ;     mV ;       ; 00:55:13
   2:22'41"59 ; DC    ;  66,070 ;     mV ;       ; 00:55:14
   2:22'41"91 ; DC    ;  66,070 ;     mV ;       ; 00:55:14
   2:22'42"25 ; DC    ;  66,070 ;     mV ;       ; 00:55:14
   2:22'42"53 ; DC    ;  66,070 ;     mV ;       ; 00:55:15
   2:22'42"82 ; DC    ;  66,060 ;     mV ;       ; 00:55:15
   2:22'43"11 ; DC    ;  66,060 ;     mV ;       ; 00:55:15
   2:22'43"37 ; DC    ;  66,070 ;     mV ;       ; 00:55:16
   2:22'43"66 ; DC    ;  66,050 ;     mV ;       ; 00:55:16
   2:22'43"91 ; DC    ;  66,060 ;     mV ;       ; 00:55:16
   2:22'44"16 ; DC    ;  66,070 ;     mV ;       ; 00:55:16
   2:22'44"44 ; DC    ;  66,070 ;     mV ;       ; 00:55:17
   2:22'44"70 ; DC    ;  66,060 ;     mV ;       ; 00:55:17
   2:22'44"97 ; DC    ;  66,080 ;     mV ;       ; 00:55:17
   2:22'45"23 ; DC    ;  66,050 ;     mV ;       ; 00:55:17
   2:22'45"49 ; DC    ;  66,060 ;     mV ;       ; 00:55:18
   2:22'45"76 ; DC    ;  66,070 ;     mV ;       ; 00:55:18
   2:22'46"04 ; DC    ;  66,070 ;     mV ;       ; 00:55:18
   2:22'46"30 ; DC    ;  66,070 ;     mV ;       ; 00:55:18
   2:22'46"56 ; DC    ;  66,070 ;     mV ;       ; 00:55:19
   2:22'46"83 ; DC    ;  66,080 ;     mV ;       ; 00:55:19
   2:22'47"09 ; DC    ;  66,080 ;     mV ;       ; 00:55:19
   2:22'47"35 ; DC    ;  66,060 ;     mV ;       ; 00:55:20
   2:22'47"60 ; DC    ;  66,070 ;     mV ;       ; 00:55:20
   2:22'47"89 ; DC    ;  66,070 ;     mV ;       ; 00:55:20
   2:22'48"18 ; DC    ;  66,080 ;     mV ;       ; 00:55:20
   2:22'48"47 ; DC    ;  66,060 ;     mV ;       ; 00:55:21
   2:22'48"75 ; DC    ;  66,060 ;     mV ;       ; 00:55:21
   2:22'49"04 ; DC    ;  66,060 ;     mV ;       ; 00:55:21
   2:22'49"32 ; DC    ;  66,050 ;     mV ;       ; 00:55:21
   2:22'49"63 ; DC    ;  66,060 ;     mV ;       ; 00:55:22
   2:22'49"91 ; DC    ;  66,070 ;     mV ;       ; 00:55:22
   2:22'50"18 ; DC    ;  66,050 ;     mV ;       ; 00:55:22
   2:22'50"47 ; DC    ;  66,080 ;     mV ;       ; 00:55:23
   2:22'50"75 ; DC    ;  66,080 ;     mV ;       ; 00:55:23
   2:22'51"03 ; DC    ;  66,080 ;     mV ;       ; 00:55:23
   2:22'51"29 ; DC    ;  66,080 ;     mV ;       ; 00:55:23
   2:22'51"57 ; DC    ;  66,060 ;     mV ;       ; 00:55:24
   2:22'51"88 ; DC    ;  66,070 ;     mV ;       ; 00:55:24
   2:22'52"18 ; DC    ;  66,060 ;     mV ;       ; 00:55:24
   2:22'52"50 ; DC    ;  66,080 ;     mV ;       ; 00:55:25
   2:22'52"77 ; DC    ;  66,070 ;     mV ;       ; 00:55:25
   2:22'53"07 ; DC    ;  66,080 ;     mV ;       ; 00:55:25
   2:22'53"35 ; DC    ;  66,090 ;     mV ;       ; 00:55:26
   2:22'53"62 ; DC    ;  66,080 ;     mV ;       ; 00:55:26
   2:22'53"90 ; DC    ;  66,090 ;     mV ;       ; 00:55:26
   2:22'54"19 ; DC    ;  66,090 ;     mV ;       ; 00:55:26
   2:22'54"45 ; DC    ;  66,080 ;     mV ;       ; 00:55:27
   2:22'54"73 ; DC    ;  66,090 ;     mV ;       ; 00:55:27
   2:22'54"99 ; DC    ;  66,090 ;     mV ;       ; 00:55:27
   2:22'55"26 ; DC    ;  66,090 ;     mV ;       ; 00:55:27
   2:22'55"53 ; DC    ;  66,080 ;     mV ;       ; 00:55:28
   2:22'55"80 ; DC    ;  66,080 ;     mV ;       ; 00:55:28
   2:22'56"08 ; DC    ;  66,090 ;     mV ;       ; 00:55:28
   2:22'56"34 ; DC    ;  66,090 ;     mV ;       ; 00:55:29
   2:22'56"62 ; DC    ;  66,100 ;     mV ;       ; 00:55:29
   2:22'56"91 ; DC    ;  66,080 ;     mV ;       ; 00:55:29
   2:22'57"21 ; DC    ;  66,070 ;     mV ;       ; 00:55:29
   2:22'57"51 ; DC    ;  66,070 ;     mV ;       ; 00:55:30
   2:22'57"79 ; DC    ;  66,070 ;     mV ;       ; 00:55:30
   2:22'58"07 ; DC    ;  66,060 ;     mV ;       ; 00:55:30
   2:22'58"34 ; DC    ;  66,070 ;     mV ;       ; 00:55:31
   2:22'58"61 ; DC    ;  66,060 ;     mV ;       ; 00:55:31
   2:22'58"88 ; DC    ;  66,060 ;     mV ;       ; 00:55:31
   2:22'59"17 ; DC    ;  66,070 ;     mV ;       ; 00:55:31
   2:22'59"47 ; DC    ;  66,070 ;     mV ;       ; 00:55:32
   2:22'59"75 ; DC    ;  66,060 ;     mV ;       ; 00:55:32
   2:23'00"00 ; DC    ;  66,060 ;     mV ;       ; 00:55:32
   2:23'00"27 ; DC    ;  66,070 ;     mV ;       ; 00:55:32
   2:23'00"52 ; DC    ;  66,060 ;     mV ;       ; 00:55:33
   2:23'00"79 ; DC    ;  66,050 ;     mV ;       ; 00:55:33
   2:23'01"15 ; DC    ;  66,050 ;     mV ;       ; 00:55:33
   2:23'01"42 ; DC    ;  66,040 ;     mV ;       ; 00:55:34
   2:23'01"69 ; DC    ;  66,050 ;     mV ;       ; 00:55:34
   2:23'01"95 ; DC    ;  66,050 ;     mV ;       ; 00:55:34
   2:23'02"19 ; DC    ;  66,020 ;     mV ;       ; 00:55:34
   2:23'02"44 ; DC    ;  66,040 ;     mV ;       ; 00:55:35
   2:23'02"73 ; DC    ;  66,040 ;     mV ;       ; 00:55:35
   2:23'03"00 ; DC    ;  66,040 ;     mV ;       ; 00:55:35
   2:23'03"28 ; DC    ;  66,040 ;     mV ;       ; 00:55:35
   2:23'03"52 ; DC    ;  66,040 ;     mV ;       ; 00:55:36
   2:23'03"79 ; DC    ;  66,040 ;     mV ;       ; 00:55:36
   2:23'04"04 ; DC    ;  66,060 ;     mV ;       ; 00:55:36
   2:23'04"31 ; DC    ;  66,060 ;     mV ;       ; 00:55:36
   2:23'04"57 ; DC    ;  66,050 ;     mV ;       ; 00:55:37
   2:23'04"83 ; DC    ;  66,050 ;     mV ;       ; 00:55:37
   2:23'05"08 ; DC    ;  66,040 ;     mV ;       ; 00:55:37
   2:23'05"34 ; DC    ;  66,060 ;     mV ;       ; 00:55:38
   2:23'05"60 ; DC    ;  66,050 ;     mV ;       ; 00:55:38
   2:23'05"91 ; DC    ;  66,050 ;     mV ;       ; 00:55:38
   2:23'06"19 ; DC    ;  66,040 ;     mV ;       ; 00:55:38
   2:23'06"49 ; DC    ;  66,030 ;     mV ;       ; 00:55:39
   2:23'06"78 ; DC    ;  66,050 ;     mV ;       ; 00:55:39
   2:23'07"06 ; DC    ;  66,050 ;     mV ;       ; 00:55:39
   2:23'07"34 ; DC    ;  66,050 ;     mV ;       ; 00:55:40
   2:23'07"62 ; DC    ;  66,040 ;     mV ;       ; 00:55:40
   2:23'07"92 ; DC    ;  66,050 ;     mV ;       ; 00:55:40
   2:23'08"19 ; DC    ;  66,050 ;     mV ;       ; 00:55:40
   2:23'08"46 ; DC    ;  66,050 ;     mV ;       ; 00:55:41
   2:23'08"72 ; DC    ;  66,050 ;     mV ;       ; 00:55:41
   2:23'09"00 ; DC    ;  66,040 ;     mV ;       ; 00:55:41
   2:23'09"28 ; DC    ;  66,030 ;     mV ;       ; 00:55:41
   2:23'09"56 ; DC    ;  66,050 ;     mV ;       ; 00:55:42
   2:23'09"82 ; DC    ;  66,050 ;     mV ;       ; 00:55:42
   2:23'10"14 ; DC    ;  66,040 ;     mV ;       ; 00:55:42
   2:23'10"44 ; DC    ;  66,030 ;     mV ;       ; 00:55:43
   2:23'10"69 ; DC    ;  66,020 ;     mV ;       ; 00:55:43
   2:23'10"98 ; DC    ;  66,010 ;     mV ;       ; 00:55:43
   2:23'11"26 ; DC    ;  66,030 ;     mV ;       ; 00:55:43
   2:23'11"59 ; DC    ;  66,020 ;     mV ;       ; 00:55:44
   2:23'11"85 ; DC    ;  66,020 ;     mV ;       ; 00:55:44
   2:23'12"13 ; DC    ;  66,020 ;     mV ;       ; 00:55:44
   2:23'12"38 ; DC    ;  66,010 ;     mV ;       ; 00:55:45
   2:23'12"64 ; DC    ;  66,010 ;     mV ;       ; 00:55:45
   2:23'12"91 ; DC    ;  66,030 ;     mV ;       ; 00:55:45
   2:23'13"17 ; DC    ;  66,030 ;     mV ;       ; 00:55:45
   2:23'13"43 ; DC    ;  66,030 ;     mV ;       ; 00:55:46
   2:23'13"70 ; DC    ;  66,030 ;     mV ;       ; 00:55:46
   2:23'13"99 ; DC    ;  66,040 ;     mV ;       ; 00:55:46
   2:23'14"28 ; DC    ;  66,020 ;     mV ;       ; 00:55:46
   2:23'14"55 ; DC    ;  66,020 ;     mV ;       ; 00:55:47
   2:23'14"81 ; DC    ;  66,010 ;     mV ;       ; 00:55:47
   2:23'15"07 ; DC    ;  66,020 ;     mV ;       ; 00:55:47
   2:23'15"34 ; DC    ;  66,030 ;     mV ;       ; 00:55:48
   2:23'15"74 ; DC    ;  66,030 ;     mV ;       ; 00:55:48
   2:23'16"00 ; DC    ;  66,040 ;     mV ;       ; 00:55:48
   2:23'16"27 ; DC    ;  66,040 ;     mV ;       ; 00:55:48
   2:23'16"56 ; DC    ;  66,050 ;     mV ;       ; 00:55:49
   2:23'16"84 ; DC    ;  66,050 ;     mV ;       ; 00:55:49
   2:23'17"11 ; DC    ;  66,040 ;     mV ;       ; 00:55:49
   2:23'17"38 ; DC    ;  66,020 ;     mV ;       ; 00:55:50
   2:23'17"63 ; DC    ;  66,010 ;     mV ;       ; 00:55:50
   2:23'17"95 ; DC    ;  66,010 ;     mV ;       ; 00:55:50
   2:23'18"22 ; DC    ;  66,020 ;     mV ;       ; 00:55:50
   2:23'18"50 ; DC    ;  66,020 ;     mV ;       ; 00:55:51
   2:23'18"76 ; DC    ;  66,030 ;     mV ;       ; 00:55:51
   2:23'19"02 ; DC    ;  66,040 ;     mV ;       ; 00:55:51
   2:23'19"27 ; DC    ;  66,030 ;     mV ;       ; 00:55:51
   2:23'19"53 ; DC    ;  66,030 ;     mV ;       ; 00:55:52
   2:23'19"82 ; DC    ;  66,030 ;     mV ;       ; 00:55:52
   2:23'20"07 ; DC    ;  66,030 ;     mV ;       ; 00:55:52
   2:23'20"34 ; DC    ;  66,040 ;     mV ;       ; 00:55:53
   2:23'20"61 ; DC    ;  66,030 ;     mV ;       ; 00:55:53
   2:23'20"86 ; DC    ;  66,020 ;     mV ;       ; 00:55:53
   2:23'21"13 ; DC    ;  66,030 ;     mV ;       ; 00:55:53
   2:23'21"39 ; DC    ;  66,020 ;     mV ;       ; 00:55:54
   2:23'21"66 ; DC    ;  66,010 ;     mV ;       ; 00:55:54
   2:23'21"93 ; DC    ;  66,010 ;     mV ;       ; 00:55:54
   2:23'22"20 ; DC    ;  66,010 ;     mV ;       ; 00:55:54
   2:23'22"48 ; DC    ;  66,030 ;     mV ;       ; 00:55:55
   2:23'22"74 ; DC    ;  66,040 ;     mV ;       ; 00:55:55
   2:23'23"01 ; DC    ;  66,030 ;     mV ;       ; 00:55:55
   2:23'23"27 ; DC    ;  66,040 ;     mV ;       ; 00:55:55
   2:23'23"56 ; DC    ;  66,030 ;     mV ;       ; 00:55:56
   2:23'23"83 ; DC    ;  66,020 ;     mV ;       ; 00:55:56
   2:23'24"11 ; DC    ;  66,030 ;     mV ;       ; 00:55:56
   2:23'24"37 ; DC    ;  66,020 ;     mV ;       ; 00:55:57
   2:23'24"63 ; DC    ;  66,020 ;     mV ;       ; 00:55:57
   2:23'24"90 ; DC    ;  66,030 ;     mV ;       ; 00:55:57
   2:23'25"18 ; DC    ;  66,050 ;     mV ;       ; 00:55:57
   2:23'25"43 ; DC    ;  66,040 ;     mV ;       ; 00:55:58
   2:23'25"68 ; DC    ;  66,040 ;     mV ;       ; 00:55:58
   2:23'25"93 ; DC    ;  66,040 ;     mV ;       ; 00:55:58
   2:23'26"18 ; DC    ;  66,040 ;     mV ;       ; 00:55:58
   2:23'26"44 ; DC    ;  66,040 ;     mV ;       ; 00:55:59
   2:23'26"73 ; DC    ;  66,040 ;     mV ;       ; 00:55:59
   2:23'27"04 ; DC    ;  66,030 ;     mV ;       ; 00:55:59
   2:23'27"31 ; DC    ;  66,040 ;     mV ;       ; 00:55:59
   2:23'27"59 ; DC    ;  66,030 ;     mV ;       ; 00:56:00
   2:23'27"88 ; DC    ;  66,060 ;     mV ;       ; 00:56:00
   2:23'28"16 ; DC    ;  66,070 ;     mV ;       ; 00:56:00
   2:23'28"43 ; DC    ;  66,060 ;     mV ;       ; 00:56:01
   2:23'28"71 ; DC    ;  66,050 ;     mV ;       ; 00:56:01
   2:23'28"98 ; DC    ;  66,050 ;     mV ;       ; 00:56:01
   2:23'29"26 ; DC    ;  66,060 ;     mV ;       ; 00:56:01
   2:23'29"53 ; DC    ;  66,060 ;     mV ;       ; 00:56:02
   2:23'29"85 ; DC    ;  66,050 ;     mV ;       ; 00:56:02
   2:23'30"14 ; DC    ;  66,040 ;     mV ;       ; 00:56:02
   2:23'30"41 ; DC    ;  66,030 ;     mV ;       ; 00:56:03
   2:23'30"67 ; DC    ;  66,030 ;     mV ;       ; 00:56:03
   2:23'30"96 ; DC    ;  66,020 ;     mV ;       ; 00:56:03
   2:23'31"24 ; DC    ;  66,020 ;     mV ;       ; 00:56:03
   2:23'31"52 ; DC    ;  66,030 ;     mV ;       ; 00:56:04
   2:23'31"80 ; DC    ;  66,030 ;     mV ;       ; 00:56:04
   2:23'32"08 ; DC    ;  66,030 ;     mV ;       ; 00:56:04
   2:23'32"36 ; DC    ;  66,030 ;     mV ;       ; 00:56:05
   2:23'32"62 ; DC    ;  66,030 ;     mV ;       ; 00:56:05
   2:23'32"96 ; DC    ;  66,040 ;     mV ;       ; 00:56:05
   2:23'33"22 ; DC    ;  66,040 ;     mV ;       ; 00:56:05
   2:23'33"53 ; DC    ;  66,040 ;     mV ;       ; 00:56:06
   2:23'33"80 ; DC    ;  66,020 ;     mV ;       ; 00:56:06
   2:23'34"08 ; DC    ;  66,040 ;     mV ;       ; 00:56:06
   2:23'34"39 ; DC    ;  66,050 ;     mV ;       ; 00:56:07
   2:23'34"69 ; DC    ;  66,040 ;     mV ;       ; 00:56:07
   2:23'34"97 ; DC    ;  66,040 ;     mV ;       ; 00:56:07
   2:23'35"23 ; DC    ;  66,060 ;     mV ;       ; 00:56:07
   2:23'35"49 ; DC    ;  66,060 ;     mV ;       ; 00:56:08
   2:23'35"74 ; DC    ;  66,060 ;     mV ;       ; 00:56:08
   2:23'36"02 ; DC    ;  66,060 ;     mV ;       ; 00:56:08
   2:23'36"28 ; DC    ;  66,060 ;     mV ;       ; 00:56:08
   2:23'36"56 ; DC    ;  66,060 ;     mV ;       ; 00:56:09
   2:23'36"83 ; DC    ;  66,050 ;     mV ;       ; 00:56:09
   2:23'37"10 ; DC    ;  66,060 ;     mV ;       ; 00:56:09
   2:23'37"36 ; DC    ;  66,070 ;     mV ;       ; 00:56:10
   2:23'37"66 ; DC    ;  66,060 ;     mV ;       ; 00:56:10
   2:23'37"91 ; DC    ;  66,080 ;     mV ;       ; 00:56:10
   2:23'38"20 ; DC    ;  66,070 ;     mV ;       ; 00:56:10
   2:23'38"46 ; DC    ;  66,070 ;     mV ;       ; 00:56:11
   2:23'38"77 ; DC    ;  66,040 ;     mV ;       ; 00:56:11
   2:23'39"03 ; DC    ;  66,030 ;     mV ;       ; 00:56:11
   2:23'39"31 ; DC    ;  66,030 ;     mV ;       ; 00:56:11
   2:23'39"56 ; DC    ;  66,040 ;     mV ;       ; 00:56:12
   2:23'39"82 ; DC    ;  66,040 ;     mV ;       ; 00:56:12
   2:23'40"09 ; DC    ;  66,040 ;     mV ;       ; 00:56:12
   2:23'40"38 ; DC    ;  66,030 ;     mV ;       ; 00:56:13
   2:23'40"65 ; DC    ;  66,040 ;     mV ;       ; 00:56:13
   2:23'40"93 ; DC    ;  66,040 ;     mV ;       ; 00:56:13
   2:23'41"19 ; DC    ;  66,040 ;     mV ;       ; 00:56:13
   2:23'41"50 ; DC    ;  66,040 ;     mV ;       ; 00:56:14
   2:23'41"80 ; DC    ;  66,020 ;     mV ;       ; 00:56:14
   2:23'42"11 ; DC    ;  66,020 ;     mV ;       ; 00:56:14
   2:23'42"41 ; DC    ;  66,030 ;     mV ;       ; 00:56:15
   2:23'42"70 ; DC    ;  66,050 ;     mV ;       ; 00:56:15
   2:23'42"98 ; DC    ;  66,050 ;     mV ;       ; 00:56:15
   2:23'43"26 ; DC    ;  66,050 ;     mV ;       ; 00:56:15
   2:23'43"55 ; DC    ;  66,050 ;     mV ;       ; 00:56:16
   2:23'43"80 ; DC    ;  66,020 ;     mV ;       ; 00:56:16
   2:23'44"06 ; DC    ;  66,030 ;     mV ;       ; 00:56:16
   2:23'44"34 ; DC    ;  66,020 ;     mV ;       ; 00:56:17
   2:23'44"61 ; DC    ;  66,030 ;     mV ;       ; 00:56:17
   2:23'44"87 ; DC    ;  66,040 ;     mV ;       ; 00:56:17
   2:23'45"14 ; DC    ;  66,050 ;     mV ;       ; 00:56:17
   2:23'45"40 ; DC    ;  66,030 ;     mV ;       ; 00:56:18
   2:23'45"66 ; DC    ;  66,040 ;     mV ;       ; 00:56:18
   2:23'45"93 ; DC    ;  66,050 ;     mV ;       ; 00:56:18
   2:23'46"18 ; DC    ;  66,050 ;     mV ;       ; 00:56:18
   2:23'46"43 ; DC    ;  66,030 ;     mV ;       ; 00:56:19
   2:23'46"75 ; DC    ;  66,030 ;     mV ;       ; 00:56:19
   2:23'47"01 ; DC    ;  66,030 ;     mV ;       ; 00:56:19
   2:23'47"30 ; DC    ;  66,030 ;     mV ;       ; 00:56:19
   2:23'47"55 ; DC    ;  66,040 ;     mV ;       ; 00:56:20
   2:23'47"82 ; DC    ;  66,050 ;     mV ;       ; 00:56:20
   2:23'48"08 ; DC    ;  66,050 ;     mV ;       ; 00:56:20
   2:23'48"34 ; DC    ;  66,050 ;     mV ;       ; 00:56:21
   2:23'48"61 ; DC    ;  66,050 ;     mV ;       ; 00:56:21
   2:23'48"86 ; DC    ;  66,040 ;     mV ;       ; 00:56:21
   2:23'49"12 ; DC    ;  66,040 ;     mV ;       ; 00:56:21
   2:23'49"39 ; DC    ;  66,040 ;     mV ;       ; 00:56:22
   2:23'49"65 ; DC    ;  66,040 ;     mV ;       ; 00:56:22
   2:23'49"92 ; DC    ;  66,040 ;     mV ;       ; 00:56:22
   2:23'50"20 ; DC    ;  66,040 ;     mV ;       ; 00:56:22
   2:23'50"48 ; DC    ;  66,040 ;     mV ;       ; 00:56:23
   2:23'50"75 ; DC    ;  66,030 ;     mV ;       ; 00:56:23
   2:23'51"05 ; DC    ;  66,030 ;     mV ;       ; 00:56:23
   2:23'51"36 ; DC    ;  66,020 ;     mV ;       ; 00:56:24
   2:23'51"66 ; DC    ;  66,020 ;     mV ;       ; 00:56:24
   2:23'51"92 ; DC    ;  66,020 ;     mV ;       ; 00:56:24
   2:23'52"19 ; DC    ;  66,010 ;     mV ;       ; 00:56:24
   2:23'52"45 ; DC    ;  66,020 ;     mV ;       ; 00:56:25
   2:23'52"71 ; DC    ;  66,010 ;     mV ;       ; 00:56:25
   2:23'52"97 ; DC    ;  66,020 ;     mV ;       ; 00:56:25
   2:23'53"24 ; DC    ;  66,010 ;     mV ;       ; 00:56:25
   2:23'53"50 ; DC    ;  66,010 ;     mV ;       ; 00:56:26
   2:23'53"76 ; DC    ;  66,020 ;     mV ;       ; 00:56:26
   2:23'54"02 ; DC    ;  66,020 ;     mV ;       ; 00:56:26
   2:23'54"27 ; DC    ;  66,030 ;     mV ;       ; 00:56:26
   2:23'54"53 ; DC    ;  66,030 ;     mV ;       ; 00:56:27
   2:23'54"80 ; DC    ;  66,050 ;     mV ;       ; 00:56:27
   2:23'55"07 ; DC    ;  66,040 ;     mV ;       ; 00:56:27
   2:23'55"34 ; DC    ;  66,050 ;     mV ;       ; 00:56:28
   2:23'55"60 ; DC    ;  66,050 ;     mV ;       ; 00:56:28
   2:23'55"85 ; DC    ;  66,050 ;     mV ;       ; 00:56:28
   2:23'56"11 ; DC    ;  66,050 ;     mV ;       ; 00:56:28
   2:23'56"37 ; DC    ;  66,050 ;     mV ;       ; 00:56:29
   2:23'56"64 ; DC    ;  66,030 ;     mV ;       ; 00:56:29
   2:23'56"91 ; DC    ;  66,050 ;     mV ;       ; 00:56:29
   2:23'57"17 ; DC    ;  66,050 ;     mV ;       ; 00:56:29
   2:23'57"44 ; DC    ;  66,040 ;     mV ;       ; 00:56:30
   2:23'57"70 ; DC    ;  66,040 ;     mV ;       ; 00:56:30
   2:23'57"96 ; DC    ;  66,050 ;     mV ;       ; 00:56:30
   2:23'58"24 ; DC    ;  66,050 ;     mV ;       ; 00:56:30
   2:23'58"53 ; DC    ;  66,060 ;     mV ;       ; 00:56:31
   2:23'58"82 ; DC    ;  66,060 ;     mV ;       ; 00:56:31
   2:23'59"11 ; DC    ;  66,050 ;     mV ;       ; 00:56:31
   2:23'59"41 ; DC    ;  66,030 ;     mV ;       ; 00:56:32
   2:23'59"70 ; DC    ;  66,030 ;     mV ;       ; 00:56:32
   2:23'59"99 ; DC    ;  66,030 ;     mV ;       ; 00:56:32
   2:24'00"27 ; DC    ;  66,030 ;     mV ;       ; 00:56:32
   2:24'00"54 ; DC    ;  66,020 ;     mV ;       ; 00:56:33
   2:24'00"83 ; DC    ;  66,020 ;     mV ;       ; 00:56:33
   2:24'01"11 ; DC    ;  66,010 ;     mV ;       ; 00:56:33
   2:24'01"38 ; DC    ;  66,030 ;     mV ;       ; 00:56:34
   2:24'01"69 ; DC    ;  66,030 ;     mV ;       ; 00:56:34
   2:24'02"03 ; DC    ;  66,020 ;     mV ;       ; 00:56:34
   2:24'02"33 ; DC    ;  66,030 ;     mV ;       ; 00:56:34
   2:24'02"67 ; DC    ;  66,040 ;     mV ;       ; 00:56:35
   2:24'02"96 ; DC    ;  66,040 ;     mV ;       ; 00:56:35
   2:24'03"28 ; DC    ;  66,040 ;     mV ;       ; 00:56:35
   2:24'03"55 ; DC    ;  66,050 ;     mV ;       ; 00:56:36
   2:24'03"82 ; DC    ;  66,040 ;     mV ;       ; 00:56:36
   2:24'04"09 ; DC    ;  66,020 ;     mV ;       ; 00:56:36
   2:24'04"37 ; DC    ;  66,040 ;     mV ;       ; 00:56:37
   2:24'04"65 ; DC    ;  66,040 ;     mV ;       ; 00:56:37
   2:24'04"93 ; DC    ;  66,030 ;     mV ;       ; 00:56:37
   2:24'05"25 ; DC    ;  66,030 ;     mV ;       ; 00:56:37
   2:24'05"52 ; DC    ;  66,050 ;     mV ;       ; 00:56:38
   2:24'05"82 ; DC    ;  66,050 ;     mV ;       ; 00:56:38
   2:24'06"13 ; DC    ;  66,030 ;     mV ;       ; 00:56:38
   2:24'06"41 ; DC    ;  66,050 ;     mV ;       ; 00:56:39
   2:24'06"70 ; DC    ;  66,030 ;     mV ;       ; 00:56:39
   2:24'07"03 ; DC    ;  66,040 ;     mV ;       ; 00:56:39
   2:24'07"31 ; DC    ;  66,030 ;     mV ;       ; 00:56:39
   2:24'07"60 ; DC    ;  66,020 ;     mV ;       ; 00:56:40
   2:24'07"91 ; DC    ;  66,010 ;     mV ;       ; 00:56:40
   2:24'08"19 ; DC    ;  66,010 ;     mV ;       ; 00:56:40
   2:24'08"48 ; DC    ;  66,010 ;     mV ;       ; 00:56:41
   2:24'08"90 ; DC    ;  66,010 ;     mV ;       ; 00:56:41
   2:24'09"19 ; DC    ;  66,020 ;     mV ;       ; 00:56:41
   2:24'09"47 ; DC    ;  66,020 ;     mV ;       ; 00:56:42
   2:24'09"76 ; DC    ;  66,010 ;     mV ;       ; 00:56:42
   2:24'10"04 ; DC    ;  66,020 ;     mV ;       ; 00:56:42
   2:24'10"31 ; DC    ;  66,020 ;     mV ;       ; 00:56:42
   2:24'10"59 ; DC    ;  66,030 ;     mV ;       ; 00:56:43
   2:24'10"87 ; DC    ;  66,030 ;     mV ;       ; 00:56:43
   2:24'11"14 ; DC    ;  66,010 ;     mV ;       ; 00:56:43
   2:24'11"41 ; DC    ;  66,010 ;     mV ;       ; 00:56:44
   2:24'11"69 ; DC    ;  66,030 ;     mV ;       ; 00:56:44
   2:24'11"96 ; DC    ;  66,000 ;     mV ;       ; 00:56:44
   2:24'12"23 ; DC    ;  65,990 ;     mV ;       ; 00:56:44
   2:24'12"51 ; DC    ;  66,010 ;     mV ;       ; 00:56:45
   2:24'12"81 ; DC    ;  66,020 ;     mV ;       ; 00:56:45
   2:24'13"10 ; DC    ;  66,020 ;     mV ;       ; 00:56:45
   2:24'13"41 ; DC    ;  66,020 ;     mV ;       ; 00:56:46
   2:24'13"68 ; DC    ;  66,020 ;     mV ;       ; 00:56:46
   2:24'13"99 ; DC    ;  66,010 ;     mV ;       ; 00:56:46
   2:24'14"28 ; DC    ;  66,020 ;     mV ;       ; 00:56:46
   2:24'14"55 ; DC    ;  66,020 ;     mV ;       ; 00:56:47
   2:24'14"85 ; DC    ;  66,020 ;     mV ;       ; 00:56:47
   2:24'15"13 ; DC    ;  66,020 ;     mV ;       ; 00:56:47
   2:24'15"44 ; DC    ;  66,000 ;     mV ;       ; 00:56:48
   2:24'15"69 ; DC    ;  66,010 ;     mV ;       ; 00:56:48
   2:24'15"98 ; DC    ;  66,020 ;     mV ;       ; 00:56:48
   2:24'16"22 ; DC    ;  66,020 ;     mV ;       ; 00:56:48
   2:24'16"49 ; DC    ;  66,020 ;     mV ;       ; 00:56:49
   2:24'16"76 ; DC    ;  66,020 ;     mV ;       ; 00:56:49
   2:24'17"02 ; DC    ;  66,000 ;     mV ;       ; 00:56:49
   2:24'17"27 ; DC    ;  66,030 ;     mV ;       ; 00:56:49
   2:24'17"54 ; DC    ;  66,030 ;     mV ;       ; 00:56:50
   2:24'17"81 ; DC    ;  66,020 ;     mV ;       ; 00:56:50
   2:24'18"07 ; DC    ;  66,010 ;     mV ;       ; 00:56:50
   2:24'18"38 ; DC    ;  66,030 ;     mV ;       ; 00:56:51
   2:24'18"66 ; DC    ;  66,030 ;     mV ;       ; 00:56:51
   2:24'18"95 ; DC    ;  66,040 ;     mV ;       ; 00:56:51
   2:24'19"25 ; DC    ;  66,040 ;     mV ;       ; 00:56:51
   2:24'19"54 ; DC    ;  66,020 ;     mV ;       ; 00:56:52
   2:24'19"79 ; DC    ;  66,020 ;     mV ;       ; 00:56:52
   2:24'20"07 ; DC    ;  66,020 ;     mV ;       ; 00:56:52
   2:24'20"34 ; DC    ;  66,010 ;     mV ;       ; 00:56:53
   2:24'20"67 ; DC    ;  66,010 ;     mV ;       ; 00:56:53
   2:24'20"95 ; DC    ;  66,000 ;     mV ;       ; 00:56:53
   2:24'21"22 ; DC    ;  65,990 ;     mV ;       ; 00:56:53
   2:24'21"48 ; DC    ;  65,990 ;     mV ;       ; 00:56:54
   2:24'21"75 ; DC    ;  65,980 ;     mV ;       ; 00:56:54
   2:24'22"01 ; DC    ;  65,990 ;     mV ;       ; 00:56:54
   2:24'22"28 ; DC    ;  65,990 ;     mV ;       ; 00:56:54
   2:24'22"55 ; DC    ;  65,980 ;     mV ;       ; 00:56:55
   2:24'22"81 ; DC    ;  65,980 ;     mV ;       ; 00:56:55
   2:24'23"08 ; DC    ;  66,000 ;     mV ;       ; 00:56:55
   2:24'23"35 ; DC    ;  66,000 ;     mV ;       ; 00:56:56
   2:24'23"63 ; DC    ;  66,010 ;     mV ;       ; 00:56:56
   2:24'23"90 ; DC    ;  66,010 ;     mV ;       ; 00:56:56
   2:24'24"18 ; DC    ;  66,000 ;     mV ;       ; 00:56:56
   2:24'24"43 ; DC    ;  65,990 ;     mV ;       ; 00:56:57
   2:24'24"68 ; DC    ;  66,000 ;     mV ;       ; 00:56:57
   2:24'24"94 ; DC    ;  65,990 ;     mV ;       ; 00:56:57
   2:24'25"20 ; DC    ;  65,990 ;     mV ;       ; 00:56:57
   2:24'25"47 ; DC    ;  65,990 ;     mV ;       ; 00:56:58
   2:24'25"75 ; DC    ;  66,000 ;     mV ;       ; 00:56:58
   2:24'26"02 ; DC    ;  66,010 ;     mV ;       ; 00:56:58
   2:24'26"29 ; DC    ;  66,010 ;     mV ;       ; 00:56:58
   2:24'26"56 ; DC    ;  66,000 ;     mV ;       ; 00:56:59
   2:24'26"83 ; DC    ;  66,010 ;     mV ;       ; 00:56:59
   2:24'27"13 ; DC    ;  65,980 ;     mV ;       ; 00:56:59
   2:24'27"43 ; DC    ;  65,990 ;     mV ;       ; 00:57:00
   2:24'27"72 ; DC    ;  66,000 ;     mV ;       ; 00:57:00
   2:24'28"02 ; DC    ;  65,990 ;     mV ;       ; 00:57:00
   2:24'28"28 ; DC    ;  66,010 ;     mV ;       ; 00:57:00
   2:24'28"55 ; DC    ;  66,000 ;     mV ;       ; 00:57:01
   2:24'28"82 ; DC    ;  66,000 ;     mV ;       ; 00:57:01
   2:24'29"07 ; DC    ;  66,020 ;     mV ;       ; 00:57:01
   2:24'29"34 ; DC    ;  66,000 ;     mV ;       ; 00:57:02
   2:24'29"61 ; DC    ;  66,010 ;     mV ;       ; 00:57:02
   2:24'29"87 ; DC    ;  66,020 ;     mV ;       ; 00:57:02
   2:24'30"15 ; DC    ;  66,020 ;     mV ;       ; 00:57:02
   2:24'30"43 ; DC    ;  66,010 ;     mV ;       ; 00:57:03
   2:24'30"70 ; DC    ;  66,030 ;     mV ;       ; 00:57:03
   2:24'31"01 ; DC    ;  66,020 ;     mV ;       ; 00:57:03
   2:24'31"31 ; DC    ;  66,020 ;     mV ;       ; 00:57:03
   2:24'31"61 ; DC    ;  66,030 ;     mV ;       ; 00:57:04
   2:24'31"92 ; DC    ;  66,020 ;     mV ;       ; 00:57:04
   2:24'32"19 ; DC    ;  66,020 ;     mV ;       ; 00:57:04
   2:24'32"47 ; DC    ;  66,020 ;     mV ;       ; 00:57:05
   2:24'32"76 ; DC    ;  66,020 ;     mV ;       ; 00:57:05
   2:24'33"04 ; DC    ;  66,020 ;     mV ;       ; 00:57:05
   2:24'33"32 ; DC    ;  66,020 ;     mV ;       ; 00:57:05
   2:24'33"59 ; DC    ;  66,020 ;     mV ;       ; 00:57:06
   2:24'33"86 ; DC    ;  66,020 ;     mV ;       ; 00:57:06
   2:24'34"12 ; DC    ;  65,990 ;     mV ;       ; 00:57:06
   2:24'34"38 ; DC    ;  66,010 ;     mV ;       ; 00:57:07
   2:24'34"63 ; DC    ;  66,000 ;     mV ;       ; 00:57:07
   2:24'34"89 ; DC    ;  66,010 ;     mV ;       ; 00:57:07
   2:24'35"15 ; DC    ;  66,010 ;     mV ;       ; 00:57:07
   2:24'35"41 ; DC    ;  66,010 ;     mV ;       ; 00:57:08
   2:24'35"66 ; DC    ;  66,010 ;     mV ;       ; 00:57:08
   2:24'35"94 ; DC    ;  66,010 ;     mV ;       ; 00:57:08
   2:24'36"23 ; DC    ;  66,010 ;     mV ;       ; 00:57:08
   2:24'36"52 ; DC    ;  65,990 ;     mV ;       ; 00:57:09
   2:24'36"85 ; DC    ;  65,990 ;     mV ;       ; 00:57:09
   2:24'37"13 ; DC    ;  66,000 ;     mV ;       ; 00:57:09
   2:24'37"44 ; DC    ;  66,000 ;     mV ;       ; 00:57:10
   2:24'37"72 ; DC    ;  66,000 ;     mV ;       ; 00:57:10
   2:24'37"99 ; DC    ;  65,980 ;     mV ;       ; 00:57:10
   2:24'38"27 ; DC    ;  65,990 ;     mV ;       ; 00:57:10
   2:24'38"54 ; DC    ;  66,000 ;     mV ;       ; 00:57:11
   2:24'38"84 ; DC    ;  66,000 ;     mV ;       ; 00:57:11
   2:24'39"13 ; DC    ;  65,990 ;     mV ;       ; 00:57:11
   2:24'39"40 ; DC    ;  66,000 ;     mV ;       ; 00:57:12
   2:24'39"66 ; DC    ;  65,990 ;     mV ;       ; 00:57:12
   2:24'39"93 ; DC    ;  65,990 ;     mV ;       ; 00:57:12
   2:24'40"20 ; DC    ;  65,990 ;     mV ;       ; 00:57:12
   2:24'40"46 ; DC    ;  65,990 ;     mV ;       ; 00:57:13
   2:24'40"77 ; DC    ;  66,010 ;     mV ;       ; 00:57:13
   2:24'41"07 ; DC    ;  65,970 ;     mV ;       ; 00:57:13
   2:24'41"36 ; DC    ;  65,990 ;     mV ;       ; 00:57:14
   2:24'41"65 ; DC    ;  66,000 ;     mV ;       ; 00:57:14
   2:24'41"96 ; DC    ;  65,990 ;     mV ;       ; 00:57:14
   2:24'42"21 ; DC    ;  65,990 ;     mV ;       ; 00:57:14
   2:24'42"51 ; DC    ;  65,980 ;     mV ;       ; 00:57:15
   2:24'42"78 ; DC    ;  65,990 ;     mV ;       ; 00:57:15
   2:24'43"05 ; DC    ;  65,980 ;     mV ;       ; 00:57:15
   2:24'43"31 ; DC    ;  65,990 ;     mV ;       ; 00:57:15
   2:24'43"58 ; DC    ;  65,990 ;     mV ;       ; 00:57:16
   2:24'43"84 ; DC    ;  65,990 ;     mV ;       ; 00:57:16
   2:24'44"10 ; DC    ;  65,990 ;     mV ;       ; 00:57:16
   2:24'44"38 ; DC    ;  65,990 ;     mV ;       ; 00:57:17
   2:24'44"66 ; DC    ;  65,980 ;     mV ;       ; 00:57:17
   2:24'44"95 ; DC    ;  65,980 ;     mV ;       ; 00:57:17
   2:24'45"23 ; DC    ;  65,990 ;     mV ;       ; 00:57:17
   2:24'45"51 ; DC    ;  65,980 ;     mV ;       ; 00:57:18
   2:24'45"80 ; DC    ;  65,990 ;     mV ;       ; 00:57:18
   2:24'46"07 ; DC    ;  65,990 ;     mV ;       ; 00:57:18
   2:24'46"34 ; DC    ;  65,990 ;     mV ;       ; 00:57:19
   2:24'46"62 ; DC    ;  66,000 ;     mV ;       ; 00:57:19
   2:24'46"90 ; DC    ;  65,990 ;     mV ;       ; 00:57:19
   2:24'47"16 ; DC    ;  66,000 ;     mV ;       ; 00:57:19
   2:24'47"41 ; DC    ;  66,000 ;     mV ;       ; 00:57:20
   2:24'47"68 ; DC    ;  65,990 ;     mV ;       ; 00:57:20
   2:24'47"95 ; DC    ;  66,000 ;     mV ;       ; 00:57:20
   2:24'48"22 ; DC    ;  65,980 ;     mV ;       ; 00:57:20
   2:24'48"49 ; DC    ;  65,970 ;     mV ;       ; 00:57:21
   2:24'48"76 ; DC    ;  65,970 ;     mV ;       ; 00:57:21
   2:24'49"02 ; DC    ;  65,960 ;     mV ;       ; 00:57:21
   2:24'49"27 ; DC    ;  65,960 ;     mV ;       ; 00:57:21
   2:24'49"56 ; DC    ;  65,970 ;     mV ;       ; 00:57:22
   2:24'49"82 ; DC    ;  65,970 ;     mV ;       ; 00:57:22
   2:24'50"11 ; DC    ;  65,970 ;     mV ;       ; 00:57:22
   2:24'50"37 ; DC    ;  65,980 ;     mV ;       ; 00:57:23
   2:24'50"66 ; DC    ;  65,970 ;     mV ;       ; 00:57:23
   2:24'50"95 ; DC    ;  65,990 ;     mV ;       ; 00:57:23
   2:24'51"23 ; DC    ;  65,980 ;     mV ;       ; 00:57:23
   2:24'51"50 ; DC    ;  65,980 ;     mV ;       ; 00:57:24
   2:24'51"76 ; DC    ;  65,960 ;     mV ;       ; 00:57:24
   2:24'52"02 ; DC    ;  65,960 ;     mV ;       ; 00:57:24
   2:24'52"29 ; DC    ;  65,970 ;     mV ;       ; 00:57:24
   2:24'52"54 ; DC    ;  65,970 ;     mV ;       ; 00:57:25
   2:24'52"81 ; DC    ;  65,970 ;     mV ;       ; 00:57:25
   2:24'53"07 ; DC    ;  65,950 ;     mV ;       ; 00:57:25
   2:24'53"33 ; DC    ;  65,950 ;     mV ;       ; 00:57:25
   2:24'53"58 ; DC    ;  65,960 ;     mV ;       ; 00:57:26
   2:24'53"85 ; DC    ;  65,950 ;     mV ;       ; 00:57:26
   2:24'54"13 ; DC    ;  65,950 ;     mV ;       ; 00:57:26
   2:24'54"41 ; DC    ;  65,950 ;     mV ;       ; 00:57:27
   2:24'54"68 ; DC    ;  65,940 ;     mV ;       ; 00:57:27
   2:24'54"95 ; DC    ;  65,940 ;     mV ;       ; 00:57:27
   2:24'55"21 ; DC    ;  65,960 ;     mV ;       ; 00:57:27
   2:24'55"48 ; DC    ;  65,960 ;     mV ;       ; 00:57:28
   2:24'55"74 ; DC    ;  65,960 ;     mV ;       ; 00:57:28
   2:24'56"02 ; DC    ;  65,970 ;     mV ;       ; 00:57:28
   2:24'56"27 ; DC    ;  65,970 ;     mV ;       ; 00:57:28
   2:24'56"56 ; DC    ;  65,970 ;     mV ;       ; 00:57:29
   2:24'56"85 ; DC    ;  65,970 ;     mV ;       ; 00:57:29
   2:24'57"14 ; DC    ;  65,970 ;     mV ;       ; 00:57:29
   2:24'57"42 ; DC    ;  65,960 ;     mV ;       ; 00:57:30
   2:24'57"72 ; DC    ;  65,970 ;     mV ;       ; 00:57:30
   2:24'57"99 ; DC    ;  65,970 ;     mV ;       ; 00:57:30
   2:24'58"27 ; DC    ;  65,960 ;     mV ;       ; 00:57:30
   2:24'58"59 ; DC    ;  65,960 ;     mV ;       ; 00:57:31
   2:24'58"85 ; DC    ;  65,940 ;     mV ;       ; 00:57:31
   2:24'59"16 ; DC    ;  65,940 ;     mV ;       ; 00:57:31
   2:24'59"44 ; DC    ;  65,950 ;     mV ;       ; 00:57:32
   2:24'59"72 ; DC    ;  65,950 ;     mV ;       ; 00:57:32
   2:25'00"07 ; DC    ;  65,950 ;     mV ;       ; 00:57:32
   2:25'00"38 ; DC    ;  65,940 ;     mV ;       ; 00:57:33
   2:25'00"70 ; DC    ;  65,940 ;     mV ;       ; 00:57:33
   2:25'01"02 ; DC    ;  65,930 ;     mV ;       ; 00:57:33
   2:25'01"32 ; DC    ;  65,940 ;     mV ;       ; 00:57:33
   2:25'01"59 ; DC    ;  65,950 ;     mV ;       ; 00:57:34
   2:25'01"89 ; DC    ;  65,950 ;     mV ;       ; 00:57:34
   2:25'02"15 ; DC    ;  65,950 ;     mV ;       ; 00:57:34
   2:25'02"44 ; DC    ;  65,950 ;     mV ;       ; 00:57:35
   2:25'02"71 ; DC    ;  65,950 ;     mV ;       ; 00:57:35
   2:25'02"98 ; DC    ;  65,930 ;     mV ;       ; 00:57:35
   2:25'03"25 ; DC    ;  65,940 ;     mV ;       ; 00:57:35
   2:25'03"53 ; DC    ;  65,950 ;     mV ;       ; 00:57:36
   2:25'03"81 ; DC    ;  65,950 ;     mV ;       ; 00:57:36
   2:25'04"11 ; DC    ;  65,970 ;     mV ;       ; 00:57:36
   2:25'04"41 ; DC    ;  65,970 ;     mV ;       ; 00:57:37
   2:25'04"68 ; DC    ;  65,970 ;     mV ;       ; 00:57:37
   2:25'04"94 ; DC    ;  65,960 ;     mV ;       ; 00:57:37
   2:25'05"19 ; DC    ;  65,970 ;     mV ;       ; 00:57:37
   2:25'05"47 ; DC    ;  65,940 ;     mV ;       ; 00:57:38
   2:25'05"74 ; DC    ;  65,960 ;     mV ;       ; 00:57:38
   2:25'06"00 ; DC    ;  65,960 ;     mV ;       ; 00:57:38
   2:25'06"26 ; DC    ;  65,960 ;     mV ;       ; 00:57:38
   2:25'06"51 ; DC    ;  65,960 ;     mV ;       ; 00:57:39
   2:25'06"76 ; DC    ;  65,960 ;     mV ;       ; 00:57:39
   2:25'07"03 ; DC    ;  65,960 ;     mV ;       ; 00:57:39
   2:25'07"29 ; DC    ;  65,950 ;     mV ;       ; 00:57:39
   2:25'07"56 ; DC    ;  65,950 ;     mV ;       ; 00:57:40
   2:25'07"83 ; DC    ;  65,950 ;     mV ;       ; 00:57:40
   2:25'08"08 ; DC    ;  65,960 ;     mV ;       ; 00:57:40
   2:25'08"34 ; DC    ;  65,960 ;     mV ;       ; 00:57:41
   2:25'08"58 ; DC    ;  65,960 ;     mV ;       ; 00:57:41
   2:25'08"84 ; DC    ;  65,950 ;     mV ;       ; 00:57:41
   2:25'09"14 ; DC    ;  65,940 ;     mV ;       ; 00:57:41
   2:25'09"40 ; DC    ;  65,940 ;     mV ;       ; 00:57:42
   2:25'09"68 ; DC    ;  65,940 ;     mV ;       ; 00:57:42
   2:25'09"93 ; DC    ;  65,930 ;     mV ;       ; 00:57:42
   2:25'10"21 ; DC    ;  65,930 ;     mV ;       ; 00:57:42
   2:25'10"48 ; DC    ;  65,960 ;     mV ;       ; 00:57:43
   2:25'10"74 ; DC    ;  65,940 ;     mV ;       ; 00:57:43
   2:25'10"99 ; DC    ;  65,950 ;     mV ;       ; 00:57:43
   2:25'11"24 ; DC    ;  65,950 ;     mV ;       ; 00:57:43
   2:25'11"49 ; DC    ;  65,960 ;     mV ;       ; 00:57:44
   2:25'11"74 ; DC    ;  65,950 ;     mV ;       ; 00:57:44
   2:25'12"00 ; DC    ;  65,950 ;     mV ;       ; 00:57:44
   2:25'12"27 ; DC    ;  65,930 ;     mV ;       ; 00:57:44
   2:25'12"55 ; DC    ;  65,960 ;     mV ;       ; 00:57:45
   2:25'12"81 ; DC    ;  65,950 ;     mV ;       ; 00:57:45
   2:25'13"09 ; DC    ;  65,940 ;     mV ;       ; 00:57:45
   2:25'13"37 ; DC    ;  65,940 ;     mV ;       ; 00:57:46
   2:25'13"65 ; DC    ;  65,930 ;     mV ;       ; 00:57:46
   2:25'13"90 ; DC    ;  65,940 ;     mV ;       ; 00:57:46
   2:25'14"15 ; DC    ;  65,950 ;     mV ;       ; 00:57:46
   2:25'14"40 ; DC    ;  65,950 ;     mV ;       ; 00:57:47
   2:25'14"68 ; DC    ;  65,940 ;     mV ;       ; 00:57:47
   2:25'14"97 ; DC    ;  65,940 ;     mV ;       ; 00:57:47
   2:25'15"24 ; DC    ;  65,930 ;     mV ;       ; 00:57:47
   2:25'15"49 ; DC    ;  65,930 ;     mV ;       ; 00:57:48
   2:25'15"77 ; DC    ;  65,930 ;     mV ;       ; 00:57:48
   2:25'16"04 ; DC    ;  65,930 ;     mV ;       ; 00:57:48
   2:25'16"33 ; DC    ;  65,930 ;     mV ;       ; 00:57:49
   2:25'16"59 ; DC    ;  65,920 ;     mV ;       ; 00:57:49
   2:25'16"88 ; DC    ;  65,930 ;     mV ;       ; 00:57:49
   2:25'17"14 ; DC    ;  65,930 ;     mV ;       ; 00:57:49
   2:25'17"42 ; DC    ;  65,930 ;     mV ;       ; 00:57:50
   2:25'17"73 ; DC    ;  65,950 ;     mV ;       ; 00:57:50
   2:25'18"01 ; DC    ;  65,950 ;     mV ;       ; 00:57:50
   2:25'18"27 ; DC    ;  65,960 ;     mV ;       ; 00:57:50
   2:25'18"54 ; DC    ;  65,930 ;     mV ;       ; 00:57:51
   2:25'18"81 ; DC    ;  65,920 ;     mV ;       ; 00:57:51
   2:25'19"10 ; DC    ;  65,930 ;     mV ;       ; 00:57:51
   2:25'19"36 ; DC    ;  65,950 ;     mV ;       ; 00:57:52
   2:25'19"64 ; DC    ;  65,940 ;     mV ;       ; 00:57:52
   2:25'19"91 ; DC    ;  65,940 ;     mV ;       ; 00:57:52
   2:25'20"17 ; DC    ;  65,940 ;     mV ;       ; 00:57:52
   2:25'20"44 ; DC    ;  65,950 ;     mV ;       ; 00:57:53
   2:25'20"71 ; DC    ;  65,950 ;     mV ;       ; 00:57:53
   2:25'20"96 ; DC    ;  65,940 ;     mV ;       ; 00:57:53
   2:25'21"23 ; DC    ;  65,970 ;     mV ;       ; 00:57:53
   2:25'21"53 ; DC    ;  65,970 ;     mV ;       ; 00:57:54
   2:25'21"80 ; DC    ;  65,930 ;     mV ;       ; 00:57:54
   2:25'22"13 ; DC    ;  65,940 ;     mV ;       ; 00:57:54
   2:25'22"42 ; DC    ;  65,960 ;     mV ;       ; 00:57:55
   2:25'22"70 ; DC    ;  65,940 ;     mV ;       ; 00:57:55
   2:25'22"97 ; DC    ;  65,960 ;     mV ;       ; 00:57:55
   2:25'23"24 ; DC    ;  65,960 ;     mV ;       ; 00:57:55
   2:25'23"51 ; DC    ;  65,960 ;     mV ;       ; 00:57:56
   2:25'23"78 ; DC    ;  65,960 ;     mV ;       ; 00:57:56
   2:25'24"07 ; DC    ;  65,960 ;     mV ;       ; 00:57:56
   2:25'24"42 ; DC    ;  65,960 ;     mV ;       ; 00:57:57
   2:25'24"72 ; DC    ;  65,960 ;     mV ;       ; 00:57:57
   2:25'24"99 ; DC    ;  65,950 ;     mV ;       ; 00:57:57
   2:25'25"25 ; DC    ;  65,940 ;     mV ;       ; 00:57:57
   2:25'25"52 ; DC    ;  65,950 ;     mV ;       ; 00:57:58
   2:25'25"79 ; DC    ;  65,950 ;     mV ;       ; 00:57:58
   2:25'26"07 ; DC    ;  65,950 ;     mV ;       ; 00:57:58
   2:25'26"37 ; DC    ;  65,950 ;     mV ;       ; 00:57:59
   2:25'26"66 ; DC    ;  65,960 ;     mV ;       ; 00:57:59
   2:25'26"93 ; DC    ;  65,960 ;     mV ;       ; 00:57:59
   2:25'27"23 ; DC    ;  65,960 ;     mV ;       ; 00:57:59
   2:25'27"51 ; DC    ;  65,950 ;     mV ;       ; 00:58:00
   2:25'27"78 ; DC    ;  65,950 ;     mV ;       ; 00:58:00
   2:25'28"04 ; DC    ;  65,960 ;     mV ;       ; 00:58:00
   2:25'28"35 ; DC    ;  65,960 ;     mV ;       ; 00:58:01
   2:25'28"63 ; DC    ;  65,960 ;     mV ;       ; 00:58:01
   2:25'28"91 ; DC    ;  65,950 ;     mV ;       ; 00:58:01
   2:25'29"17 ; DC    ;  65,960 ;     mV ;       ; 00:58:01
   2:25'29"43 ; DC    ;  65,960 ;     mV ;       ; 00:58:02
   2:25'29"71 ; DC    ;  65,960 ;     mV ;       ; 00:58:02
   2:25'29"98 ; DC    ;  65,970 ;     mV ;       ; 00:58:02
   2:25'30"25 ; DC    ;  65,960 ;     mV ;       ; 00:58:02
   2:25'30"50 ; DC    ;  65,960 ;     mV ;       ; 00:58:03
   2:25'30"78 ; DC    ;  65,960 ;     mV ;       ; 00:58:03
   2:25'31"04 ; DC    ;  65,950 ;     mV ;       ; 00:58:03
   2:25'31"31 ; DC    ;  65,970 ;     mV ;       ; 00:58:03
   2:25'31"55 ; DC    ;  65,970 ;     mV ;       ; 00:58:04
   2:25'31"80 ; DC    ;  65,970 ;     mV ;       ; 00:58:04
   2:25'32"07 ; DC    ;  65,960 ;     mV ;       ; 00:58:04
   2:25'32"34 ; DC    ;  65,970 ;     mV ;       ; 00:58:05
   2:25'32"62 ; DC    ;  65,980 ;     mV ;       ; 00:58:05
   2:25'32"87 ; DC    ;  65,960 ;     mV ;       ; 00:58:05
   2:25'33"12 ; DC    ;  65,970 ;     mV ;       ; 00:58:05
   2:25'33"38 ; DC    ;  65,960 ;     mV ;       ; 00:58:06
   2:25'33"65 ; DC    ;  65,970 ;     mV ;       ; 00:58:06
   2:25'33"92 ; DC    ;  65,960 ;     mV ;       ; 00:58:06
   2:25'34"18 ; DC    ;  65,960 ;     mV ;       ; 00:58:06
   2:25'34"43 ; DC    ;  65,970 ;     mV ;       ; 00:58:07
   2:25'34"68 ; DC    ;  65,960 ;     mV ;       ; 00:58:07
   2:25'34"93 ; DC    ;  65,960 ;     mV ;       ; 00:58:07
   2:25'35"18 ; DC    ;  65,960 ;     mV ;       ; 00:58:07
   2:25'35"43 ; DC    ;  65,960 ;     mV ;       ; 00:58:08
   2:25'35"70 ; DC    ;  65,970 ;     mV ;       ; 00:58:08
   2:25'35"96 ; DC    ;  65,960 ;     mV ;       ; 00:58:08
   2:25'36"21 ; DC    ;  65,950 ;     mV ;       ; 00:58:08
   2:25'36"46 ; DC    ;  65,970 ;     mV ;       ; 00:58:09
   2:25'36"71 ; DC    ;  65,960 ;     mV ;       ; 00:58:09
   2:25'36"96 ; DC    ;  65,960 ;     mV ;       ; 00:58:09
   2:25'37"23 ; DC    ;  65,950 ;     mV ;       ; 00:58:09
   2:25'37"52 ; DC    ;  65,950 ;     mV ;       ; 00:58:10
   2:25'37"79 ; DC    ;  65,960 ;     mV ;       ; 00:58:10
   2:25'38"06 ; DC    ;  65,950 ;     mV ;       ; 00:58:10
   2:25'38"36 ; DC    ;  65,950 ;     mV ;       ; 00:58:11
   2:25'38"63 ; DC    ;  65,940 ;     mV ;       ; 00:58:11
   2:25'38"89 ; DC    ;  65,940 ;     mV ;       ; 00:58:11
   2:25'39"14 ; DC    ;  65,940 ;     mV ;       ; 00:58:11
   2:25'39"41 ; DC    ;  65,940 ;     mV ;       ; 00:58:12
   2:25'39"69 ; DC    ;  65,940 ;     mV ;       ; 00:58:12
   2:25'39"97 ; DC    ;  65,940 ;     mV ;       ; 00:58:12
   2:25'40"26 ; DC    ;  65,940 ;     mV ;       ; 00:58:12
   2:25'40"54 ; DC    ;  65,930 ;     mV ;       ; 00:58:13
   2:25'40"86 ; DC    ;  65,940 ;     mV ;       ; 00:58:13
   2:25'41"14 ; DC    ;  65,930 ;     mV ;       ; 00:58:13
   2:25'41"42 ; DC    ;  65,940 ;     mV ;       ; 00:58:14
   2:25'41"69 ; DC    ;  65,940 ;     mV ;       ; 00:58:14
   2:25'41"95 ; DC    ;  65,930 ;     mV ;       ; 00:58:14
   2:25'42"22 ; DC    ;  65,930 ;     mV ;       ; 00:58:14
   2:25'42"50 ; DC    ;  65,930 ;     mV ;       ; 00:58:15
   2:25'42"77 ; DC    ;  65,940 ;     mV ;       ; 00:58:15
   2:25'43"05 ; DC    ;  65,920 ;     mV ;       ; 00:58:15
   2:25'43"31 ; DC    ;  65,950 ;     mV ;       ; 00:58:15
   2:25'43"58 ; DC    ;  65,940 ;     mV ;       ; 00:58:16
   2:25'43"85 ; DC    ;  65,940 ;     mV ;       ; 00:58:16
   2:25'44"14 ; DC    ;  65,940 ;     mV ;       ; 00:58:16
   2:25'44"44 ; DC    ;  65,940 ;     mV ;       ; 00:58:17
   2:25'44"73 ; DC    ;  65,930 ;     mV ;       ; 00:58:17
   2:25'45"01 ; DC    ;  65,940 ;     mV ;       ; 00:58:17
   2:25'45"27 ; DC    ;  65,930 ;     mV ;       ; 00:58:17
   2:25'45"54 ; DC    ;  65,930 ;     mV ;       ; 00:58:18
   2:25'45"81 ; DC    ;  65,930 ;     mV ;       ; 00:58:18
   2:25'46"09 ; DC    ;  65,920 ;     mV ;       ; 00:58:18
   2:25'46"34 ; DC    ;  65,930 ;     mV ;       ; 00:58:19
   2:25'46"64 ; DC    ;  65,910 ;     mV ;       ; 00:58:19
   2:25'46"90 ; DC    ;  65,900 ;     mV ;       ; 00:58:19
   2:25'47"18 ; DC    ;  65,900 ;     mV ;       ; 00:58:19
   2:25'47"47 ; DC    ;  65,900 ;     mV ;       ; 00:58:20
   2:25'47"73 ; DC    ;  65,910 ;     mV ;       ; 00:58:20
   2:25'48"02 ; DC    ;  65,910 ;     mV ;       ; 00:58:20
   2:25'48"27 ; DC    ;  65,910 ;     mV ;       ; 00:58:20
   2:25'48"54 ; DC    ;  65,910 ;     mV ;       ; 00:58:21
   2:25'48"79 ; DC    ;  65,900 ;     mV ;       ; 00:58:21
   2:25'49"05 ; DC    ;  65,900 ;     mV ;       ; 00:58:21
   2:25'49"31 ; DC    ;  65,900 ;     mV ;       ; 00:58:21
   2:25'49"57 ; DC    ;  65,890 ;     mV ;       ; 00:58:22
   2:25'49"85 ; DC    ;  65,890 ;     mV ;       ; 00:58:22
   2:25'50"14 ; DC    ;  65,890 ;     mV ;       ; 00:58:22
   2:25'50"41 ; DC    ;  65,890 ;     mV ;       ; 00:58:23
   2:25'50"69 ; DC    ;  65,880 ;     mV ;       ; 00:58:23
   2:25'50"96 ; DC    ;  65,890 ;     mV ;       ; 00:58:23
   2:25'51"24 ; DC    ;  65,890 ;     mV ;       ; 00:58:23
   2:25'51"52 ; DC    ;  65,870 ;     mV ;       ; 00:58:24
   2:25'51"81 ; DC    ;  65,890 ;     mV ;       ; 00:58:24
   2:25'52"07 ; DC    ;  65,900 ;     mV ;       ; 00:58:24
   2:25'52"33 ; DC    ;  65,910 ;     mV ;       ; 00:58:25
   2:25'52"63 ; DC    ;  65,910 ;     mV ;       ; 00:58:25
   2:25'52"91 ; DC    ;  65,920 ;     mV ;       ; 00:58:25
   2:25'53"18 ; DC    ;  65,910 ;     mV ;       ; 00:58:25
   2:25'53"44 ; DC    ;  65,910 ;     mV ;       ; 00:58:26
   2:25'53"71 ; DC    ;  65,910 ;     mV ;       ; 00:58:26
   2:25'54"00 ; DC    ;  65,910 ;     mV ;       ; 00:58:26
   2:25'54"31 ; DC    ;  65,910 ;     mV ;       ; 00:58:26
   2:25'54"60 ; DC    ;  65,910 ;     mV ;       ; 00:58:27
   2:25'54"88 ; DC    ;  65,920 ;     mV ;       ; 00:58:27
   2:25'55"14 ; DC    ;  65,910 ;     mV ;       ; 00:58:27
   2:25'55"44 ; DC    ;  65,930 ;     mV ;       ; 00:58:28
   2:25'55"71 ; DC    ;  65,920 ;     mV ;       ; 00:58:28
   2:25'55"99 ; DC    ;  65,930 ;     mV ;       ; 00:58:28
   2:25'56"26 ; DC    ;  65,920 ;     mV ;       ; 00:58:28
   2:25'56"54 ; DC    ;  65,920 ;     mV ;       ; 00:58:29
   2:25'56"81 ; DC    ;  65,910 ;     mV ;       ; 00:58:29
   2:25'57"10 ; DC    ;  65,910 ;     mV ;       ; 00:58:29
   2:25'57"37 ; DC    ;  65,910 ;     mV ;       ; 00:58:30
   2:25'57"67 ; DC    ;  65,910 ;     mV ;       ; 00:58:30
   2:25'57"96 ; DC    ;  65,900 ;     mV ;       ; 00:58:30
   2:25'58"23 ; DC    ;  65,920 ;     mV ;       ; 00:58:30
   2:25'58"52 ; DC    ;  65,920 ;     mV ;       ; 00:58:31
   2:25'58"79 ; DC    ;  65,900 ;     mV ;       ; 00:58:31
   2:25'59"08 ; DC    ;  65,900 ;     mV ;       ; 00:58:31
   2:25'59"35 ; DC    ;  65,900 ;     mV ;       ; 00:58:32
   2:25'59"62 ; DC    ;  65,890 ;     mV ;       ; 00:58:32
   2:25'59"87 ; DC    ;  65,910 ;     mV ;       ; 00:58:32
   2:26'00"15 ; DC    ;  65,910 ;     mV ;       ; 00:58:32
   2:26'00"43 ; DC    ;  65,910 ;     mV ;       ; 00:58:33
   2:26'00"72 ; DC    ;  65,920 ;     mV ;       ; 00:58:33
   2:26'01"00 ; DC    ;  65,900 ;     mV ;       ; 00:58:33
   2:26'01"28 ; DC    ;  65,900 ;     mV ;       ; 00:58:33
   2:26'01"54 ; DC    ;  65,890 ;     mV ;       ; 00:58:34
   2:26'01"80 ; DC    ;  65,890 ;     mV ;       ; 00:58:34
   2:26'02"07 ; DC    ;  65,910 ;     mV ;       ; 00:58:34
   2:26'02"34 ; DC    ;  65,920 ;     mV ;       ; 00:58:35
   2:26'02"60 ; DC    ;  65,920 ;     mV ;       ; 00:58:35
   2:26'02"88 ; DC    ;  65,930 ;     mV ;       ; 00:58:35
   2:26'03"18 ; DC    ;  65,930 ;     mV ;       ; 00:58:35
   2:26'03"44 ; DC    ;  65,950 ;     mV ;       ; 00:58:36
   2:26'03"72 ; DC    ;  65,920 ;     mV ;       ; 00:58:36
   2:26'03"98 ; DC    ;  65,920 ;     mV ;       ; 00:58:36
   2:26'04"24 ; DC    ;  65,920 ;     mV ;       ; 00:58:36
   2:26'04"50 ; DC    ;  65,920 ;     mV ;       ; 00:58:37
   2:26'04"76 ; DC    ;  65,930 ;     mV ;       ; 00:58:37
   2:26'05"04 ; DC    ;  65,940 ;     mV ;       ; 00:58:37
   2:26'05"32 ; DC    ;  65,930 ;     mV ;       ; 00:58:37
   2:26'05"59 ; DC    ;  65,920 ;     mV ;       ; 00:58:38
   2:26'05"87 ; DC    ;  65,940 ;     mV ;       ; 00:58:38
   2:26'06"11 ; DC    ;  65,910 ;     mV ;       ; 00:58:38
   2:26'06"44 ; DC    ;  65,920 ;     mV ;       ; 00:58:39
   2:26'06"70 ; DC    ;  65,910 ;     mV ;       ; 00:58:39
   2:26'06"96 ; DC    ;  65,920 ;     mV ;       ; 00:58:39
   2:26'07"22 ; DC    ;  65,920 ;     mV ;       ; 00:58:39
   2:26'07"50 ; DC    ;  65,900 ;     mV ;       ; 00:58:40
   2:26'07"76 ; DC    ;  65,910 ;     mV ;       ; 00:58:40
   2:26'08"02 ; DC    ;  65,900 ;     mV ;       ; 00:58:40
   2:26'08"29 ; DC    ;  65,890 ;     mV ;       ; 00:58:40
   2:26'08"58 ; DC    ;  65,900 ;     mV ;       ; 00:58:41
   2:26'08"87 ; DC    ;  65,910 ;     mV ;       ; 00:58:41
   2:26'09"14 ; DC    ;  65,900 ;     mV ;       ; 00:58:41
   2:26'09"45 ; DC    ;  65,890 ;     mV ;       ; 00:58:42
   2:26'09"71 ; DC    ;  65,890 ;     mV ;       ; 00:58:42
   2:26'10"03 ; DC    ;  65,900 ;     mV ;       ; 00:58:42
   2:26'10"32 ; DC    ;  65,900 ;     mV ;       ; 00:58:42
   2:26'10"58 ; DC    ;  65,880 ;     mV ;       ; 00:58:43
   2:26'10"85 ; DC    ;  65,890 ;     mV ;       ; 00:58:43
   2:26'11"12 ; DC    ;  65,900 ;     mV ;       ; 00:58:43
   2:26'11"44 ; DC    ;  65,900 ;     mV ;       ; 00:58:44
   2:26'11"73 ; DC    ;  65,890 ;     mV ;       ; 00:58:44
   2:26'12"06 ; DC    ;  65,920 ;     mV ;       ; 00:58:44
   2:26'12"34 ; DC    ;  65,910 ;     mV ;       ; 00:58:45
   2:26'12"63 ; DC    ;  65,910 ;     mV ;       ; 00:58:45
   2:26'12"89 ; DC    ;  65,920 ;     mV ;       ; 00:58:45
   2:26'13"15 ; DC    ;  65,900 ;     mV ;       ; 00:58:45
   2:26'13"42 ; DC    ;  65,920 ;     mV ;       ; 00:58:46
   2:26'13"69 ; DC    ;  65,920 ;     mV ;       ; 00:58:46
   2:26'13"95 ; DC    ;  65,920 ;     mV ;       ; 00:58:46
   2:26'14"25 ; DC    ;  65,930 ;     mV ;       ; 00:58:46
   2:26'14"53 ; DC    ;  65,920 ;     mV ;       ; 00:58:47
   2:26'14"79 ; DC    ;  65,940 ;     mV ;       ; 00:58:47
   2:26'15"06 ; DC    ;  65,920 ;     mV ;       ; 00:58:47
   2:26'15"33 ; DC    ;  65,930 ;     mV ;       ; 00:58:48
   2:26'15"60 ; DC    ;  65,930 ;     mV ;       ; 00:58:48
   2:26'15"87 ; DC    ;  65,920 ;     mV ;       ; 00:58:48
   2:26'16"13 ; DC    ;  65,920 ;     mV ;       ; 00:58:48
   2:26'16"40 ; DC    ;  65,920 ;     mV ;       ; 00:58:49
   2:26'16"68 ; DC    ;  65,930 ;     mV ;       ; 00:58:49
   2:26'16"96 ; DC    ;  65,920 ;     mV ;       ; 00:58:49
   2:26'17"23 ; DC    ;  65,920 ;     mV ;       ; 00:58:49
   2:26'17"52 ; DC    ;  65,930 ;     mV ;       ; 00:58:50
   2:26'17"78 ; DC    ;  65,910 ;     mV ;       ; 00:58:50
   2:26'18"04 ; DC    ;  65,920 ;     mV ;       ; 00:58:50
   2:26'18"32 ; DC    ;  65,920 ;     mV ;       ; 00:58:50
   2:26'18"58 ; DC    ;  65,920 ;     mV ;       ; 00:58:51
   2:26'18"85 ; DC    ;  65,930 ;     mV ;       ; 00:58:51
   2:26'19"11 ; DC    ;  65,900 ;     mV ;       ; 00:58:51
   2:26'19"40 ; DC    ;  65,910 ;     mV ;       ; 00:58:52
   2:26'19"67 ; DC    ;  65,920 ;     mV ;       ; 00:58:52
   2:26'19"96 ; DC    ;  65,910 ;     mV ;       ; 00:58:52
   2:26'20"22 ; DC    ;  65,920 ;     mV ;       ; 00:58:52
   2:26'20"55 ; DC    ;  65,910 ;     mV ;       ; 00:58:53
   2:26'20"80 ; DC    ;  65,920 ;     mV ;       ; 00:58:53
   2:26'21"09 ; DC    ;  65,910 ;     mV ;       ; 00:58:53
   2:26'21"35 ; DC    ;  65,900 ;     mV ;       ; 00:58:54
   2:26'21"64 ; DC    ;  65,900 ;     mV ;       ; 00:58:54
   2:26'21"90 ; DC    ;  65,900 ;     mV ;       ; 00:58:54
   2:26'22"18 ; DC    ;  65,910 ;     mV ;       ; 00:58:54
   2:26'22"44 ; DC    ;  65,910 ;     mV ;       ; 00:58:55
   2:26'22"73 ; DC    ;  65,910 ;     mV ;       ; 00:58:55
   2:26'22"97 ; DC    ;  65,920 ;     mV ;       ; 00:58:55
   2:26'23"24 ; DC    ;  65,910 ;     mV ;       ; 00:58:55
   2:26'23"51 ; DC    ;  65,910 ;     mV ;       ; 00:58:56
   2:26'23"77 ; DC    ;  65,900 ;     mV ;       ; 00:58:56
   2:26'24"06 ; DC    ;  65,920 ;     mV ;       ; 00:58:56
   2:26'24"33 ; DC    ;  65,920 ;     mV ;       ; 00:58:57
   2:26'24"62 ; DC    ;  65,900 ;     mV ;       ; 00:58:57
   2:26'24"88 ; DC    ;  65,900 ;     mV ;       ; 00:58:57
   2:26'25"16 ; DC    ;  65,910 ;     mV ;       ; 00:58:57
   2:26'25"41 ; DC    ;  65,900 ;     mV ;       ; 00:58:58
   2:26'25"68 ; DC    ;  65,900 ;     mV ;       ; 00:58:58
   2:26'25"94 ; DC    ;  65,910 ;     mV ;       ; 00:58:58
   2:26'26"21 ; DC    ;  65,910 ;     mV ;       ; 00:58:58
   2:26'26"46 ; DC    ;  65,910 ;     mV ;       ; 00:58:59
   2:26'26"73 ; DC    ;  65,910 ;     mV ;       ; 00:58:59
   2:26'27"00 ; DC    ;  65,910 ;     mV ;       ; 00:58:59
   2:26'27"28 ; DC    ;  65,900 ;     mV ;       ; 00:58:59
   2:26'27"55 ; DC    ;  65,900 ;     mV ;       ; 00:59:00
   2:26'27"85 ; DC    ;  65,920 ;     mV ;       ; 00:59:00
   2:26'28"12 ; DC    ;  65,910 ;     mV ;       ; 00:59:00
   2:26'28"40 ; DC    ;  65,900 ;     mV ;       ; 00:59:01
   2:26'28"69 ; DC    ;  65,910 ;     mV ;       ; 00:59:01
   2:26'28"96 ; DC    ;  65,920 ;     mV ;       ; 00:59:01
   2:26'29"24 ; DC    ;  65,920 ;     mV ;       ; 00:59:01
   2:26'29"51 ; DC    ;  65,900 ;     mV ;       ; 00:59:02
   2:26'29"75 ; DC    ;  65,900 ;     mV ;       ; 00:59:02
   2:26'30"03 ; DC    ;  65,890 ;     mV ;       ; 00:59:02
   2:26'30"31 ; DC    ;  65,890 ;     mV ;       ; 00:59:02
   2:26'30"59 ; DC    ;  65,900 ;     mV ;       ; 00:59:03
   2:26'30"85 ; DC    ;  65,900 ;     mV ;       ; 00:59:03
   2:26'31"12 ; DC    ;  65,890 ;     mV ;       ; 00:59:03
   2:26'31"40 ; DC    ;  65,890 ;     mV ;       ; 00:59:04
   2:26'31"67 ; DC    ;  65,910 ;     mV ;       ; 00:59:04
   2:26'31"94 ; DC    ;  65,910 ;     mV ;       ; 00:59:04
   2:26'32"21 ; DC    ;  65,910 ;     mV ;       ; 00:59:04
   2:26'32"51 ; DC    ;  65,900 ;     mV ;       ; 00:59:05
   2:26'32"78 ; DC    ;  65,920 ;     mV ;       ; 00:59:05
   2:26'33"07 ; DC    ;  65,920 ;     mV ;       ; 00:59:05
   2:26'33"34 ; DC    ;  65,920 ;     mV ;       ; 00:59:06
   2:26'33"62 ; DC    ;  65,920 ;     mV ;       ; 00:59:06
   2:26'33"90 ; DC    ;  65,920 ;     mV ;       ; 00:59:06
   2:26'34"19 ; DC    ;  65,910 ;     mV ;       ; 00:59:06
   2:26'34"45 ; DC    ;  65,900 ;     mV ;       ; 00:59:07
   2:26'34"72 ; DC    ;  65,900 ;     mV ;       ; 00:59:07
   2:26'35"00 ; DC    ;  65,890 ;     mV ;       ; 00:59:07
   2:26'35"28 ; DC    ;  65,910 ;     mV ;       ; 00:59:07
   2:26'35"55 ; DC    ;  65,910 ;     mV ;       ; 00:59:08
   2:26'35"82 ; DC    ;  65,900 ;     mV ;       ; 00:59:08
   2:26'36"10 ; DC    ;  65,890 ;     mV ;       ; 00:59:08
   2:26'36"37 ; DC    ;  65,880 ;     mV ;       ; 00:59:09
   2:26'36"66 ; DC    ;  65,880 ;     mV ;       ; 00:59:09
   2:26'36"93 ; DC    ;  65,900 ;     mV ;       ; 00:59:09
   2:26'37"19 ; DC    ;  65,900 ;     mV ;       ; 00:59:09
   2:26'37"46 ; DC    ;  65,900 ;     mV ;       ; 00:59:10
   2:26'37"74 ; DC    ;  65,900 ;     mV ;       ; 00:59:10
   2:26'38"01 ; DC    ;  65,910 ;     mV ;       ; 00:59:10
   2:26'38"30 ; DC    ;  65,910 ;     mV ;       ; 00:59:10
   2:26'38"57 ; DC    ;  65,910 ;     mV ;       ; 00:59:11
   2:26'38"87 ; DC    ;  65,920 ;     mV ;       ; 00:59:11
   2:26'39"15 ; DC    ;  65,890 ;     mV ;       ; 00:59:11
   2:26'39"47 ; DC    ;  65,910 ;     mV ;       ; 00:59:12
   2:26'39"73 ; DC    ;  65,890 ;     mV ;       ; 00:59:12
   2:26'40"07 ; DC    ;  65,880 ;     mV ;       ; 00:59:12
   2:26'40"32 ; DC    ;  65,890 ;     mV ;       ; 00:59:12
   2:26'40"61 ; DC    ;  65,920 ;     mV ;       ; 00:59:13
   2:26'40"86 ; DC    ;  65,910 ;     mV ;       ; 00:59:13
   2:26'41"12 ; DC    ;  65,900 ;     mV ;       ; 00:59:13
   2:26'41"39 ; DC    ;  65,900 ;     mV ;       ; 00:59:14
   2:26'41"65 ; DC    ;  65,930 ;     mV ;       ; 00:59:14
   2:26'41"92 ; DC    ;  65,940 ;     mV ;       ; 00:59:14
   2:26'42"17 ; DC    ;  65,950 ;     mV ;       ; 00:59:14
   2:26'42"43 ; DC    ;  65,920 ;     mV ;       ; 00:59:15
   2:26'42"72 ; DC    ;  65,940 ;     mV ;       ; 00:59:15
   2:26'42"98 ; DC    ;  65,940 ;     mV ;       ; 00:59:15
   2:26'43"24 ; DC    ;  65,930 ;     mV ;       ; 00:59:15
   2:26'43"52 ; DC    ;  65,930 ;     mV ;       ; 00:59:16
   2:26'43"79 ; DC    ;  65,940 ;     mV ;       ; 00:59:16
   2:26'44"06 ; DC    ;  65,940 ;     mV ;       ; 00:59:16
   2:26'44"32 ; DC    ;  65,920 ;     mV ;       ; 00:59:16
   2:26'44"59 ; DC    ;  65,930 ;     mV ;       ; 00:59:17
   2:26'44"85 ; DC    ;  65,930 ;     mV ;       ; 00:59:17
   2:26'45"13 ; DC    ;  65,930 ;     mV ;       ; 00:59:17
   2:26'45"46 ; DC    ;  65,920 ;     mV ;       ; 00:59:18
   2:26'45"72 ; DC    ;  65,930 ;     mV ;       ; 00:59:18
   2:26'45"99 ; DC    ;  65,930 ;     mV ;       ; 00:59:18
   2:26'46"28 ; DC    ;  65,930 ;     mV ;       ; 00:59:18
   2:26'46"59 ; DC    ;  65,920 ;     mV ;       ; 00:59:19
   2:26'46"88 ; DC    ;  65,930 ;     mV ;       ; 00:59:19
   2:26'47"14 ; DC    ;  65,930 ;     mV ;       ; 00:59:19
   2:26'47"42 ; DC    ;  65,920 ;     mV ;       ; 00:59:20
   2:26'47"70 ; DC    ;  65,920 ;     mV ;       ; 00:59:20
   2:26'47"98 ; DC    ;  65,910 ;     mV ;       ; 00:59:20
   2:26'48"26 ; DC    ;  65,920 ;     mV ;       ; 00:59:20
   2:26'48"53 ; DC    ;  65,920 ;     mV ;       ; 00:59:21
   2:26'48"79 ; DC    ;  65,920 ;     mV ;       ; 00:59:21
   2:26'49"04 ; DC    ;  65,920 ;     mV ;       ; 00:59:21
   2:26'49"31 ; DC    ;  65,900 ;     mV ;       ; 00:59:21
   2:26'49"57 ; DC    ;  65,910 ;     mV ;       ; 00:59:22
   2:26'49"83 ; DC    ;  65,900 ;     mV ;       ; 00:59:22
   2:26'50"12 ; DC    ;  65,900 ;     mV ;       ; 00:59:22
   2:26'50"38 ; DC    ;  65,920 ;     mV ;       ; 00:59:23
   2:26'50"64 ; DC    ;  65,900 ;     mV ;       ; 00:59:23
   2:26'50"92 ; DC    ;  65,910 ;     mV ;       ; 00:59:23
   2:26'51"18 ; DC    ;  65,910 ;     mV ;       ; 00:59:23
   2:26'51"45 ; DC    ;  65,900 ;     mV ;       ; 00:59:24
   2:26'51"72 ; DC    ;  65,920 ;     mV ;       ; 00:59:24
   2:26'52"01 ; DC    ;  65,920 ;     mV ;       ; 00:59:24
   2:26'52"29 ; DC    ;  65,920 ;     mV ;       ; 00:59:24
   2:26'52"54 ; DC    ;  65,910 ;     mV ;       ; 00:59:25
   2:26'52"81 ; DC    ;  65,910 ;     mV ;       ; 00:59:25
   2:26'53"07 ; DC    ;  65,920 ;     mV ;       ; 00:59:25
   2:26'53"32 ; DC    ;  65,900 ;     mV ;       ; 00:59:25
   2:26'53"58 ; DC    ;  65,910 ;     mV ;       ; 00:59:26
   2:26'53"84 ; DC    ;  65,900 ;     mV ;       ; 00:59:26
   2:26'54"11 ; DC    ;  65,910 ;     mV ;       ; 00:59:26
   2:26'54"37 ; DC    ;  65,910 ;     mV ;       ; 00:59:27
   2:26'54"61 ; DC    ;  65,910 ;     mV ;       ; 00:59:27
   2:26'54"87 ; DC    ;  65,900 ;     mV ;       ; 00:59:27
   2:26'55"15 ; DC    ;  65,910 ;     mV ;       ; 00:59:27
   2:26'55"43 ; DC    ;  65,900 ;     mV ;       ; 00:59:28
   2:26'55"70 ; DC    ;  65,910 ;     mV ;       ; 00:59:28
   2:26'55"98 ; DC    ;  65,920 ;     mV ;       ; 00:59:28
   2:26'56"27 ; DC    ;  65,900 ;     mV ;       ; 00:59:28
   2:26'56"57 ; DC    ;  65,890 ;     mV ;       ; 00:59:29
   2:26'56"83 ; DC    ;  65,890 ;     mV ;       ; 00:59:29
   2:26'57"10 ; DC    ;  65,900 ;     mV ;       ; 00:59:29
   2:26'57"35 ; DC    ;  65,890 ;     mV ;       ; 00:59:30
   2:26'57"63 ; DC    ;  65,890 ;     mV ;       ; 00:59:30
   2:26'57"89 ; DC    ;  65,890 ;     mV ;       ; 00:59:30
   2:26'58"15 ; DC    ;  65,880 ;     mV ;       ; 00:59:30
   2:26'58"40 ; DC    ;  65,880 ;     mV ;       ; 00:59:31
   2:26'58"66 ; DC    ;  65,890 ;     mV ;       ; 00:59:31
   2:26'58"93 ; DC    ;  65,910 ;     mV ;       ; 00:59:31
   2:26'59"19 ; DC    ;  65,900 ;     mV ;       ; 00:59:31
   2:26'59"45 ; DC    ;  65,900 ;     mV ;       ; 00:59:32
   2:26'59"72 ; DC    ;  65,900 ;     mV ;       ; 00:59:32
   2:26'59"99 ; DC    ;  65,890 ;     mV ;       ; 00:59:32
   2:27'00"25 ; DC    ;  65,910 ;     mV ;       ; 00:59:32
   2:27'00"53 ; DC    ;  65,900 ;     mV ;       ; 00:59:33
   2:27'00"81 ; DC    ;  65,920 ;     mV ;       ; 00:59:33
   2:27'01"08 ; DC    ;  65,900 ;     mV ;       ; 00:59:33
   2:27'01"34 ; DC    ;  65,890 ;     mV ;       ; 00:59:34
   2:27'01"60 ; DC    ;  65,900 ;     mV ;       ; 00:59:34
   2:27'01"85 ; DC    ;  65,900 ;     mV ;       ; 00:59:34
   2:27'02"11 ; DC    ;  65,900 ;     mV ;       ; 00:59:34
   2:27'02"36 ; DC    ;  65,910 ;     mV ;       ; 00:59:35
   2:27'02"63 ; DC    ;  65,920 ;     mV ;       ; 00:59:35
   2:27'02"89 ; DC    ;  65,920 ;     mV ;       ; 00:59:35
   2:27'03"16 ; DC    ;  65,910 ;     mV ;       ; 00:59:35
   2:27'03"42 ; DC    ;  65,900 ;     mV ;       ; 00:59:36
   2:27'03"70 ; DC    ;  65,920 ;     mV ;       ; 00:59:36
   2:27'03"99 ; DC    ;  65,910 ;     mV ;       ; 00:59:36
   2:27'04"28 ; DC    ;  65,900 ;     mV ;       ; 00:59:36
   2:27'04"56 ; DC    ;  65,880 ;     mV ;       ; 00:59:37
   2:27'04"88 ; DC    ;  65,880 ;     mV ;       ; 00:59:37
   2:27'05"18 ; DC    ;  65,900 ;     mV ;       ; 00:59:37
   2:27'05"48 ; DC    ;  65,900 ;     mV ;       ; 00:59:38
   2:27'05"73 ; DC    ;  65,900 ;     mV ;       ; 00:59:38
   2:27'05"97 ; DC    ;  65,910 ;     mV ;       ; 00:59:38
   2:27'06"24 ; DC    ;  65,890 ;     mV ;       ; 00:59:38
   2:27'06"50 ; DC    ;  65,890 ;     mV ;       ; 00:59:39
   2:27'06"77 ; DC    ;  65,900 ;     mV ;       ; 00:59:39
   2:27'07"03 ; DC    ;  65,910 ;     mV ;       ; 00:59:39
   2:27'07"28 ; DC    ;  65,910 ;     mV ;       ; 00:59:39
   2:27'07"54 ; DC    ;  65,910 ;     mV ;       ; 00:59:40
   2:27'07"81 ; DC    ;  65,910 ;     mV ;       ; 00:59:40
   2:27'08"11 ; DC    ;  65,920 ;     mV ;       ; 00:59:40
   2:27'08"38 ; DC    ;  65,900 ;     mV ;       ; 00:59:41
   2:27'08"66 ; DC    ;  65,900 ;     mV ;       ; 00:59:41
   2:27'08"92 ; DC    ;  65,900 ;     mV ;       ; 00:59:41
   2:27'09"18 ; DC    ;  65,890 ;     mV ;       ; 00:59:41
   2:27'09"49 ; DC    ;  65,900 ;     mV ;       ; 00:59:42
   2:27'09"76 ; DC    ;  65,890 ;     mV ;       ; 00:59:42
   2:27'10"04 ; DC    ;  65,920 ;     mV ;       ; 00:59:42
   2:27'10"30 ; DC    ;  65,910 ;     mV ;       ; 00:59:42
   2:27'10"57 ; DC    ;  65,910 ;     mV ;       ; 00:59:43
   2:27'10"83 ; DC    ;  65,910 ;     mV ;       ; 00:59:43
   2:27'11"08 ; DC    ;  65,910 ;     mV ;       ; 00:59:43
   2:27'11"33 ; DC    ;  65,920 ;     mV ;       ; 00:59:44
   2:27'11"60 ; DC    ;  65,920 ;     mV ;       ; 00:59:44
   2:27'11"86 ; DC    ;  65,910 ;     mV ;       ; 00:59:44
   2:27'12"12 ; DC    ;  65,920 ;     mV ;       ; 00:59:44
   2:27'12"39 ; DC    ;  65,930 ;     mV ;       ; 00:59:45
   2:27'12"67 ; DC    ;  65,940 ;     mV ;       ; 00:59:45
   2:27'12"95 ; DC    ;  65,960 ;     mV ;       ; 00:59:45
   2:27'13"21 ; DC    ;  65,960 ;     mV ;       ; 00:59:45
   2:27'13"49 ; DC    ;  65,940 ;     mV ;       ; 00:59:46
   2:27'13"78 ; DC    ;  65,940 ;     mV ;       ; 00:59:46
   2:27'14"09 ; DC    ;  65,910 ;     mV ;       ; 00:59:46
   2:27'14"37 ; DC    ;  65,940 ;     mV ;       ; 00:59:47
   2:27'14"66 ; DC    ;  65,920 ;     mV ;       ; 00:59:47
   2:27'14"93 ; DC    ;  65,920 ;     mV ;       ; 00:59:47
   2:27'15"21 ; DC    ;  65,930 ;     mV ;       ; 00:59:47
   2:27'15"48 ; DC    ;  65,930 ;     mV ;       ; 00:59:48
   2:27'15"77 ; DC    ;  65,930 ;     mV ;       ; 00:59:48
   2:27'16"05 ; DC    ;  65,920 ;     mV ;       ; 00:59:48
   2:27'16"33 ; DC    ;  65,920 ;     mV ;       ; 00:59:48
   2:27'16"61 ; DC    ;  65,920 ;     mV ;       ; 00:59:49
   2:27'16"87 ; DC    ;  65,910 ;     mV ;       ; 00:59:49
   2:27'17"14 ; DC    ;  65,930 ;     mV ;       ; 00:59:49
   2:27'17"42 ; DC    ;  65,930 ;     mV ;       ; 00:59:50
   2:27'17"69 ; DC    ;  65,910 ;     mV ;       ; 00:59:50
   2:27'17"96 ; DC    ;  65,920 ;     mV ;       ; 00:59:50
   2:27'18"24 ; DC    ;  65,920 ;     mV ;       ; 00:59:50
   2:27'18"52 ; DC    ;  65,920 ;     mV ;       ; 00:59:51
   2:27'18"90 ; DC    ;  65,940 ;     mV ;       ; 00:59:51
   2:27'19"19 ; DC    ;  65,920 ;     mV ;       ; 00:59:51
   2:27'19"48 ; DC    ;  65,920 ;     mV ;       ; 00:59:52
   2:27'19"77 ; DC    ;  65,910 ;     mV ;       ; 00:59:52
   2:27'20"10 ; DC    ;  65,900 ;     mV ;       ; 00:59:52
   2:27'20"39 ; DC    ;  65,910 ;     mV ;       ; 00:59:53
   2:27'20"65 ; DC    ;  65,910 ;     mV ;       ; 00:59:53
   2:27'20"92 ; DC    ;  65,910 ;     mV ;       ; 00:59:53
   2:27'21"18 ; DC    ;  65,910 ;     mV ;       ; 00:59:53
   2:27'21"43 ; DC    ;  65,890 ;     mV ;       ; 00:59:54
   2:27'21"68 ; DC    ;  65,880 ;     mV ;       ; 00:59:54
   2:27'21"97 ; DC    ;  65,890 ;     mV ;       ; 00:59:54
   2:27'22"23 ; DC    ;  65,900 ;     mV ;       ; 00:59:54
   2:27'22"53 ; DC    ;  65,900 ;     mV ;       ; 00:59:55
   2:27'22"83 ; DC    ;  65,910 ;     mV ;       ; 00:59:55
   2:27'23"11 ; DC    ;  65,890 ;     mV ;       ; 00:59:55
   2:27'23"40 ; DC    ;  65,890 ;     mV ;       ; 00:59:56
   2:27'23"67 ; DC    ;  65,880 ;     mV ;       ; 00:59:56
   2:27'23"95 ; DC    ;  65,890 ;     mV ;       ; 00:59:56
   2:27'24"25 ; DC    ;  65,890 ;     mV ;       ; 00:59:56
   2:27'24"53 ; DC    ;  65,900 ;     mV ;       ; 00:59:57
   2:27'24"79 ; DC    ;  65,900 ;     mV ;       ; 00:59:57
   2:27'25"07 ; DC    ;  65,910 ;     mV ;       ; 00:59:57
   2:27'25"32 ; DC    ;  65,910 ;     mV ;       ; 00:59:57
   2:27'25"58 ; DC    ;  65,900 ;     mV ;       ; 00:59:58
   2:27'25"83 ; DC    ;  65,920 ;     mV ;       ; 00:59:58
   2:27'26"10 ; DC    ;  65,920 ;     mV ;       ; 00:59:58
   2:27'26"36 ; DC    ;  65,920 ;     mV ;       ; 00:59:59
   2:27'26"62 ; DC    ;  65,920 ;     mV ;       ; 00:59:59
   2:27'26"87 ; DC    ;  65,920 ;     mV ;       ; 00:59:59
   2:27'27"11 ; DC    ;  65,930 ;     mV ;       ; 00:59:59
   2:27'27"37 ; DC    ;  65,900 ;     mV ;       ; 01:00:00
   2:27'27"65 ; DC    ;  65,910 ;     mV ;       ; 01:00:00
   2:27'27"91 ; DC    ;  65,910 ;     mV ;       ; 01:00:00
   2:27'28"21 ; DC    ;  65,910 ;     mV ;       ; 01:00:00
   2:27'28"46 ; DC    ;  65,900 ;     mV ;       ; 01:00:01
   2:27'28"73 ; DC    ;  65,920 ;     mV ;       ; 01:00:01
   2:27'28"99 ; DC    ;  65,920 ;     mV ;       ; 01:00:01
   2:27'29"28 ; DC    ;  65,930 ;     mV ;       ; 01:00:01
   2:27'29"55 ; DC    ;  65,920 ;     mV ;       ; 01:00:02
   2:27'29"81 ; DC    ;  65,920 ;     mV ;       ; 01:00:02
   2:27'30"07 ; DC    ;  65,920 ;     mV ;       ; 01:00:02
   2:27'30"32 ; DC    ;  65,930 ;     mV ;       ; 01:00:02
   2:27'30"59 ; DC    ;  65,930 ;     mV ;       ; 01:00:03
   2:27'30"86 ; DC    ;  65,920 ;     mV ;       ; 01:00:03
   2:27'31"12 ; DC    ;  65,930 ;     mV ;       ; 01:00:03
   2:27'31"40 ; DC    ;  65,930 ;     mV ;       ; 01:00:04
   2:27'31"67 ; DC    ;  65,930 ;     mV ;       ; 01:00:04
   2:27'31"93 ; DC    ;  65,930 ;     mV ;       ; 01:00:04
   2:27'32"22 ; DC    ;  65,920 ;     mV ;       ; 01:00:04
   2:27'32"49 ; DC    ;  65,930 ;     mV ;       ; 01:00:05
   2:27'32"78 ; DC    ;  65,930 ;     mV ;       ; 01:00:05
   2:27'33"04 ; DC    ;  65,930 ;     mV ;       ; 01:00:05
   2:27'33"30 ; DC    ;  65,930 ;     mV ;       ; 01:00:05
   2:27'33"56 ; DC    ;  65,930 ;     mV ;       ; 01:00:06
   2:27'33"83 ; DC    ;  65,930 ;     mV ;       ; 01:00:06
   2:27'34"09 ; DC    ;  65,920 ;     mV ;       ; 01:00:06
   2:27'34"36 ; DC    ;  65,940 ;     mV ;       ; 01:00:07
   2:27'34"63 ; DC    ;  65,930 ;     mV ;       ; 01:00:07
   2:27'34"92 ; DC    ;  65,930 ;     mV ;       ; 01:00:07
   2:27'35"19 ; DC    ;  65,930 ;     mV ;       ; 01:00:07
   2:27'35"45 ; DC    ;  65,930 ;     mV ;       ; 01:00:08
   2:27'35"69 ; DC    ;  65,930 ;     mV ;       ; 01:00:08
   2:27'35"96 ; DC    ;  65,920 ;     mV ;       ; 01:00:08
   2:27'36"21 ; DC    ;  65,930 ;     mV ;       ; 01:00:08
   2:27'36"49 ; DC    ;  65,930 ;     mV ;       ; 01:00:09
   2:27'36"74 ; DC    ;  65,910 ;     mV ;       ; 01:00:09
   2:27'37"02 ; DC    ;  65,920 ;     mV ;       ; 01:00:09
   2:27'37"29 ; DC    ;  65,930 ;     mV ;       ; 01:00:09
   2:27'37"55 ; DC    ;  65,920 ;     mV ;       ; 01:00:10
   2:27'37"81 ; DC    ;  65,910 ;     mV ;       ; 01:00:10
   2:27'38"08 ; DC    ;  65,910 ;     mV ;       ; 01:00:10
   2:27'38"38 ; DC    ;  65,910 ;     mV ;       ; 01:00:11
   2:27'38"68 ; DC    ;  65,900 ;     mV ;       ; 01:00:11
   2:27'38"95 ; DC    ;  65,940 ;     mV ;       ; 01:00:11
   2:27'39"22 ; DC    ;  65,930 ;     mV ;       ; 01:00:11
   2:27'39"50 ; DC    ;  65,920 ;     mV ;       ; 01:00:12
   2:27'39"77 ; DC    ;  65,920 ;     mV ;       ; 01:00:12
   2:27'40"06 ; DC    ;  65,920 ;     mV ;       ; 01:00:12
   2:27'40"35 ; DC    ;  65,920 ;     mV ;       ; 01:00:13
   2:27'40"63 ; DC    ;  65,920 ;     mV ;       ; 01:00:13
   2:27'40"91 ; DC    ;  65,910 ;     mV ;       ; 01:00:13
   2:27'41"18 ; DC    ;  65,910 ;     mV ;       ; 01:00:13
   2:27'41"46 ; DC    ;  65,910 ;     mV ;       ; 01:00:14
   2:27'41"73 ; DC    ;  65,910 ;     mV ;       ; 01:00:14
   2:27'42"01 ; DC    ;  65,920 ;     mV ;       ; 01:00:14
   2:27'42"27 ; DC    ;  65,920 ;     mV ;       ; 01:00:14
   2:27'42"55 ; DC    ;  65,910 ;     mV ;       ; 01:00:15
   2:27'42"84 ; DC    ;  65,920 ;     mV ;       ; 01:00:15
   2:27'43"12 ; DC    ;  65,920 ;     mV ;       ; 01:00:15
   2:27'43"39 ; DC    ;  65,920 ;     mV ;       ; 01:00:16
   2:27'43"66 ; DC    ;  65,920 ;     mV ;       ; 01:00:16
   2:27'43"95 ; DC    ;  65,940 ;     mV ;       ; 01:00:16
   2:27'44"25 ; DC    ;  65,950 ;     mV ;       ; 01:00:16
   2:27'44"54 ; DC    ;  65,940 ;     mV ;       ; 01:00:17
   2:27'44"83 ; DC    ;  65,920 ;     mV ;       ; 01:00:17
   2:27'45"17 ; DC    ;  65,940 ;     mV ;       ; 01:00:17
   2:27'45"48 ; DC    ;  65,940 ;     mV ;       ; 01:00:18
   2:27'45"77 ; DC    ;  65,930 ;     mV ;       ; 01:00:18
   2:27'46"07 ; DC    ;  65,940 ;     mV ;       ; 01:00:18
   2:27'46"36 ; DC    ;  65,940 ;     mV ;       ; 01:00:19
   2:27'46"65 ; DC    ;  65,940 ;     mV ;       ; 01:00:19
   2:27'46"95 ; DC    ;  65,950 ;     mV ;       ; 01:00:19
   2:27'47"23 ; DC    ;  65,970 ;     mV ;       ; 01:00:19
   2:27'47"53 ; DC    ;  65,960 ;     mV ;       ; 01:00:20
   2:27'47"79 ; DC    ;  65,940 ;     mV ;       ; 01:00:20
   2:27'48"09 ; DC    ;  65,940 ;     mV ;       ; 01:00:20
   2:27'48"37 ; DC    ;  65,930 ;     mV ;       ; 01:00:21
   2:27'48"65 ; DC    ;  65,930 ;     mV ;       ; 01:00:21
   2:27'48"92 ; DC    ;  65,930 ;     mV ;       ; 01:00:21
   2:27'49"18 ; DC    ;  65,930 ;     mV ;       ; 01:00:21
   2:27'49"47 ; DC    ;  65,950 ;     mV ;       ; 01:00:22
   2:27'49"76 ; DC    ;  65,960 ;     mV ;       ; 01:00:22
   2:27'50"06 ; DC    ;  65,940 ;     mV ;       ; 01:00:22
   2:27'50"35 ; DC    ;  65,930 ;     mV ;       ; 01:00:23
   2:27'50"62 ; DC    ;  65,930 ;     mV ;       ; 01:00:23
   2:27'50"92 ; DC    ;  65,920 ;     mV ;       ; 01:00:23
   2:27'51"25 ; DC    ;  65,930 ;     mV ;       ; 01:00:23
   2:27'51"51 ; DC    ;  65,920 ;     mV ;       ; 01:00:24
   2:27'51"80 ; DC    ;  65,920 ;     mV ;       ; 01:00:24
   2:27'52"05 ; DC    ;  65,920 ;     mV ;       ; 01:00:24
   2:27'52"32 ; DC    ;  65,930 ;     mV ;       ; 01:00:24
   2:27'52"59 ; DC    ;  65,930 ;     mV ;       ; 01:00:25
   2:27'52"89 ; DC    ;  65,930 ;     mV ;       ; 01:00:25
   2:27'53"20 ; DC    ;  65,940 ;     mV ;       ; 01:00:25
   2:27'53"47 ; DC    ;  65,940 ;     mV ;       ; 01:00:26
   2:27'53"75 ; DC    ;  65,940 ;     mV ;       ; 01:00:26
   2:27'54"04 ; DC    ;  65,940 ;     mV ;       ; 01:00:26
   2:27'54"35 ; DC    ;  65,950 ;     mV ;       ; 01:00:27
   2:27'54"64 ; DC    ;  65,950 ;     mV ;       ; 01:00:27
   2:27'54"93 ; DC    ;  65,950 ;     mV ;       ; 01:00:27
   2:27'55"22 ; DC    ;  65,960 ;     mV ;       ; 01:00:27
   2:27'55"49 ; DC    ;  65,950 ;     mV ;       ; 01:00:28
   2:27'55"80 ; DC    ;  65,950 ;     mV ;       ; 01:00:28
   2:27'56"08 ; DC    ;  65,950 ;     mV ;       ; 01:00:28
   2:27'56"40 ; DC    ;  65,940 ;     mV ;       ; 01:00:29
   2:27'56"66 ; DC    ;  65,930 ;     mV ;       ; 01:00:29
   2:27'57"00 ; DC    ;  65,940 ;     mV ;       ; 01:00:29
   2:27'57"29 ; DC    ;  65,950 ;     mV ;       ; 01:00:29
   2:27'57"60 ; DC    ;  65,940 ;     mV ;       ; 01:00:30
   2:27'57"88 ; DC    ;  65,940 ;     mV ;       ; 01:00:30
   2:27'58"16 ; DC    ;  65,940 ;     mV ;       ; 01:00:30
   2:27'58"44 ; DC    ;  65,960 ;     mV ;       ; 01:00:31
   2:27'58"74 ; DC    ;  65,960 ;     mV ;       ; 01:00:31
   2:27'59"03 ; DC    ;  65,950 ;     mV ;       ; 01:00:31
   2:27'59"33 ; DC    ;  65,950 ;     mV ;       ; 01:00:32
   2:27'59"63 ; DC    ;  65,950 ;     mV ;       ; 01:00:32
   2:27'59"90 ; DC    ;  65,940 ;     mV ;       ; 01:00:32
   2:28'00"18 ; DC    ;  65,950 ;     mV ;       ; 01:00:32
   2:28'00"48 ; DC    ;  65,950 ;     mV ;       ; 01:00:33
   2:28'00"76 ; DC    ;  65,950 ;     mV ;       ; 01:00:33
   2:28'01"04 ; DC    ;  65,940 ;     mV ;       ; 01:00:33
   2:28'01"33 ; DC    ;  65,940 ;     mV ;       ; 01:00:33
   2:28'01"62 ; DC    ;  65,950 ;     mV ;       ; 01:00:34
   2:28'01"90 ; DC    ;  65,950 ;     mV ;       ; 01:00:34
   2:28'02"20 ; DC    ;  65,940 ;     mV ;       ; 01:00:34
   2:28'02"48 ; DC    ;  65,920 ;     mV ;       ; 01:00:35
   2:28'02"78 ; DC    ;  65,930 ;     mV ;       ; 01:00:35
   2:28'03"05 ; DC    ;  65,930 ;     mV ;       ; 01:00:35
   2:28'03"31 ; DC    ;  65,930 ;     mV ;       ; 01:00:35
   2:28'03"57 ; DC    ;  65,960 ;     mV ;       ; 01:00:36
   2:28'03"82 ; DC    ;  65,940 ;     mV ;       ; 01:00:36
   2:28'04"08 ; DC    ;  65,960 ;     mV ;       ; 01:00:36
   2:28'04"34 ; DC    ;  65,950 ;     mV ;       ; 01:00:37
   2:28'04"60 ; DC    ;  65,940 ;     mV ;       ; 01:00:37
   2:28'04"85 ; DC    ;  65,940 ;     mV ;       ; 01:00:37
   2:28'05"10 ; DC    ;  65,930 ;     mV ;       ; 01:00:37
   2:28'05"36 ; DC    ;  65,930 ;     mV ;       ; 01:00:38
   2:28'05"62 ; DC    ;  65,950 ;     mV ;       ; 01:00:38
   2:28'05"88 ; DC    ;  65,950 ;     mV ;       ; 01:00:38
   2:28'06"13 ; DC    ;  65,940 ;     mV ;       ; 01:00:38
   2:28'06"40 ; DC    ;  65,950 ;     mV ;       ; 01:00:39
   2:28'06"69 ; DC    ;  65,930 ;     mV ;       ; 01:00:39
   2:28'06"95 ; DC    ;  65,950 ;     mV ;       ; 01:00:39
   2:28'07"22 ; DC    ;  65,950 ;     mV ;       ; 01:00:39
   2:28'07"47 ; DC    ;  65,940 ;     mV ;       ; 01:00:40
   2:28'07"73 ; DC    ;  65,940 ;     mV ;       ; 01:00:40
   2:28'07"98 ; DC    ;  65,930 ;     mV ;       ; 01:00:40
   2:28'08"25 ; DC    ;  65,940 ;     mV ;       ; 01:00:40
   2:28'08"55 ; DC    ;  65,960 ;     mV ;       ; 01:00:41
   2:28'08"85 ; DC    ;  65,950 ;     mV ;       ; 01:00:41
   2:28'09"11 ; DC    ;  65,950 ;     mV ;       ; 01:00:41
   2:28'09"42 ; DC    ;  65,940 ;     mV ;       ; 01:00:42
   2:28'09"70 ; DC    ;  65,930 ;     mV ;       ; 01:00:42
   2:28'10"00 ; DC    ;  65,920 ;     mV ;       ; 01:00:42
   2:28'10"26 ; DC    ;  65,940 ;     mV ;       ; 01:00:42
   2:28'10"54 ; DC    ;  65,940 ;     mV ;       ; 01:00:43
   2:28'10"83 ; DC    ;  65,940 ;     mV ;       ; 01:00:43
   2:28'11"10 ; DC    ;  65,940 ;     mV ;       ; 01:00:43
   2:28'11"37 ; DC    ;  65,940 ;     mV ;       ; 01:00:44
   2:28'11"64 ; DC    ;  65,930 ;     mV ;       ; 01:00:44
   2:28'11"91 ; DC    ;  65,930 ;     mV ;       ; 01:00:44
   2:28'12"19 ; DC    ;  65,940 ;     mV ;       ; 01:00:44
   2:28'12"44 ; DC    ;  65,920 ;     mV ;       ; 01:00:45
   2:28'12"71 ; DC    ;  65,940 ;     mV ;       ; 01:00:45
   2:28'12"96 ; DC    ;  65,930 ;     mV ;       ; 01:00:45
   2:28'13"22 ; DC    ;  65,930 ;     mV ;       ; 01:00:45
   2:28'13"51 ; DC    ;  65,930 ;     mV ;       ; 01:00:46
   2:28'13"80 ; DC    ;  65,930 ;     mV ;       ; 01:00:46
   2:28'14"09 ; DC    ;  65,940 ;     mV ;       ; 01:00:46
   2:28'14"35 ; DC    ;  65,930 ;     mV ;       ; 01:00:47
   2:28'14"64 ; DC    ;  65,930 ;     mV ;       ; 01:00:47
   2:28'14"91 ; DC    ;  65,930 ;     mV ;       ; 01:00:47
   2:28'15"18 ; DC    ;  65,940 ;     mV ;       ; 01:00:47
   2:28'15"46 ; DC    ;  65,940 ;     mV ;       ; 01:00:48
   2:28'15"76 ; DC    ;  65,960 ;     mV ;       ; 01:00:48
   2:28'16"06 ; DC    ;  65,940 ;     mV ;       ; 01:00:48
   2:28'16"34 ; DC    ;  65,950 ;     mV ;       ; 01:00:49
   2:28'16"63 ; DC    ;  65,910 ;     mV ;       ; 01:00:49
   2:28'16"91 ; DC    ;  65,920 ;     mV ;       ; 01:00:49
   2:28'17"20 ; DC    ;  65,930 ;     mV ;       ; 01:00:49
   2:28'17"46 ; DC    ;  65,930 ;     mV ;       ; 01:00:50
   2:28'17"75 ; DC    ;  65,930 ;     mV ;       ; 01:00:50
   2:28'18"02 ; DC    ;  65,930 ;     mV ;       ; 01:00:50
   2:28'18"29 ; DC    ;  65,930 ;     mV ;       ; 01:00:50
   2:28'18"54 ; DC    ;  65,930 ;     mV ;       ; 01:00:51
   2:28'18"80 ; DC    ;  65,940 ;     mV ;       ; 01:00:51
   2:28'19"08 ; DC    ;  65,940 ;     mV ;       ; 01:00:51
   2:28'19"37 ; DC    ;  65,930 ;     mV ;       ; 01:00:52
   2:28'19"64 ; DC    ;  65,930 ;     mV ;       ; 01:00:52
   2:28'19"92 ; DC    ;  65,920 ;     mV ;       ; 01:00:52
   2:28'20"22 ; DC    ;  65,900 ;     mV ;       ; 01:00:52
   2:28'20"53 ; DC    ;  65,900 ;     mV ;       ; 01:00:53
   2:28'20"83 ; DC    ;  65,900 ;     mV ;       ; 01:00:53
   2:28'21"13 ; DC    ;  65,910 ;     mV ;       ; 01:00:53
   2:28'21"40 ; DC    ;  65,900 ;     mV ;       ; 01:00:54
   2:28'21"67 ; DC    ;  65,900 ;     mV ;       ; 01:00:54
   2:28'21"95 ; DC    ;  65,930 ;     mV ;       ; 01:00:54
   2:28'22"22 ; DC    ;  65,930 ;     mV ;       ; 01:00:54
   2:28'22"50 ; DC    ;  65,900 ;     mV ;       ; 01:00:55
   2:28'22"78 ; DC    ;  65,920 ;     mV ;       ; 01:00:55
   2:28'23"05 ; DC    ;  65,930 ;     mV ;       ; 01:00:55
   2:28'23"30 ; DC    ;  65,910 ;     mV ;       ; 01:00:55
   2:28'23"58 ; DC    ;  65,930 ;     mV ;       ; 01:00:56
   2:28'23"83 ; DC    ;  65,930 ;     mV ;       ; 01:00:56
   2:28'24"11 ; DC    ;  65,910 ;     mV ;       ; 01:00:56
   2:28'24"37 ; DC    ;  65,910 ;     mV ;       ; 01:00:57
   2:28'24"64 ; DC    ;  65,910 ;     mV ;       ; 01:00:57
   2:28'24"90 ; DC    ;  65,910 ;     mV ;       ; 01:00:57
   2:28'25"18 ; DC    ;  65,910 ;     mV ;       ; 01:00:57
   2:28'25"48 ; DC    ;  65,910 ;     mV ;       ; 01:00:58
   2:28'25"75 ; DC    ;  65,930 ;     mV ;       ; 01:00:58
   2:28'26"01 ; DC    ;  65,920 ;     mV ;       ; 01:00:58
   2:28'26"27 ; DC    ;  65,900 ;     mV ;       ; 01:00:58
   2:28'26"54 ; DC    ;  65,900 ;     mV ;       ; 01:00:59
   2:28'26"81 ; DC    ;  65,930 ;     mV ;       ; 01:00:59
   2:28'27"06 ; DC    ;  65,920 ;     mV ;       ; 01:00:59
   2:28'27"33 ; DC    ;  65,920 ;     mV ;       ; 01:00:59
   2:28'27"59 ; DC    ;  65,920 ;     mV ;       ; 01:01:00
   2:28'27"83 ; DC    ;  65,930 ;     mV ;       ; 01:01:00
   2:28'28"11 ; DC    ;  65,930 ;     mV ;       ; 01:01:00
   2:28'28"41 ; DC    ;  65,930 ;     mV ;       ; 01:01:01
   2:28'28"69 ; DC    ;  65,930 ;     mV ;       ; 01:01:01
   2:28'28"95 ; DC    ;  65,930 ;     mV ;       ; 01:01:01
   2:28'29"24 ; DC    ;  65,920 ;     mV ;       ; 01:01:01
   2:28'29"50 ; DC    ;  65,920 ;     mV ;       ; 01:01:02
   2:28'29"79 ; DC    ;  65,930 ;     mV ;       ; 01:01:02
   2:28'30"06 ; DC    ;  65,930 ;     mV ;       ; 01:01:02
   2:28'30"34 ; DC    ;  65,920 ;     mV ;       ; 01:01:03
   2:28'30"60 ; DC    ;  65,920 ;     mV ;       ; 01:01:03
   2:28'30"88 ; DC    ;  65,920 ;     mV ;       ; 01:01:03
   2:28'31"14 ; DC    ;  65,920 ;     mV ;       ; 01:01:03
   2:28'31"40 ; DC    ;  65,910 ;     mV ;       ; 01:01:04
   2:28'31"66 ; DC    ;  65,930 ;     mV ;       ; 01:01:04
   2:28'31"92 ; DC    ;  65,930 ;     mV ;       ; 01:01:04
   2:28'32"19 ; DC    ;  65,930 ;     mV ;       ; 01:01:04
   2:28'32"45 ; DC    ;  65,930 ;     mV ;       ; 01:01:05
   2:28'32"70 ; DC    ;  65,940 ;     mV ;       ; 01:01:05
   2:28'32"96 ; DC    ;  65,940 ;     mV ;       ; 01:01:05
   2:28'33"22 ; DC    ;  65,930 ;     mV ;       ; 01:01:05
   2:28'33"48 ; DC    ;  65,940 ;     mV ;       ; 01:01:06
   2:28'33"74 ; DC    ;  65,930 ;     mV ;       ; 01:01:06
   2:28'34"06 ; DC    ;  65,940 ;     mV ;       ; 01:01:06
   2:28'34"32 ; DC    ;  65,920 ;     mV ;       ; 01:01:06
   2:28'34"57 ; DC    ;  65,920 ;     mV ;       ; 01:01:07
   2:28'34"82 ; DC    ;  65,920 ;     mV ;       ; 01:01:07
   2:28'35"08 ; DC    ;  65,930 ;     mV ;       ; 01:01:07
   2:28'35"35 ; DC    ;  65,930 ;     mV ;       ; 01:01:08
   2:28'35"61 ; DC    ;  65,930 ;     mV ;       ; 01:01:08
   2:28'35"87 ; DC    ;  65,920 ;     mV ;       ; 01:01:08
   2:28'36"13 ; DC    ;  65,920 ;     mV ;       ; 01:01:08
   2:28'36"39 ; DC    ;  65,910 ;     mV ;       ; 01:01:09
   2:28'36"67 ; DC    ;  65,920 ;     mV ;       ; 01:01:09
   2:28'36"95 ; DC    ;  65,920 ;     mV ;       ; 01:01:09
   2:28'37"21 ; DC    ;  65,920 ;     mV ;       ; 01:01:09
   2:28'37"50 ; DC    ;  65,940 ;     mV ;       ; 01:01:10
   2:28'37"77 ; DC    ;  65,940 ;     mV ;       ; 01:01:10
   2:28'38"06 ; DC    ;  65,940 ;     mV ;       ; 01:01:10
   2:28'38"34 ; DC    ;  65,930 ;     mV ;       ; 01:01:11
   2:28'38"60 ; DC    ;  65,940 ;     mV ;       ; 01:01:11
   2:28'38"86 ; DC    ;  65,920 ;     mV ;       ; 01:01:11
   2:28'39"14 ; DC    ;  65,920 ;     mV ;       ; 01:01:11
   2:28'39"40 ; DC    ;  65,930 ;     mV ;       ; 01:01:12
   2:28'39"67 ; DC    ;  65,910 ;     mV ;       ; 01:01:12
   2:28'39"93 ; DC    ;  65,910 ;     mV ;       ; 01:01:12
   2:28'40"18 ; DC    ;  65,920 ;     mV ;       ; 01:01:12
   2:28'40"43 ; DC    ;  65,920 ;     mV ;       ; 01:01:13
   2:28'40"69 ; DC    ;  65,920 ;     mV ;       ; 01:01:13
   2:28'40"94 ; DC    ;  65,910 ;     mV ;       ; 01:01:13
   2:28'41"21 ; DC    ;  65,930 ;     mV ;       ; 01:01:13
   2:28'41"48 ; DC    ;  65,920 ;     mV ;       ; 01:01:14
   2:28'41"76 ; DC    ;  65,900 ;     mV ;       ; 01:01:14
   2:28'42"04 ; DC    ;  65,930 ;     mV ;       ; 01:01:14
   2:28'42"32 ; DC    ;  65,930 ;     mV ;       ; 01:01:14
   2:28'42"59 ; DC    ;  65,950 ;     mV ;       ; 01:01:15
   2:28'42"83 ; DC    ;  65,950 ;     mV ;       ; 01:01:15
   2:28'43"10 ; DC    ;  65,940 ;     mV ;       ; 01:01:15
   2:28'43"36 ; DC    ;  65,930 ;     mV ;       ; 01:01:16
   2:28'43"62 ; DC    ;  65,930 ;     mV ;       ; 01:01:16
   2:28'43"88 ; DC    ;  65,930 ;     mV ;       ; 01:01:16
   2:28'44"13 ; DC    ;  65,920 ;     mV ;       ; 01:01:16
   2:28'44"39 ; DC    ;  65,930 ;     mV ;       ; 01:01:17
   2:28'44"66 ; DC    ;  65,930 ;     mV ;       ; 01:01:17
   2:28'44"92 ; DC    ;  65,920 ;     mV ;       ; 01:01:17
   2:28'45"18 ; DC    ;  65,930 ;     mV ;       ; 01:01:17
   2:28'45"46 ; DC    ;  65,930 ;     mV ;       ; 01:01:18
   2:28'45"73 ; DC    ;  65,930 ;     mV ;       ; 01:01:18
   2:28'45"99 ; DC    ;  65,940 ;     mV ;       ; 01:01:18
   2:28'46"28 ; DC    ;  65,940 ;     mV ;       ; 01:01:18
   2:28'46"55 ; DC    ;  65,920 ;     mV ;       ; 01:01:19
   2:28'46"84 ; DC    ;  65,940 ;     mV ;       ; 01:01:19
   2:28'47"10 ; DC    ;  65,940 ;     mV ;       ; 01:01:19
   2:28'47"39 ; DC    ;  65,950 ;     mV ;       ; 01:01:20
   2:28'47"63 ; DC    ;  65,950 ;     mV ;       ; 01:01:20
   2:28'47"90 ; DC    ;  65,960 ;     mV ;       ; 01:01:20
   2:28'48"14 ; DC    ;  65,940 ;     mV ;       ; 01:01:20
   2:28'48"42 ; DC    ;  65,920 ;     mV ;       ; 01:01:21
   2:28'48"68 ; DC    ;  65,930 ;     mV ;       ; 01:01:21
   2:28'48"95 ; DC    ;  65,910 ;     mV ;       ; 01:01:21
   2:28'49"20 ; DC    ;  65,910 ;     mV ;       ; 01:01:21
   2:28'49"48 ; DC    ;  65,920 ;     mV ;       ; 01:01:22
   2:28'49"75 ; DC    ;  65,930 ;     mV ;       ; 01:01:22
   2:28'50"01 ; DC    ;  65,930 ;     mV ;       ; 01:01:22
   2:28'50"25 ; DC    ;  65,930 ;     mV ;       ; 01:01:22
   2:28'50"52 ; DC    ;  65,940 ;     mV ;       ; 01:01:23
   2:28'50"79 ; DC    ;  65,940 ;     mV ;       ; 01:01:23
   2:28'51"09 ; DC    ;  65,950 ;     mV ;       ; 01:01:23
   2:28'51"35 ; DC    ;  65,940 ;     mV ;       ; 01:01:24
   2:28'51"60 ; DC    ;  65,940 ;     mV ;       ; 01:01:24
   2:28'51"86 ; DC    ;  65,920 ;     mV ;       ; 01:01:24
   2:28'52"12 ; DC    ;  65,930 ;     mV ;       ; 01:01:24
   2:28'52"38 ; DC    ;  65,930 ;     mV ;       ; 01:01:25
   2:28'52"63 ; DC    ;  65,930 ;     mV ;       ; 01:01:25
   2:28'52"88 ; DC    ;  65,920 ;     mV ;       ; 01:01:25
   2:28'53"14 ; DC    ;  65,920 ;     mV ;       ; 01:01:25
   2:28'53"40 ; DC    ;  65,920 ;     mV ;       ; 01:01:26
   2:28'53"67 ; DC    ;  65,920 ;     mV ;       ; 01:01:26
   2:28'53"95 ; DC    ;  65,930 ;     mV ;       ; 01:01:26
   2:28'54"23 ; DC    ;  65,940 ;     mV ;       ; 01:01:26
   2:28'54"50 ; DC    ;  65,930 ;     mV ;       ; 01:01:27
   2:28'54"78 ; DC    ;  65,920 ;     mV ;       ; 01:01:27
   2:28'55"05 ; DC    ;  65,930 ;     mV ;       ; 01:01:27
   2:28'55"32 ; DC    ;  65,910 ;     mV ;       ; 01:01:27
   2:28'55"61 ; DC    ;  65,910 ;     mV ;       ; 01:01:28
   2:28'55"86 ; DC    ;  65,920 ;     mV ;       ; 01:01:28
   2:28'56"15 ; DC    ;  65,910 ;     mV ;       ; 01:01:28
   2:28'56"42 ; DC    ;  65,930 ;     mV ;       ; 01:01:29
   2:28'56"70 ; DC    ;  65,930 ;     mV ;       ; 01:01:29
   2:28'56"95 ; DC    ;  65,910 ;     mV ;       ; 01:01:29
   2:28'57"24 ; DC    ;  65,910 ;     mV ;       ; 01:01:29
   2:28'57"50 ; DC    ;  65,900 ;     mV ;       ; 01:01:30
   2:28'57"76 ; DC    ;  65,920 ;     mV ;       ; 01:01:30
   2:28'58"03 ; DC    ;  65,910 ;     mV ;       ; 01:01:30
   2:28'58"31 ; DC    ;  65,910 ;     mV ;       ; 01:01:30
   2:28'58"56 ; DC    ;  65,910 ;     mV ;       ; 01:01:31
   2:28'58"82 ; DC    ;  65,900 ;     mV ;       ; 01:01:31
   2:28'59"07 ; DC    ;  65,900 ;     mV ;       ; 01:01:31
   2:28'59"37 ; DC    ;  65,910 ;     mV ;       ; 01:01:32
   2:28'59"67 ; DC    ;  65,910 ;     mV ;       ; 01:01:32
   2:28'59"93 ; DC    ;  65,910 ;     mV ;       ; 01:01:32
   2:29'00"18 ; DC    ;  65,930 ;     mV ;       ; 01:01:32
   2:29'00"43 ; DC    ;  65,920 ;     mV ;       ; 01:01:33
   2:29'00"69 ; DC    ;  65,920 ;     mV ;       ; 01:01:33
   2:29'00"95 ; DC    ;  65,910 ;     mV ;       ; 01:01:33
   2:29'01"22 ; DC    ;  65,920 ;     mV ;       ; 01:01:33
   2:29'01"48 ; DC    ;  65,920 ;     mV ;       ; 01:01:34
   2:29'01"75 ; DC    ;  65,940 ;     mV ;       ; 01:01:34
   2:29'02"03 ; DC    ;  65,940 ;     mV ;       ; 01:01:34
   2:29'02"29 ; DC    ;  65,940 ;     mV ;       ; 01:01:34
   2:29'02"57 ; DC    ;  65,940 ;     mV ;       ; 01:01:35
   2:29'02"84 ; DC    ;  65,930 ;     mV ;       ; 01:01:35
   2:29'03"12 ; DC    ;  65,950 ;     mV ;       ; 01:01:35
   2:29'03"42 ; DC    ;  65,940 ;     mV ;       ; 01:01:36
   2:29'03"71 ; DC    ;  65,960 ;     mV ;       ; 01:01:36
   2:29'04"01 ; DC    ;  65,940 ;     mV ;       ; 01:01:36
   2:29'04"30 ; DC    ;  65,940 ;     mV ;       ; 01:01:36
   2:29'04"61 ; DC    ;  65,930 ;     mV ;       ; 01:01:37
   2:29'04"90 ; DC    ;  65,920 ;     mV ;       ; 01:01:37
   2:29'05"16 ; DC    ;  65,930 ;     mV ;       ; 01:01:37
   2:29'05"42 ; DC    ;  65,940 ;     mV ;       ; 01:01:38
   2:29'05"72 ; DC    ;  65,940 ;     mV ;       ; 01:01:38
   2:29'06"01 ; DC    ;  65,940 ;     mV ;       ; 01:01:38
   2:29'06"30 ; DC    ;  65,930 ;     mV ;       ; 01:01:38
   2:29'06"58 ; DC    ;  65,920 ;     mV ;       ; 01:01:39
   2:29'06"88 ; DC    ;  65,930 ;     mV ;       ; 01:01:39
   2:29'07"15 ; DC    ;  65,950 ;     mV ;       ; 01:01:39
   2:29'07"42 ; DC    ;  65,930 ;     mV ;       ; 01:01:40
   2:29'07"73 ; DC    ;  65,930 ;     mV ;       ; 01:01:40
   2:29'08"01 ; DC    ;  65,940 ;     mV ;       ; 01:01:40
   2:29'08"33 ; DC    ;  65,930 ;     mV ;       ; 01:01:40
   2:29'08"61 ; DC    ;  65,930 ;     mV ;       ; 01:01:41
   2:29'08"91 ; DC    ;  65,950 ;     mV ;       ; 01:01:41
   2:29'09"19 ; DC    ;  65,940 ;     mV ;       ; 01:01:41
   2:29'09"48 ; DC    ;  65,950 ;     mV ;       ; 01:01:42
   2:29'09"76 ; DC    ;  65,940 ;     mV ;       ; 01:01:42
   2:29'10"04 ; DC    ;  65,940 ;     mV ;       ; 01:01:42
   2:29'10"31 ; DC    ;  65,940 ;     mV ;       ; 01:01:42
   2:29'10"60 ; DC    ;  65,950 ;     mV ;       ; 01:01:43
   2:29'10"91 ; DC    ;  65,940 ;     mV ;       ; 01:01:43
   2:29'11"19 ; DC    ;  65,950 ;     mV ;       ; 01:01:43
   2:29'11"46 ; DC    ;  65,940 ;     mV ;       ; 01:01:44
   2:29'11"71 ; DC    ;  65,930 ;     mV ;       ; 01:01:44
   2:29'11"97 ; DC    ;  65,930 ;     mV ;       ; 01:01:44
   2:29'12"22 ; DC    ;  65,930 ;     mV ;       ; 01:01:44
   2:29'12"47 ; DC    ;  65,930 ;     mV ;       ; 01:01:45
   2:29'12"73 ; DC    ;  65,920 ;     mV ;       ; 01:01:45
   2:29'13"02 ; DC    ;  65,930 ;     mV ;       ; 01:01:45
   2:29'13"27 ; DC    ;  65,930 ;     mV ;       ; 01:01:45
   2:29'13"59 ; DC    ;  65,910 ;     mV ;       ; 01:01:46
   2:29'13"85 ; DC    ;  65,950 ;     mV ;       ; 01:01:46
   2:29'14"17 ; DC    ;  65,950 ;     mV ;       ; 01:01:46
   2:29'14"44 ; DC    ;  65,930 ;     mV ;       ; 01:01:47
   2:29'14"79 ; DC    ;  65,930 ;     mV ;       ; 01:01:47
   2:29'15"08 ; DC    ;  65,950 ;     mV ;       ; 01:01:47
   2:29'15"36 ; DC    ;  65,950 ;     mV ;       ; 01:01:48
   2:29'15"65 ; DC    ;  65,940 ;     mV ;       ; 01:01:48
   2:29'15"94 ; DC    ;  65,940 ;     mV ;       ; 01:01:48
   2:29'16"22 ; DC    ;  65,960 ;     mV ;       ; 01:01:48
   2:29'16"50 ; DC    ;  65,960 ;     mV ;       ; 01:01:49
   2:29'16"78 ; DC    ;  65,940 ;     mV ;       ; 01:01:49
   2:29'17"04 ; DC    ;  65,950 ;     mV ;       ; 01:01:49
   2:29'17"30 ; DC    ;  65,950 ;     mV ;       ; 01:01:49
   2:29'17"56 ; DC    ;  65,940 ;     mV ;       ; 01:01:50
   2:29'17"83 ; DC    ;  65,970 ;     mV ;       ; 01:01:50
   2:29'18"10 ; DC    ;  65,960 ;     mV ;       ; 01:01:50
   2:29'18"38 ; DC    ;  65,960 ;     mV ;       ; 01:01:51
   2:29'18"65 ; DC    ;  65,970 ;     mV ;       ; 01:01:51
   2:29'18"91 ; DC    ;  65,970 ;     mV ;       ; 01:01:51
   2:29'19"22 ; DC    ;  65,970 ;     mV ;       ; 01:01:51
   2:29'19"48 ; DC    ;  65,980 ;     mV ;       ; 01:01:52
   2:29'19"78 ; DC    ;  65,970 ;     mV ;       ; 01:01:52
   2:29'20"06 ; DC    ;  65,970 ;     mV ;       ; 01:01:52
   2:29'20"36 ; DC    ;  65,970 ;     mV ;       ; 01:01:53
   2:29'20"62 ; DC    ;  65,960 ;     mV ;       ; 01:01:53
   2:29'20"87 ; DC    ;  65,950 ;     mV ;       ; 01:01:53
   2:29'21"18 ; DC    ;  65,960 ;     mV ;       ; 01:01:53
   2:29'21"43 ; DC    ;  65,960 ;     mV ;       ; 01:01:54
   2:29'21"74 ; DC    ;  65,960 ;     mV ;       ; 01:01:54
   2:29'22"01 ; DC    ;  65,980 ;     mV ;       ; 01:01:54
   2:29'22"29 ; DC    ;  65,970 ;     mV ;       ; 01:01:54
   2:29'22"55 ; DC    ;  65,970 ;     mV ;       ; 01:01:55
   2:29'22"86 ; DC    ;  65,970 ;     mV ;       ; 01:01:55
   2:29'23"14 ; DC    ;  65,980 ;     mV ;       ; 01:01:55
   2:29'23"41 ; DC    ;  65,980 ;     mV ;       ; 01:01:56
   2:29'23"66 ; DC    ;  65,980 ;     mV ;       ; 01:01:56
   2:29'23"94 ; DC    ;  65,970 ;     mV ;       ; 01:01:56
   2:29'24"22 ; DC    ;  65,960 ;     mV ;       ; 01:01:56
   2:29'24"51 ; DC    ;  65,940 ;     mV ;       ; 01:01:57
   2:29'24"76 ; DC    ;  65,950 ;     mV ;       ; 01:01:57
   2:29'25"02 ; DC    ;  65,930 ;     mV ;       ; 01:01:57
   2:29'25"28 ; DC    ;  65,930 ;     mV ;       ; 01:01:57
   2:29'25"55 ; DC    ;  65,960 ;     mV ;       ; 01:01:58
   2:29'25"81 ; DC    ;  65,950 ;     mV ;       ; 01:01:58
   2:29'26"07 ; DC    ;  65,950 ;     mV ;       ; 01:01:58
   2:29'26"33 ; DC    ;  65,950 ;     mV ;       ; 01:01:59
   2:29'26"60 ; DC    ;  65,960 ;     mV ;       ; 01:01:59
   2:29'26"85 ; DC    ;  65,980 ;     mV ;       ; 01:01:59
   2:29'27"12 ; DC    ;  66,000 ;     mV ;       ; 01:01:59
   2:29'27"38 ; DC    ;  66,000 ;     mV ;       ; 01:02:00
   2:29'27"65 ; DC    ;  66,010 ;     mV ;       ; 01:02:00
   2:29'27"92 ; DC    ;  66,010 ;     mV ;       ; 01:02:00
   2:29'28"20 ; DC    ;  66,020 ;     mV ;       ; 01:02:00
   2:29'28"46 ; DC    ;  66,020 ;     mV ;       ; 01:02:01
   2:29'28"75 ; DC    ;  66,000 ;     mV ;       ; 01:02:01
   2:29'29"01 ; DC    ;  66,010 ;     mV ;       ; 01:02:01
   2:29'29"28 ; DC    ;  65,990 ;     mV ;       ; 01:02:01
   2:29'29"55 ; DC    ;  66,010 ;     mV ;       ; 01:02:02
   2:29'29"83 ; DC    ;  66,020 ;     mV ;       ; 01:02:02
   2:29'30"08 ; DC    ;  66,010 ;     mV ;       ; 01:02:02
   2:29'30"37 ; DC    ;  65,990 ;     mV ;       ; 01:02:03
   2:29'30"63 ; DC    ;  65,990 ;     mV ;       ; 01:02:03
   2:29'30"88 ; DC    ;  65,990 ;     mV ;       ; 01:02:03
   2:29'31"13 ; DC    ;  65,990 ;     mV ;       ; 01:02:03
   2:29'31"41 ; DC    ;  65,960 ;     mV ;       ; 01:02:04
   2:29'31"69 ; DC    ;  65,970 ;     mV ;       ; 01:02:04
   2:29'31"96 ; DC    ;  65,960 ;     mV ;       ; 01:02:04
   2:29'32"23 ; DC    ;  65,960 ;     mV ;       ; 01:02:04
   2:29'32"51 ; DC    ;  65,970 ;     mV ;       ; 01:02:05
   2:29'32"78 ; DC    ;  65,980 ;     mV ;       ; 01:02:05
   2:29'33"05 ; DC    ;  65,970 ;     mV ;       ; 01:02:05
   2:29'33"35 ; DC    ;  65,970 ;     mV ;       ; 01:02:06
   2:29'33"62 ; DC    ;  65,950 ;     mV ;       ; 01:02:06
   2:29'33"91 ; DC    ;  65,950 ;     mV ;       ; 01:02:06
   2:29'34"16 ; DC    ;  65,960 ;     mV ;       ; 01:02:06
   2:29'34"45 ; DC    ;  65,960 ;     mV ;       ; 01:02:07
   2:29'34"72 ; DC    ;  65,960 ;     mV ;       ; 01:02:07
   2:29'35"00 ; DC    ;  65,970 ;     mV ;       ; 01:02:07
   2:29'35"27 ; DC    ;  65,960 ;     mV ;       ; 01:02:07
   2:29'35"56 ; DC    ;  65,960 ;     mV ;       ; 01:02:08
   2:29'35"86 ; DC    ;  65,950 ;     mV ;       ; 01:02:08
   2:29'36"14 ; DC    ;  65,960 ;     mV ;       ; 01:02:08
   2:29'36"45 ; DC    ;  65,960 ;     mV ;       ; 01:02:09
   2:29'36"74 ; DC    ;  65,950 ;     mV ;       ; 01:02:09
   2:29'37"08 ; DC    ;  65,970 ;     mV ;       ; 01:02:09
   2:29'37"37 ; DC    ;  65,970 ;     mV ;       ; 01:02:10
   2:29'37"64 ; DC    ;  65,960 ;     mV ;       ; 01:02:10
   2:29'37"93 ; DC    ;  65,980 ;     mV ;       ; 01:02:10
   2:29'38"23 ; DC    ;  65,980 ;     mV ;       ; 01:02:10
   2:29'38"49 ; DC    ;  65,980 ;     mV ;       ; 01:02:11
   2:29'38"78 ; DC    ;  65,990 ;     mV ;       ; 01:02:11
   2:29'39"08 ; DC    ;  66,010 ;     mV ;       ; 01:02:11
   2:29'39"34 ; DC    ;  65,990 ;     mV ;       ; 01:02:12
   2:29'39"60 ; DC    ;  65,970 ;     mV ;       ; 01:02:12
   2:29'39"86 ; DC    ;  65,970 ;     mV ;       ; 01:02:12
   2:29'40"18 ; DC    ;  65,980 ;     mV ;       ; 01:02:12
   2:29'40"45 ; DC    ;  65,970 ;     mV ;       ; 01:02:13
   2:29'40"72 ; DC    ;  65,970 ;     mV ;       ; 01:02:13
   2:29'40"98 ; DC    ;  65,970 ;     mV ;       ; 01:02:13
   2:29'41"27 ; DC    ;  65,970 ;     mV ;       ; 01:02:13
   2:29'41"58 ; DC    ;  65,950 ;     mV ;       ; 01:02:14
   2:29'41"84 ; DC    ;  65,960 ;     mV ;       ; 01:02:14
   2:29'42"10 ; DC    ;  65,960 ;     mV ;       ; 01:02:14
   2:29'42"36 ; DC    ;  65,970 ;     mV ;       ; 01:02:15
   2:29'42"62 ; DC    ;  65,970 ;     mV ;       ; 01:02:15
   2:29'42"88 ; DC    ;  65,970 ;     mV ;       ; 01:02:15
   2:29'43"15 ; DC    ;  65,980 ;     mV ;       ; 01:02:15
   2:29'43"43 ; DC    ;  65,970 ;     mV ;       ; 01:02:16
   2:29'43"70 ; DC    ;  65,960 ;     mV ;       ; 01:02:16
   2:29'43"97 ; DC    ;  65,960 ;     mV ;       ; 01:02:16
   2:29'44"24 ; DC    ;  65,960 ;     mV ;       ; 01:02:16
   2:29'44"52 ; DC    ;  65,970 ;     mV ;       ; 01:02:17
   2:29'44"85 ; DC    ;  65,960 ;     mV ;       ; 01:02:17
   2:29'45"14 ; DC    ;  65,980 ;     mV ;       ; 01:02:17
   2:29'45"41 ; DC    ;  65,950 ;     mV ;       ; 01:02:18
   2:29'45"71 ; DC    ;  65,960 ;     mV ;       ; 01:02:18
   2:29'45"99 ; DC    ;  65,950 ;     mV ;       ; 01:02:18
   2:29'46"26 ; DC    ;  65,960 ;     mV ;       ; 01:02:18
   2:29'46"55 ; DC    ;  65,970 ;     mV ;       ; 01:02:19
   2:29'46"84 ; DC    ;  65,990 ;     mV ;       ; 01:02:19
   2:29'47"10 ; DC    ;  65,990 ;     mV ;       ; 01:02:19
   2:29'47"40 ; DC    ;  65,970 ;     mV ;       ; 01:02:20
   2:29'47"68 ; DC    ;  65,980 ;     mV ;       ; 01:02:20
   2:29'47"97 ; DC    ;  65,990 ;     mV ;       ; 01:02:20
   2:29'48"27 ; DC    ;  65,990 ;     mV ;       ; 01:02:20
   2:29'48"56 ; DC    ;  65,990 ;     mV ;       ; 01:02:21
   2:29'48"85 ; DC    ;  65,980 ;     mV ;       ; 01:02:21
   2:29'49"16 ; DC    ;  65,990 ;     mV ;       ; 01:02:21
   2:29'49"42 ; DC    ;  65,970 ;     mV ;       ; 01:02:22
   2:29'49"69 ; DC    ;  65,970 ;     mV ;       ; 01:02:22
   2:29'49"95 ; DC    ;  65,960 ;     mV ;       ; 01:02:22
   2:29'50"22 ; DC    ;  65,960 ;     mV ;       ; 01:02:22
   2:29'50"50 ; DC    ;  65,950 ;     mV ;       ; 01:02:23
   2:29'50"78 ; DC    ;  65,980 ;     mV ;       ; 01:02:23
   2:29'51"06 ; DC    ;  65,980 ;     mV ;       ; 01:02:23
   2:29'51"34 ; DC    ;  65,990 ;     mV ;       ; 01:02:24
   2:29'51"68 ; DC    ;  65,990 ;     mV ;       ; 01:02:24
   2:29'51"96 ; DC    ;  66,000 ;     mV ;       ; 01:02:24
   2:29'52"26 ; DC    ;  65,990 ;     mV ;       ; 01:02:24
   2:29'52"54 ; DC    ;  65,990 ;     mV ;       ; 01:02:25
   2:29'52"83 ; DC    ;  65,990 ;     mV ;       ; 01:02:25
   2:29'53"11 ; DC    ;  65,990 ;     mV ;       ; 01:02:25
   2:29'53"38 ; DC    ;  65,990 ;     mV ;       ; 01:02:26
   2:29'53"65 ; DC    ;  66,000 ;     mV ;       ; 01:02:26
   2:29'53"92 ; DC    ;  65,990 ;     mV ;       ; 01:02:26
   2:29'54"18 ; DC    ;  65,990 ;     mV ;       ; 01:02:26
   2:29'54"46 ; DC    ;  66,000 ;     mV ;       ; 01:02:27
   2:29'54"77 ; DC    ;  66,000 ;     mV ;       ; 01:02:27
   2:29'55"06 ; DC    ;  66,000 ;     mV ;       ; 01:02:27
   2:29'55"36 ; DC    ;  66,010 ;     mV ;       ; 01:02:28
   2:29'55"63 ; DC    ;  65,990 ;     mV ;       ; 01:02:28
   2:29'55"92 ; DC    ;  66,010 ;     mV ;       ; 01:02:28
   2:29'56"20 ; DC    ;  66,000 ;     mV ;       ; 01:02:28
   2:29'56"47 ; DC    ;  66,000 ;     mV ;       ; 01:02:29
   2:29'56"77 ; DC    ;  65,980 ;     mV ;       ; 01:02:29
   2:29'57"06 ; DC    ;  65,980 ;     mV ;       ; 01:02:29
   2:29'57"33 ; DC    ;  65,990 ;     mV ;       ; 01:02:30
   2:29'57"61 ; DC    ;  65,990 ;     mV ;       ; 01:02:30
   2:29'57"92 ; DC    ;  65,990 ;     mV ;       ; 01:02:30
   2:29'58"19 ; DC    ;  66,000 ;     mV ;       ; 01:02:30
   2:29'58"49 ; DC    ;  66,000 ;     mV ;       ; 01:02:31
   2:29'58"82 ; DC    ;  66,000 ;     mV ;       ; 01:02:31
   2:29'59"13 ; DC    ;  65,990 ;     mV ;       ; 01:02:31
   2:29'59"41 ; DC    ;  65,990 ;     mV ;       ; 01:02:32
   2:29'59"70 ; DC    ;  65,980 ;     mV ;       ; 01:02:32
   2:29'59"97 ; DC    ;  65,980 ;     mV ;       ; 01:02:32
   2:30'00"24 ; DC    ;  65,990 ;     mV ;       ; 01:02:32
   2:30'00"53 ; DC    ;  65,990 ;     mV ;       ; 01:02:33
   2:30'00"80 ; DC    ;  65,990 ;     mV ;       ; 01:02:33
   2:30'01"09 ; DC    ;  65,980 ;     mV ;       ; 01:02:33
   2:30'01"36 ; DC    ;  65,980 ;     mV ;       ; 01:02:34
   2:30'01"66 ; DC    ;  65,980 ;     mV ;       ; 01:02:34
   2:30'01"95 ; DC    ;  65,990 ;     mV ;       ; 01:02:34
   2:30'02"25 ; DC    ;  66,000 ;     mV ;       ; 01:02:34
   2:30'02"53 ; DC    ;  66,000 ;     mV ;       ; 01:02:35
   2:30'02"86 ; DC    ;  65,990 ;     mV ;       ; 01:02:35
   2:30'03"14 ; DC    ;  65,980 ;     mV ;       ; 01:02:35
   2:30'03"40 ; DC    ;  66,000 ;     mV ;       ; 01:02:36
   2:30'03"81 ; DC    ;  65,990 ;     mV ;       ; 01:02:36
   2:30'04"11 ; DC    ;  66,010 ;     mV ;       ; 01:02:36
   2:30'04"39 ; DC    ;  65,990 ;     mV ;       ; 01:02:37
   2:30'04"66 ; DC    ;  66,000 ;     mV ;       ; 01:02:37
   2:30'04"93 ; DC    ;  66,000 ;     mV ;       ; 01:02:37
   2:30'05"24 ; DC    ;  65,990 ;     mV ;       ; 01:02:37
   2:30'05"52 ; DC    ;  65,980 ;     mV ;       ; 01:02:38
   2:30'05"80 ; DC    ;  66,000 ;     mV ;       ; 01:02:38
   2:30'06"05 ; DC    ;  66,000 ;     mV ;       ; 01:02:38
   2:30'06"32 ; DC    ;  65,990 ;     mV ;       ; 01:02:38
   2:30'06"59 ; DC    ;  65,990 ;     mV ;       ; 01:02:39
   2:30'06"86 ; DC    ;  66,010 ;     mV ;       ; 01:02:39
   2:30'07"12 ; DC    ;  66,000 ;     mV ;       ; 01:02:39
   2:30'07"39 ; DC    ;  65,990 ;     mV ;       ; 01:02:40
   2:30'07"65 ; DC    ;  65,980 ;     mV ;       ; 01:02:40
   2:30'07"93 ; DC    ;  65,980 ;     mV ;       ; 01:02:40
   2:30'08"20 ; DC    ;  65,970 ;     mV ;       ; 01:02:40
   2:30'08"51 ; DC    ;  65,980 ;     mV ;       ; 01:02:41
   2:30'08"80 ; DC    ;  65,990 ;     mV ;       ; 01:02:41
   2:30'09"09 ; DC    ;  65,980 ;     mV ;       ; 01:02:41
   2:30'09"39 ; DC    ;  65,980 ;     mV ;       ; 01:02:42
   2:30'09"65 ; DC    ;  65,980 ;     mV ;       ; 01:02:42
   2:30'09"90 ; DC    ;  65,980 ;     mV ;       ; 01:02:42
   2:30'10"19 ; DC    ;  65,980 ;     mV ;       ; 01:02:42
   2:30'10"45 ; DC    ;  65,980 ;     mV ;       ; 01:02:43
   2:30'10"72 ; DC    ;  65,980 ;     mV ;       ; 01:02:43
   2:30'11"00 ; DC    ;  65,980 ;     mV ;       ; 01:02:43
   2:30'11"28 ; DC    ;  65,980 ;     mV ;       ; 01:02:43
   2:30'11"60 ; DC    ;  65,970 ;     mV ;       ; 01:02:44
   2:30'11"87 ; DC    ;  65,970 ;     mV ;       ; 01:02:44
   2:30'12"15 ; DC    ;  66,000 ;     mV ;       ; 01:02:44
   2:30'12"44 ; DC    ;  65,980 ;     mV ;       ; 01:02:45
   2:30'12"79 ; DC    ;  65,980 ;     mV ;       ; 01:02:45
   2:30'13"04 ; DC    ;  65,990 ;     mV ;       ; 01:02:45
   2:30'13"33 ; DC    ;  65,990 ;     mV ;       ; 01:02:46
   2:30'13"62 ; DC    ;  65,980 ;     mV ;       ; 01:02:46
   2:30'13"88 ; DC    ;  65,980 ;     mV ;       ; 01:02:46
   2:30'14"16 ; DC    ;  65,990 ;     mV ;       ; 01:02:46
   2:30'14"46 ; DC    ;  65,980 ;     mV ;       ; 01:02:47
   2:30'14"71 ; DC    ;  65,980 ;     mV ;       ; 01:02:47
   2:30'14"96 ; DC    ;  65,960 ;     mV ;       ; 01:02:47
   2:30'15"21 ; DC    ;  65,960 ;     mV ;       ; 01:02:47
   2:30'15"46 ; DC    ;  65,940 ;     mV ;       ; 01:02:48
   2:30'15"74 ; DC    ;  65,960 ;     mV ;       ; 01:02:48
   2:30'16"06 ; DC    ;  65,950 ;     mV ;       ; 01:02:48
   2:30'16"37 ; DC    ;  65,970 ;     mV ;       ; 01:02:49
   2:30'16"65 ; DC    ;  65,970 ;     mV ;       ; 01:02:49
   2:30'16"95 ; DC    ;  65,960 ;     mV ;       ; 01:02:49
   2:30'17"22 ; DC    ;  65,960 ;     mV ;       ; 01:02:49
   2:30'17"49 ; DC    ;  65,950 ;     mV ;       ; 01:02:50
   2:30'17"76 ; DC    ;  65,960 ;     mV ;       ; 01:02:50
   2:30'18"05 ; DC    ;  65,950 ;     mV ;       ; 01:02:50
   2:30'18"33 ; DC    ;  65,950 ;     mV ;       ; 01:02:50
   2:30'18"62 ; DC    ;  65,970 ;     mV ;       ; 01:02:51
   2:30'18"88 ; DC    ;  65,970 ;     mV ;       ; 01:02:51
   2:30'19"15 ; DC    ;  65,950 ;     mV ;       ; 01:02:51
   2:30'19"42 ; DC    ;  65,950 ;     mV ;       ; 01:02:52
   2:30'19"68 ; DC    ;  65,950 ;     mV ;       ; 01:02:52
   2:30'19"95 ; DC    ;  65,960 ;     mV ;       ; 01:02:52
   2:30'20"21 ; DC    ;  65,950 ;     mV ;       ; 01:02:52
   2:30'20"46 ; DC    ;  65,950 ;     mV ;       ; 01:02:53
   2:30'20"71 ; DC    ;  65,970 ;     mV ;       ; 01:02:53
   2:30'20"96 ; DC    ;  65,980 ;     mV ;       ; 01:02:53
   2:30'21"22 ; DC    ;  65,980 ;     mV ;       ; 01:02:53
   2:30'21"49 ; DC    ;  65,970 ;     mV ;       ; 01:02:54
   2:30'21"77 ; DC    ;  65,950 ;     mV ;       ; 01:02:54
   2:30'22"07 ; DC    ;  65,960 ;     mV ;       ; 01:02:54
   2:30'22"33 ; DC    ;  65,950 ;     mV ;       ; 01:02:55
   2:30'22"60 ; DC    ;  65,960 ;     mV ;       ; 01:02:55
   2:30'22"87 ; DC    ;  65,950 ;     mV ;       ; 01:02:55
   2:30'23"18 ; DC    ;  65,970 ;     mV ;       ; 01:02:55
   2:30'23"45 ; DC    ;  65,980 ;     mV ;       ; 01:02:56
   2:30'23"72 ; DC    ;  65,980 ;     mV ;       ; 01:02:56
   2:30'24"00 ; DC    ;  65,980 ;     mV ;       ; 01:02:56
   2:30'24"25 ; DC    ;  65,970 ;     mV ;       ; 01:02:56
   2:30'24"51 ; DC    ;  65,970 ;     mV ;       ; 01:02:57
   2:30'24"79 ; DC    ;  65,990 ;     mV ;       ; 01:02:57
   2:30'25"04 ; DC    ;  65,970 ;     mV ;       ; 01:02:57
   2:30'25"33 ; DC    ;  65,970 ;     mV ;       ; 01:02:57
   2:30'25"61 ; DC    ;  65,970 ;     mV ;       ; 01:02:58
   2:30'25"88 ; DC    ;  65,960 ;     mV ;       ; 01:02:58
   2:30'26"16 ; DC    ;  65,970 ;     mV ;       ; 01:02:58
   2:30'26"44 ; DC    ;  65,970 ;     mV ;       ; 01:02:59
   2:30'26"70 ; DC    ;  65,970 ;     mV ;       ; 01:02:59
   2:30'26"96 ; DC    ;  65,980 ;     mV ;       ; 01:02:59
   2:30'27"24 ; DC    ;  65,980 ;     mV ;       ; 01:02:59
   2:30'27"49 ; DC    ;  65,970 ;     mV ;       ; 01:03:00
   2:30'27"76 ; DC    ;  65,970 ;     mV ;       ; 01:03:00
   2:30'28"06 ; DC    ;  65,980 ;     mV ;       ; 01:03:00
   2:30'28"36 ; DC    ;  65,980 ;     mV ;       ; 01:03:01
   2:30'28"62 ; DC    ;  65,990 ;     mV ;       ; 01:03:01
   2:30'28"91 ; DC    ;  65,980 ;     mV ;       ; 01:03:01
   2:30'29"17 ; DC    ;  65,980 ;     mV ;       ; 01:03:01
   2:30'29"45 ; DC    ;  65,980 ;     mV ;       ; 01:03:02
   2:30'29"72 ; DC    ;  65,990 ;     mV ;       ; 01:03:02
   2:30'29"99 ; DC    ;  65,990 ;     mV ;       ; 01:03:02
   2:30'30"25 ; DC    ;  66,000 ;     mV ;       ; 01:03:02
   2:30'30"51 ; DC    ;  65,990 ;     mV ;       ; 01:03:03
   2:30'30"78 ; DC    ;  65,980 ;     mV ;       ; 01:03:03
   2:30'31"07 ; DC    ;  65,970 ;     mV ;       ; 01:03:03
   2:30'31"35 ; DC    ;  65,970 ;     mV ;       ; 01:03:04
   2:30'31"64 ; DC    ;  65,980 ;     mV ;       ; 01:03:04
   2:30'31"91 ; DC    ;  65,970 ;     mV ;       ; 01:03:04
   2:30'32"16 ; DC    ;  65,970 ;     mV ;       ; 01:03:04
   2:30'32"43 ; DC    ;  65,970 ;     mV ;       ; 01:03:05
   2:30'32"72 ; DC    ;  65,970 ;     mV ;       ; 01:03:05
   2:30'33"00 ; DC    ;  65,970 ;     mV ;       ; 01:03:05
   2:30'33"27 ; DC    ;  65,970 ;     mV ;       ; 01:03:05
   2:30'33"58 ; DC    ;  65,980 ;     mV ;       ; 01:03:06
   2:30'33"85 ; DC    ;  66,000 ;     mV ;       ; 01:03:06
   2:30'34"16 ; DC    ;  65,960 ;     mV ;       ; 01:03:06
   2:30'34"48 ; DC    ;  65,980 ;     mV ;       ; 01:03:07
   2:30'34"78 ; DC    ;  65,980 ;     mV ;       ; 01:03:07
   2:30'35"04 ; DC    ;  65,980 ;     mV ;       ; 01:03:07
   2:30'35"32 ; DC    ;  65,970 ;     mV ;       ; 01:03:07
   2:30'35"61 ; DC    ;  65,980 ;     mV ;       ; 01:03:08
   2:30'35"90 ; DC    ;  65,980 ;     mV ;       ; 01:03:08
   2:30'36"19 ; DC    ;  65,970 ;     mV ;       ; 01:03:08
   2:30'36"46 ; DC    ;  65,990 ;     mV ;       ; 01:03:09
   2:30'36"73 ; DC    ;  65,990 ;     mV ;       ; 01:03:09
   2:30'37"03 ; DC    ;  65,990 ;     mV ;       ; 01:03:09
   2:30'37"33 ; DC    ;  65,990 ;     mV ;       ; 01:03:09
   2:30'37"62 ; DC    ;  65,990 ;     mV ;       ; 01:03:10
   2:30'37"91 ; DC    ;  66,000 ;     mV ;       ; 01:03:10
   2:30'38"18 ; DC    ;  65,990 ;     mV ;       ; 01:03:10
   2:30'38"45 ; DC    ;  65,990 ;     mV ;       ; 01:03:11
   2:30'38"69 ; DC    ;  65,970 ;     mV ;       ; 01:03:11
   2:30'38"96 ; DC    ;  65,970 ;     mV ;       ; 01:03:11
   2:30'39"22 ; DC    ;  65,980 ;     mV ;       ; 01:03:11
   2:30'39"48 ; DC    ;  65,980 ;     mV ;       ; 01:03:12
   2:30'39"75 ; DC    ;  65,980 ;     mV ;       ; 01:03:12
   2:30'40"02 ; DC    ;  65,970 ;     mV ;       ; 01:03:12
   2:30'40"28 ; DC    ;  65,990 ;     mV ;       ; 01:03:12
   2:30'40"55 ; DC    ;  65,980 ;     mV ;       ; 01:03:13
   2:30'40"81 ; DC    ;  65,980 ;     mV ;       ; 01:03:13
   2:30'41"08 ; DC    ;  65,990 ;     mV ;       ; 01:03:13
   2:30'41"35 ; DC    ;  65,980 ;     mV ;       ; 01:03:14
   2:30'41"64 ; DC    ;  65,990 ;     mV ;       ; 01:03:14
   2:30'41"92 ; DC    ;  65,990 ;     mV ;       ; 01:03:14
   2:30'42"18 ; DC    ;  65,970 ;     mV ;       ; 01:03:14
   2:30'42"45 ; DC    ;  65,980 ;     mV ;       ; 01:03:15
   2:30'42"71 ; DC    ;  65,990 ;     mV ;       ; 01:03:15
   2:30'42"97 ; DC    ;  65,980 ;     mV ;       ; 01:03:15
   2:30'43"22 ; DC    ;  66,000 ;     mV ;       ; 01:03:15
   2:30'43"49 ; DC    ;  65,990 ;     mV ;       ; 01:03:16
   2:30'43"76 ; DC    ;  65,990 ;     mV ;       ; 01:03:16
   2:30'44"03 ; DC    ;  66,000 ;     mV ;       ; 01:03:16
   2:30'44"29 ; DC    ;  66,010 ;     mV ;       ; 01:03:16
   2:30'44"56 ; DC    ;  66,010 ;     mV ;       ; 01:03:17
   2:30'44"83 ; DC    ;  66,010 ;     mV ;       ; 01:03:17
   2:30'45"09 ; DC    ;  66,000 ;     mV ;       ; 01:03:17
   2:30'45"34 ; DC    ;  66,000 ;     mV ;       ; 01:03:18
   2:30'45"61 ; DC    ;  66,000 ;     mV ;       ; 01:03:18
   2:30'45"87 ; DC    ;  66,000 ;     mV ;       ; 01:03:18
   2:30'46"14 ; DC    ;  66,000 ;     mV ;       ; 01:03:18
   2:30'46"41 ; DC    ;  65,980 ;     mV ;       ; 01:03:19
   2:30'46"70 ; DC    ;  65,970 ;     mV ;       ; 01:03:19
   2:30'46"99 ; DC    ;  65,970 ;     mV ;       ; 01:03:19
   2:30'47"25 ; DC    ;  65,990 ;     mV ;       ; 01:03:19
   2:30'47"51 ; DC    ;  65,990 ;     mV ;       ; 01:03:20
   2:30'47"78 ; DC    ;  66,000 ;     mV ;       ; 01:03:20
   2:30'48"04 ; DC    ;  65,990 ;     mV ;       ; 01:03:20
   2:30'48"31 ; DC    ;  65,990 ;     mV ;       ; 01:03:20
   2:30'48"56 ; DC    ;  65,980 ;     mV ;       ; 01:03:21
   2:30'48"82 ; DC    ;  65,990 ;     mV ;       ; 01:03:21
   2:30'49"09 ; DC    ;  65,980 ;     mV ;       ; 01:03:21
   2:30'49"34 ; DC    ;  65,990 ;     mV ;       ; 01:03:22
   2:30'49"60 ; DC    ;  65,990 ;     mV ;       ; 01:03:22
   2:30'49"89 ; DC    ;  66,000 ;     mV ;       ; 01:03:22
   2:30'50"18 ; DC    ;  66,010 ;     mV ;       ; 01:03:22
   2:30'50"95 ; DC    ;  65,980 ;     mV ;       ; 01:03:23
   2:30'51"23 ; DC    ;  65,990 ;     mV ;       ; 01:03:23
   2:30'51"55 ; DC    ;  65,990 ;     mV ;       ; 01:03:24
   2:30'51"84 ; DC    ;  65,980 ;     mV ;       ; 01:03:24
   2:30'52"12 ; DC    ;  65,980 ;     mV ;       ; 01:03:24
   2:30'52"42 ; DC    ;  65,970 ;     mV ;       ; 01:03:25
   2:30'52"68 ; DC    ;  65,990 ;     mV ;       ; 01:03:25
   2:30'52"96 ; DC    ;  65,990 ;     mV ;       ; 01:03:25
   2:30'53"24 ; DC    ;  66,000 ;     mV ;       ; 01:03:25
   2:30'53"57 ; DC    ;  65,980 ;     mV ;       ; 01:03:26
   2:30'53"87 ; DC    ;  65,990 ;     mV ;       ; 01:03:26
   2:30'54"15 ; DC    ;  65,990 ;     mV ;       ; 01:03:26
   2:30'54"43 ; DC    ;  66,000 ;     mV ;       ; 01:03:27
   2:30'54"70 ; DC    ;  65,990 ;     mV ;       ; 01:03:27
   2:30'54"96 ; DC    ;  65,990 ;     mV ;       ; 01:03:27
   2:30'55"25 ; DC    ;  65,990 ;     mV ;       ; 01:03:27
   2:30'55"51 ; DC    ;  65,980 ;     mV ;       ; 01:03:28
   2:30'55"77 ; DC    ;  65,980 ;     mV ;       ; 01:03:28
   2:30'56"04 ; DC    ;  66,000 ;     mV ;       ; 01:03:28
   2:30'56"28 ; DC    ;  65,980 ;     mV ;       ; 01:03:28
   2:30'56"55 ; DC    ;  65,990 ;     mV ;       ; 01:03:29
   2:30'56"82 ; DC    ;  65,970 ;     mV ;       ; 01:03:29
   2:30'57"11 ; DC    ;  65,970 ;     mV ;       ; 01:03:29
   2:30'57"39 ; DC    ;  65,950 ;     mV ;       ; 01:03:30
   2:30'57"69 ; DC    ;  65,960 ;     mV ;       ; 01:03:30
   2:30'57"99 ; DC    ;  65,970 ;     mV ;       ; 01:03:30
   2:30'58"28 ; DC    ;  65,980 ;     mV ;       ; 01:03:30
   2:30'58"55 ; DC    ;  65,980 ;     mV ;       ; 01:03:31
   2:30'58"83 ; DC    ;  65,980 ;     mV ;       ; 01:03:31
   2:30'59"10 ; DC    ;  65,980 ;     mV ;       ; 01:03:31
   2:30'59"37 ; DC    ;  65,970 ;     mV ;       ; 01:03:32
   2:30'59"62 ; DC    ;  65,960 ;     mV ;       ; 01:03:32
   2:30'59"89 ; DC    ;  65,990 ;     mV ;       ; 01:03:32
   2:31'00"17 ; DC    ;  65,960 ;     mV ;       ; 01:03:32
   2:31'00"46 ; DC    ;  65,980 ;     mV ;       ; 01:03:33
   2:31'00"76 ; DC    ;  65,980 ;     mV ;       ; 01:03:33
   2:31'01"07 ; DC    ;  65,980 ;     mV ;       ; 01:03:33
   2:31'01"36 ; DC    ;  66,000 ;     mV ;       ; 01:03:34
   2:31'01"65 ; DC    ;  65,990 ;     mV ;       ; 01:03:34
   2:31'01"93 ; DC    ;  66,000 ;     mV ;       ; 01:03:34
   2:31'02"20 ; DC    ;  65,990 ;     mV ;       ; 01:03:34
   2:31'02"48 ; DC    ;  66,000 ;     mV ;       ; 01:03:35
   2:31'02"78 ; DC    ;  65,970 ;     mV ;       ; 01:03:35
   2:31'03"04 ; DC    ;  65,970 ;     mV ;       ; 01:03:35
   2:31'03"31 ; DC    ;  65,960 ;     mV ;       ; 01:03:35
   2:31'03"58 ; DC    ;  65,960 ;     mV ;       ; 01:03:36
   2:31'03"84 ; DC    ;  65,980 ;     mV ;       ; 01:03:36
   2:31'04"09 ; DC    ;  65,960 ;     mV ;       ; 01:03:36
   2:31'04"36 ; DC    ;  65,960 ;     mV ;       ; 01:03:37
   2:31'04"63 ; DC    ;  65,970 ;     mV ;       ; 01:03:37
   2:31'04"91 ; DC    ;  65,970 ;     mV ;       ; 01:03:37
   2:31'05"18 ; DC    ;  65,950 ;     mV ;       ; 01:03:37
   2:31'05"46 ; DC    ;  65,930 ;     mV ;       ; 01:03:38
   2:31'05"73 ; DC    ;  65,920 ;     mV ;       ; 01:03:38
   2:31'06"00 ; DC    ;  65,920 ;     mV ;       ; 01:03:38
   2:31'06"26 ; DC    ;  65,940 ;     mV ;       ; 01:03:38
   2:31'06"56 ; DC    ;  65,940 ;     mV ;       ; 01:03:39
   2:31'06"84 ; DC    ;  65,930 ;     mV ;       ; 01:03:39
   2:31'07"15 ; DC    ;  65,930 ;     mV ;       ; 01:03:39
   2:31'07"43 ; DC    ;  65,930 ;     mV ;       ; 01:03:40
   2:31'07"72 ; DC    ;  65,920 ;     mV ;       ; 01:03:40
   2:31'08"21 ; DC    ;  65,920 ;     mV ;       ; 01:03:40
   2:31'08"48 ; DC    ;  65,910 ;     mV ;       ; 01:03:41
   2:31'08"74 ; DC    ;  65,940 ;     mV ;       ; 01:03:41
   2:31'08"99 ; DC    ;  65,940 ;     mV ;       ; 01:03:41
   2:31'09"25 ; DC    ;  65,950 ;     mV ;       ; 01:03:41
   2:31'09"51 ; DC    ;  65,950 ;     mV ;       ; 01:03:42
   2:31'09"78 ; DC    ;  65,930 ;     mV ;       ; 01:03:42
   2:31'10"06 ; DC    ;  65,930 ;     mV ;       ; 01:03:42
   2:31'10"36 ; DC    ;  65,930 ;     mV ;       ; 01:03:43
   2:31'10"63 ; DC    ;  65,930 ;     mV ;       ; 01:03:43
   2:31'10"90 ; DC    ;  65,950 ;     mV ;       ; 01:03:43
   2:31'11"19 ; DC    ;  65,960 ;     mV ;       ; 01:03:43
   2:31'11"47 ; DC    ;  65,970 ;     mV ;       ; 01:03:44
   2:31'11"74 ; DC    ;  65,970 ;     mV ;       ; 01:03:44
   2:31'12"01 ; DC    ;  65,970 ;     mV ;       ; 01:03:44
   2:31'12"29 ; DC    ;  65,970 ;     mV ;       ; 01:03:44
   2:31'12"56 ; DC    ;  65,960 ;     mV ;       ; 01:03:45
   2:31'12"86 ; DC    ;  65,960 ;     mV ;       ; 01:03:45
   2:31'13"13 ; DC    ;  65,950 ;     mV ;       ; 01:03:45
   2:31'13"41 ; DC    ;  65,950 ;     mV ;       ; 01:03:46
   2:31'13"67 ; DC    ;  65,920 ;     mV ;       ; 01:03:46
   2:31'13"93 ; DC    ;  65,940 ;     mV ;       ; 01:03:46
   2:31'14"21 ; DC    ;  65,930 ;     mV ;       ; 01:03:46
   2:31'14"48 ; DC    ;  65,940 ;     mV ;       ; 01:03:47
   2:31'14"76 ; DC    ;  65,930 ;     mV ;       ; 01:03:47
   2:31'15"02 ; DC    ;  65,930 ;     mV ;       ; 01:03:47
   2:31'15"28 ; DC    ;  65,930 ;     mV ;       ; 01:03:47
   2:31'15"55 ; DC    ;  65,930 ;     mV ;       ; 01:03:48
   2:31'15"83 ; DC    ;  65,960 ;     mV ;       ; 01:03:48
   2:31'16"10 ; DC    ;  65,950 ;     mV ;       ; 01:03:48
   2:31'16"37 ; DC    ;  65,950 ;     mV ;       ; 01:03:49
   2:31'16"64 ; DC    ;  65,940 ;     mV ;       ; 01:03:49
   2:31'16"88 ; DC    ;  65,960 ;     mV ;       ; 01:03:49
   2:31'17"15 ; DC    ;  65,960 ;     mV ;       ; 01:03:49
   2:31'17"42 ; DC    ;  65,960 ;     mV ;       ; 01:03:50
   2:31'17"69 ; DC    ;  65,970 ;     mV ;       ; 01:03:50
   2:31'17"95 ; DC    ;  65,970 ;     mV ;       ; 01:03:50
   2:31'18"19 ; DC    ;  65,970 ;     mV ;       ; 01:03:50
   2:31'18"47 ; DC    ;  65,970 ;     mV ;       ; 01:03:51
   2:31'18"75 ; DC    ;  65,970 ;     mV ;       ; 01:03:51
   2:31'19"03 ; DC    ;  65,980 ;     mV ;       ; 01:03:51
   2:31'19"29 ; DC    ;  65,980 ;     mV ;       ; 01:03:51
   2:31'19"58 ; DC    ;  65,970 ;     mV ;       ; 01:03:52
   2:31'19"87 ; DC    ;  65,960 ;     mV ;       ; 01:03:52
   2:31'20"15 ; DC    ;  65,960 ;     mV ;       ; 01:03:52
   2:31'20"41 ; DC    ;  65,940 ;     mV ;       ; 01:03:53
   2:31'20"68 ; DC    ;  65,940 ;     mV ;       ; 01:03:53
   2:31'20"99 ; DC    ;  65,920 ;     mV ;       ; 01:03:53
   2:31'21"27 ; DC    ;  65,940 ;     mV ;       ; 01:03:53
   2:31'21"53 ; DC    ;  65,940 ;     mV ;       ; 01:03:54
   2:31'21"80 ; DC    ;  65,950 ;     mV ;       ; 01:03:54
   2:31'22"07 ; DC    ;  65,950 ;     mV ;       ; 01:03:54
   2:31'22"34 ; DC    ;  65,950 ;     mV ;       ; 01:03:55
   2:31'22"61 ; DC    ;  65,940 ;     mV ;       ; 01:03:55
   2:31'22"88 ; DC    ;  65,950 ;     mV ;       ; 01:03:55
   2:31'23"16 ; DC    ;  65,950 ;     mV ;       ; 01:03:55
   2:31'23"43 ; DC    ;  65,940 ;     mV ;       ; 01:03:56
   2:31'23"70 ; DC    ;  65,940 ;     mV ;       ; 01:03:56
   2:31'23"96 ; DC    ;  65,940 ;     mV ;       ; 01:03:56
   2:31'24"25 ; DC    ;  65,920 ;     mV ;       ; 01:03:56
   2:31'24"51 ; DC    ;  65,930 ;     mV ;       ; 01:03:57
   2:31'24"79 ; DC    ;  65,940 ;     mV ;       ; 01:03:57
   2:31'25"06 ; DC    ;  65,930 ;     mV ;       ; 01:03:57
   2:31'25"34 ; DC    ;  65,920 ;     mV ;       ; 01:03:58
   2:31'25"61 ; DC    ;  65,940 ;     mV ;       ; 01:03:58
   2:31'25"91 ; DC    ;  65,930 ;     mV ;       ; 01:03:58
   2:31'26"17 ; DC    ;  65,930 ;     mV ;       ; 01:03:58
   2:31'26"43 ; DC    ;  65,930 ;     mV ;       ; 01:03:59
   2:31'26"70 ; DC    ;  65,930 ;     mV ;       ; 01:03:59
   2:31'26"95 ; DC    ;  65,940 ;     mV ;       ; 01:03:59
   2:31'27"23 ; DC    ;  65,950 ;     mV ;       ; 01:03:59
   2:31'27"52 ; DC    ;  65,940 ;     mV ;       ; 01:04:00
   2:31'27"79 ; DC    ;  65,940 ;     mV ;       ; 01:04:00
   2:31'28"05 ; DC    ;  65,940 ;     mV ;       ; 01:04:00
   2:31'28"31 ; DC    ;  65,940 ;     mV ;       ; 01:04:00
   2:31'28"58 ; DC    ;  65,940 ;     mV ;       ; 01:04:01
   2:31'28"88 ; DC    ;  65,950 ;     mV ;       ; 01:04:01
   2:31'29"16 ; DC    ;  65,920 ;     mV ;       ; 01:04:01
   2:31'29"47 ; DC    ;  65,940 ;     mV ;       ; 01:04:02
   2:31'29"75 ; DC    ;  65,960 ;     mV ;       ; 01:04:02
   2:31'30"03 ; DC    ;  65,950 ;     mV ;       ; 01:04:02
   2:31'30"30 ; DC    ;  65,950 ;     mV ;       ; 01:04:02
   2:31'30"56 ; DC    ;  65,930 ;     mV ;       ; 01:04:03
   2:31'30"83 ; DC    ;  65,920 ;     mV ;       ; 01:04:03
   2:31'31"10 ; DC    ;  65,940 ;     mV ;       ; 01:04:03
   2:31'31"38 ; DC    ;  65,960 ;     mV ;       ; 01:04:04
   2:31'31"65 ; DC    ;  65,960 ;     mV ;       ; 01:04:04
   2:31'31"92 ; DC    ;  65,960 ;     mV ;       ; 01:04:04
   2:31'32"18 ; DC    ;  65,950 ;     mV ;       ; 01:04:04
   2:31'32"46 ; DC    ;  65,970 ;     mV ;       ; 01:04:05
   2:31'32"75 ; DC    ;  65,980 ;     mV ;       ; 01:04:05
   2:31'33"03 ; DC    ;  65,980 ;     mV ;       ; 01:04:05
   2:31'33"30 ; DC    ;  65,980 ;     mV ;       ; 01:04:05
   2:31'33"57 ; DC    ;  65,980 ;     mV ;       ; 01:04:06
   2:31'33"85 ; DC    ;  65,970 ;     mV ;       ; 01:04:06
   2:31'34"12 ; DC    ;  65,960 ;     mV ;       ; 01:04:06
   2:31'34"37 ; DC    ;  65,970 ;     mV ;       ; 01:04:07
   2:31'34"66 ; DC    ;  65,960 ;     mV ;       ; 01:04:07
   2:31'34"96 ; DC    ;  65,970 ;     mV ;       ; 01:04:07
   2:31'35"25 ; DC    ;  65,970 ;     mV ;       ; 01:04:07
   2:31'35"53 ; DC    ;  65,950 ;     mV ;       ; 01:04:08
   2:31'35"79 ; DC    ;  65,970 ;     mV ;       ; 01:04:08
   2:31'36"06 ; DC    ;  65,990 ;     mV ;       ; 01:04:08
   2:31'36"32 ; DC    ;  65,980 ;     mV ;       ; 01:04:08
   2:31'36"57 ; DC    ;  65,970 ;     mV ;       ; 01:04:09
   2:31'36"82 ; DC    ;  65,970 ;     mV ;       ; 01:04:09
   2:31'37"08 ; DC    ;  65,970 ;     mV ;       ; 01:04:09
   2:31'37"34 ; DC    ;  65,960 ;     mV ;       ; 01:04:10
   2:31'37"61 ; DC    ;  65,970 ;     mV ;       ; 01:04:10
   2:31'37"89 ; DC    ;  65,990 ;     mV ;       ; 01:04:10
   2:31'38"17 ; DC    ;  65,950 ;     mV ;       ; 01:04:10
   2:31'38"44 ; DC    ;  65,950 ;     mV ;       ; 01:04:11
   2:31'38"73 ; DC    ;  65,950 ;     mV ;       ; 01:04:11
   2:31'39"02 ; DC    ;  65,950 ;     mV ;       ; 01:04:11
   2:31'39"31 ; DC    ;  65,950 ;     mV ;       ; 01:04:11
   2:31'39"60 ; DC    ;  65,950 ;     mV ;       ; 01:04:12
   2:31'39"85 ; DC    ;  65,960 ;     mV ;       ; 01:04:12
   2:31'40"12 ; DC    ;  65,970 ;     mV ;       ; 01:04:12
   2:31'40"39 ; DC    ;  65,950 ;     mV ;       ; 01:04:13
   2:31'40"65 ; DC    ;  65,940 ;     mV ;       ; 01:04:13
   2:31'40"92 ; DC    ;  65,950 ;     mV ;       ; 01:04:13
   2:31'41"18 ; DC    ;  65,960 ;     mV ;       ; 01:04:13
   2:31'41"47 ; DC    ;  65,970 ;     mV ;       ; 01:04:14
   2:31'41"75 ; DC    ;  65,960 ;     mV ;       ; 01:04:14
   2:31'42"03 ; DC    ;  65,960 ;     mV ;       ; 01:04:14
   2:31'42"35 ; DC    ;  65,960 ;     mV ;       ; 01:04:15
   2:31'42"61 ; DC    ;  65,960 ;     mV ;       ; 01:04:15
   2:31'42"89 ; DC    ;  65,960 ;     mV ;       ; 01:04:15
   2:31'43"16 ; DC    ;  65,960 ;     mV ;       ; 01:04:15
   2:31'43"45 ; DC    ;  65,960 ;     mV ;       ; 01:04:16
   2:31'43"71 ; DC    ;  65,960 ;     mV ;       ; 01:04:16
   2:31'43"97 ; DC    ;  65,960 ;     mV ;       ; 01:04:16
   2:31'44"25 ; DC    ;  65,970 ;     mV ;       ; 01:04:16
   2:31'44"55 ; DC    ;  65,950 ;     mV ;       ; 01:04:17
   2:31'44"83 ; DC    ;  65,940 ;     mV ;       ; 01:04:17
   2:31'45"09 ; DC    ;  65,950 ;     mV ;       ; 01:04:17
   2:31'45"36 ; DC    ;  65,940 ;     mV ;       ; 01:04:18
   2:31'45"62 ; DC    ;  65,950 ;     mV ;       ; 01:04:18
   2:31'45"90 ; DC    ;  65,950 ;     mV ;       ; 01:04:18
   2:31'46"16 ; DC    ;  65,940 ;     mV ;       ; 01:04:18
   2:31'46"41 ; DC    ;  65,940 ;     mV ;       ; 01:04:19
   2:31'46"66 ; DC    ;  65,930 ;     mV ;       ; 01:04:19
   2:31'46"93 ; DC    ;  65,930 ;     mV ;       ; 01:04:19
   2:31'47"20 ; DC    ;  65,950 ;     mV ;       ; 01:04:19
   2:31'47"46 ; DC    ;  65,950 ;     mV ;       ; 01:04:20
   2:31'47"74 ; DC    ;  65,950 ;     mV ;       ; 01:04:20
   2:31'48"04 ; DC    ;  65,950 ;     mV ;       ; 01:04:20
   2:31'48"31 ; DC    ;  65,950 ;     mV ;       ; 01:04:20
   2:31'48"63 ; DC    ;  65,960 ;     mV ;       ; 01:04:21
   2:31'48"91 ; DC    ;  65,950 ;     mV ;       ; 01:04:21
   2:31'49"17 ; DC    ;  65,950 ;     mV ;       ; 01:04:21
   2:31'49"45 ; DC    ;  65,960 ;     mV ;       ; 01:04:22
   2:31'49"73 ; DC    ;  65,950 ;     mV ;       ; 01:04:22
   2:31'50"02 ; DC    ;  65,970 ;     mV ;       ; 01:04:22
   2:31'50"28 ; DC    ;  65,960 ;     mV ;       ; 01:04:22
   2:31'50"55 ; DC    ;  65,970 ;     mV ;       ; 01:04:23
   2:31'50"82 ; DC    ;  65,970 ;     mV ;       ; 01:04:23
   2:31'51"10 ; DC    ;  65,960 ;     mV ;       ; 01:04:23
   2:31'51"42 ; DC    ;  65,960 ;     mV ;       ; 01:04:24
   2:31'51"68 ; DC    ;  65,960 ;     mV ;       ; 01:04:24
   2:31'51"95 ; DC    ;  65,970 ;     mV ;       ; 01:04:24
   2:31'52"23 ; DC    ;  65,960 ;     mV ;       ; 01:04:24
   2:31'52"49 ; DC    ;  65,960 ;     mV ;       ; 01:04:25
   2:31'52"76 ; DC    ;  65,960 ;     mV ;       ; 01:04:25
   2:31'53"03 ; DC    ;  65,960 ;     mV ;       ; 01:04:25
   2:31'53"30 ; DC    ;  65,950 ;     mV ;       ; 01:04:25
   2:31'53"58 ; DC    ;  65,950 ;     mV ;       ; 01:04:26
   2:31'53"88 ; DC    ;  65,940 ;     mV ;       ; 01:04:26
   2:31'54"16 ; DC    ;  65,940 ;     mV ;       ; 01:04:26
   2:31'54"43 ; DC    ;  65,940 ;     mV ;       ; 01:04:27
   2:31'54"70 ; DC    ;  65,950 ;     mV ;       ; 01:04:27
   2:31'54"97 ; DC    ;  65,950 ;     mV ;       ; 01:04:27
   2:31'55"25 ; DC    ;  65,950 ;     mV ;       ; 01:04:27
   2:31'55"53 ; DC    ;  65,950 ;     mV ;       ; 01:04:28
   2:31'55"79 ; DC    ;  65,940 ;     mV ;       ; 01:04:28
   2:31'56"05 ; DC    ;  65,940 ;     mV ;       ; 01:04:28
   2:31'56"34 ; DC    ;  65,940 ;     mV ;       ; 01:04:29
   2:31'56"61 ; DC    ;  65,950 ;     mV ;       ; 01:04:29
   2:31'56"91 ; DC    ;  65,950 ;     mV ;       ; 01:04:29
   2:31'57"19 ; DC    ;  65,930 ;     mV ;       ; 01:04:29
   2:31'57"50 ; DC    ;  65,940 ;     mV ;       ; 01:04:30
   2:31'57"79 ; DC    ;  65,940 ;     mV ;       ; 01:04:30
   2:31'58"07 ; DC    ;  65,940 ;     mV ;       ; 01:04:30
   2:31'58"36 ; DC    ;  65,940 ;     mV ;       ; 01:04:31
   2:31'58"62 ; DC    ;  65,940 ;     mV ;       ; 01:04:31
   2:31'58"89 ; DC    ;  65,940 ;     mV ;       ; 01:04:31
   2:31'59"16 ; DC    ;  65,940 ;     mV ;       ; 01:04:31
   2:31'59"42 ; DC    ;  65,940 ;     mV ;       ; 01:04:32
   2:31'59"68 ; DC    ;  65,940 ;     mV ;       ; 01:04:32
   2:31'59"95 ; DC    ;  65,940 ;     mV ;       ; 01:04:32
   2:32'00"21 ; DC    ;  65,940 ;     mV ;       ; 01:04:32
   2:32'00"49 ; DC    ;  65,920 ;     mV ;       ; 01:04:33
   2:32'00"75 ; DC    ;  65,940 ;     mV ;       ; 01:04:33
   2:32'01"05 ; DC    ;  65,930 ;     mV ;       ; 01:04:33
   2:32'01"31 ; DC    ;  65,930 ;     mV ;       ; 01:04:33
   2:32'01"60 ; DC    ;  65,940 ;     mV ;       ; 01:04:34
   2:32'01"87 ; DC    ;  65,940 ;     mV ;       ; 01:04:34
   2:32'02"14 ; DC    ;  65,940 ;     mV ;       ; 01:04:34
   2:32'02"40 ; DC    ;  65,940 ;     mV ;       ; 01:04:35
   2:32'02"67 ; DC    ;  65,930 ;     mV ;       ; 01:04:35
   2:32'02"93 ; DC    ;  65,930 ;     mV ;       ; 01:04:35
   2:32'03"23 ; DC    ;  65,930 ;     mV ;       ; 01:04:35
   2:32'03"52 ; DC    ;  65,930 ;     mV ;       ; 01:04:36
   2:32'03"79 ; DC    ;  65,930 ;     mV ;       ; 01:04:36
   2:32'04"06 ; DC    ;  65,930 ;     mV ;       ; 01:04:36
   2:32'04"33 ; DC    ;  65,940 ;     mV ;       ; 01:04:36
   2:32'04"59 ; DC    ;  65,940 ;     mV ;       ; 01:04:37
   2:32'04"86 ; DC    ;  65,950 ;     mV ;       ; 01:04:37
   2:32'05"12 ; DC    ;  65,960 ;     mV ;       ; 01:04:37
   2:32'05"39 ; DC    ;  65,950 ;     mV ;       ; 01:04:38
   2:32'05"66 ; DC    ;  65,950 ;     mV ;       ; 01:04:38
   2:32'05"92 ; DC    ;  65,940 ;     mV ;       ; 01:04:38
   2:32'06"18 ; DC    ;  65,950 ;     mV ;       ; 01:04:38
   2:32'06"45 ; DC    ;  65,950 ;     mV ;       ; 01:04:39
   2:32'06"73 ; DC    ;  65,950 ;     mV ;       ; 01:04:39
   2:32'07"03 ; DC    ;  65,960 ;     mV ;       ; 01:04:39
   2:32'07"31 ; DC    ;  65,950 ;     mV ;       ; 01:04:39
   2:32'07"58 ; DC    ;  65,950 ;     mV ;       ; 01:04:40
   2:32'07"86 ; DC    ;  65,950 ;     mV ;       ; 01:04:40
   2:32'08"13 ; DC    ;  65,940 ;     mV ;       ; 01:04:40
   2:32'08"40 ; DC    ;  65,940 ;     mV ;       ; 01:04:41
   2:32'08"65 ; DC    ;  65,950 ;     mV ;       ; 01:04:41
   2:32'08"93 ; DC    ;  65,960 ;     mV ;       ; 01:04:41
   2:32'09"21 ; DC    ;  65,950 ;     mV ;       ; 01:04:41
   2:32'09"47 ; DC    ;  65,950 ;     mV ;       ; 01:04:42
   2:32'09"74 ; DC    ;  65,960 ;     mV ;       ; 01:04:42
   2:32'10"01 ; DC    ;  65,960 ;     mV ;       ; 01:04:42
   2:32'10"30 ; DC    ;  65,960 ;     mV ;       ; 01:04:42
   2:32'10"58 ; DC    ;  65,960 ;     mV ;       ; 01:04:43
   2:32'10"86 ; DC    ;  65,950 ;     mV ;       ; 01:04:43
   2:32'11"12 ; DC    ;  65,950 ;     mV ;       ; 01:04:43
   2:32'11"39 ; DC    ;  65,940 ;     mV ;       ; 01:04:44
   2:32'11"66 ; DC    ;  65,940 ;     mV ;       ; 01:04:44
   2:32'11"91 ; DC    ;  65,950 ;     mV ;       ; 01:04:44
   2:32'12"21 ; DC    ;  65,960 ;     mV ;       ; 01:04:44
   2:32'12"48 ; DC    ;  65,950 ;     mV ;       ; 01:04:45
   2:32'12"74 ; DC    ;  65,930 ;     mV ;       ; 01:04:45
   2:32'13"03 ; DC    ;  65,960 ;     mV ;       ; 01:04:45
   2:32'13"31 ; DC    ;  65,950 ;     mV ;       ; 01:04:45
   2:32'13"59 ; DC    ;  65,960 ;     mV ;       ; 01:04:46
   2:32'13"86 ; DC    ;  65,950 ;     mV ;       ; 01:04:46
   2:32'14"13 ; DC    ;  65,940 ;     mV ;       ; 01:04:46
   2:32'14"39 ; DC    ;  65,940 ;     mV ;       ; 01:04:47
   2:32'14"66 ; DC    ;  65,960 ;     mV ;       ; 01:04:47
   2:32'14"96 ; DC    ;  65,970 ;     mV ;       ; 01:04:47
   2:32'15"22 ; DC    ;  65,970 ;     mV ;       ; 01:04:47
   2:32'15"48 ; DC    ;  65,960 ;     mV ;       ; 01:04:48
   2:32'15"76 ; DC    ;  65,960 ;     mV ;       ; 01:04:48
   2:32'16"04 ; DC    ;  65,960 ;     mV ;       ; 01:04:48
   2:32'16"32 ; DC    ;  65,960 ;     mV ;       ; 01:04:48
   2:32'16"60 ; DC    ;  65,950 ;     mV ;       ; 01:04:49
   2:32'16"88 ; DC    ;  65,960 ;     mV ;       ; 01:04:49
   2:32'17"15 ; DC    ;  65,960 ;     mV ;       ; 01:04:49
   2:32'17"43 ; DC    ;  65,950 ;     mV ;       ; 01:04:50
   2:32'17"70 ; DC    ;  65,950 ;     mV ;       ; 01:04:50
   2:32'17"98 ; DC    ;  65,960 ;     mV ;       ; 01:04:50
   2:32'18"27 ; DC    ;  65,960 ;     mV ;       ; 01:04:50
   2:32'18"53 ; DC    ;  65,950 ;     mV ;       ; 01:04:51
   2:32'18"80 ; DC    ;  65,960 ;     mV ;       ; 01:04:51
   2:32'19"07 ; DC    ;  65,960 ;     mV ;       ; 01:04:51
   2:32'19"33 ; DC    ;  65,970 ;     mV ;       ; 01:04:52
   2:32'19"61 ; DC    ;  65,960 ;     mV ;       ; 01:04:52
   2:32'19"88 ; DC    ;  65,950 ;     mV ;       ; 01:04:52
   2:32'20"15 ; DC    ;  65,960 ;     mV ;       ; 01:04:52
   2:32'20"43 ; DC    ;  65,960 ;     mV ;       ; 01:04:53
   2:32'20"70 ; DC    ;  65,960 ;     mV ;       ; 01:04:53
   2:32'21"03 ; DC    ;  65,960 ;     mV ;       ; 01:04:53
   2:32'21"31 ; DC    ;  65,950 ;     mV ;       ; 01:04:53
   2:32'21"57 ; DC    ;  65,960 ;     mV ;       ; 01:04:54
   2:32'21"85 ; DC    ;  65,960 ;     mV ;       ; 01:04:54
   2:32'22"13 ; DC    ;  65,960 ;     mV ;       ; 01:04:54
   2:32'22"40 ; DC    ;  65,950 ;     mV ;       ; 01:04:55
   2:32'22"66 ; DC    ;  65,960 ;     mV ;       ; 01:04:55
   2:32'22"93 ; DC    ;  65,950 ;     mV ;       ; 01:04:55
   2:32'23"19 ; DC    ;  65,940 ;     mV ;       ; 01:04:55
   2:32'23"48 ; DC    ;  65,940 ;     mV ;       ; 01:04:56
   2:32'23"77 ; DC    ;  65,950 ;     mV ;       ; 01:04:56
   2:32'24"04 ; DC    ;  65,940 ;     mV ;       ; 01:04:56
   2:32'24"30 ; DC    ;  65,940 ;     mV ;       ; 01:04:56
   2:32'24"55 ; DC    ;  65,940 ;     mV ;       ; 01:04:57
   2:32'24"82 ; DC    ;  65,950 ;     mV ;       ; 01:04:57
   2:32'25"10 ; DC    ;  65,950 ;     mV ;       ; 01:04:57
   2:32'25"40 ; DC    ;  65,950 ;     mV ;       ; 01:04:58
   2:32'25"70 ; DC    ;  65,950 ;     mV ;       ; 01:04:58
   2:32'25"96 ; DC    ;  65,940 ;     mV ;       ; 01:04:58
   2:32'26"26 ; DC    ;  65,940 ;     mV ;       ; 01:04:58
   2:32'26"54 ; DC    ;  65,920 ;     mV ;       ; 01:04:59
   2:32'26"82 ; DC    ;  65,930 ;     mV ;       ; 01:04:59
   2:32'27"10 ; DC    ;  65,950 ;     mV ;       ; 01:04:59
   2:32'27"38 ; DC    ;  65,940 ;     mV ;       ; 01:05:00
   2:32'27"65 ; DC    ;  65,920 ;     mV ;       ; 01:05:00
   2:32'27"92 ; DC    ;  65,930 ;     mV ;       ; 01:05:00
   2:32'28"19 ; DC    ;  65,930 ;     mV ;       ; 01:05:00
   2:32'28"48 ; DC    ;  65,920 ;     mV ;       ; 01:05:01
   2:32'28"78 ; DC    ;  65,930 ;     mV ;       ; 01:05:01
   2:32'29"14 ; DC    ;  65,930 ;     mV ;       ; 01:05:01
   2:32'29"42 ; DC    ;  65,930 ;     mV ;       ; 01:05:02
   2:32'29"69 ; DC    ;  65,940 ;     mV ;       ; 01:05:02
   2:32'29"96 ; DC    ;  65,940 ;     mV ;       ; 01:05:02
   2:32'30"23 ; DC    ;  65,930 ;     mV ;       ; 01:05:02
   2:32'30"48 ; DC    ;  65,920 ;     mV ;       ; 01:05:03
   2:32'30"75 ; DC    ;  65,950 ;     mV ;       ; 01:05:03
   2:32'31"01 ; DC    ;  65,940 ;     mV ;       ; 01:05:03
   2:32'31"28 ; DC    ;  65,930 ;     mV ;       ; 01:05:03
   2:32'31"55 ; DC    ;  65,920 ;     mV ;       ; 01:05:04
   2:32'31"81 ; DC    ;  65,920 ;     mV ;       ; 01:05:04
   2:32'32"07 ; DC    ;  65,910 ;     mV ;       ; 01:05:04
   2:32'32"32 ; DC    ;  65,910 ;     mV ;       ; 01:05:04
   2:32'32"60 ; DC    ;  65,920 ;     mV ;       ; 01:05:05
   2:32'32"87 ; DC    ;  65,930 ;     mV ;       ; 01:05:05
   2:32'33"14 ; DC    ;  65,920 ;     mV ;       ; 01:05:05
   2:32'33"41 ; DC    ;  65,920 ;     mV ;       ; 01:05:06
   2:32'33"68 ; DC    ;  65,920 ;     mV ;       ; 01:05:06
   2:32'33"94 ; DC    ;  65,910 ;     mV ;       ; 01:05:06
   2:32'34"20 ; DC    ;  65,910 ;     mV ;       ; 01:05:06
   2:32'34"45 ; DC    ;  65,920 ;     mV ;       ; 01:05:07
   2:32'34"70 ; DC    ;  65,920 ;     mV ;       ; 01:05:07
   2:32'34"95 ; DC    ;  65,910 ;     mV ;       ; 01:05:07
   2:32'35"19 ; DC    ;  65,920 ;     mV ;       ; 01:05:07
   2:32'35"44 ; DC    ;  65,920 ;     mV ;       ; 01:05:08
   2:32'35"70 ; DC    ;  65,920 ;     mV ;       ; 01:05:08
   2:32'35"98 ; DC    ;  65,920 ;     mV ;       ; 01:05:08
   2:32'36"26 ; DC    ;  65,920 ;     mV ;       ; 01:05:08
   2:32'36"53 ; DC    ;  65,890 ;     mV ;       ; 01:05:09
   2:32'36"79 ; DC    ;  65,920 ;     mV ;       ; 01:05:09
   2:32'37"08 ; DC    ;  65,930 ;     mV ;       ; 01:05:09
   2:32'37"35 ; DC    ;  65,930 ;     mV ;       ; 01:05:10
   2:32'37"61 ; DC    ;  65,930 ;     mV ;       ; 01:05:10
   2:32'37"86 ; DC    ;  65,920 ;     mV ;       ; 01:05:10
   2:32'38"14 ; DC    ;  65,920 ;     mV ;       ; 01:05:10
   2:32'38"40 ; DC    ;  65,920 ;     mV ;       ; 01:05:11
   2:32'38"67 ; DC    ;  65,920 ;     mV ;       ; 01:05:11
   2:32'38"93 ; DC    ;  65,930 ;     mV ;       ; 01:05:11
   2:32'39"21 ; DC    ;  65,930 ;     mV ;       ; 01:05:11
   2:32'39"46 ; DC    ;  65,940 ;     mV ;       ; 01:05:12
   2:32'39"71 ; DC    ;  65,930 ;     mV ;       ; 01:05:12
   2:32'39"96 ; DC    ;  65,940 ;     mV ;       ; 01:05:12
   2:32'40"23 ; DC    ;  65,930 ;     mV ;       ; 01:05:12
   2:32'40"49 ; DC    ;  65,920 ;     mV ;       ; 01:05:13
   2:32'40"77 ; DC    ;  65,920 ;     mV ;       ; 01:05:13
   2:32'41"03 ; DC    ;  65,930 ;     mV ;       ; 01:05:13
   2:32'41"32 ; DC    ;  65,910 ;     mV ;       ; 01:05:13
   2:32'41"58 ; DC    ;  65,910 ;     mV ;       ; 01:05:14
   2:32'41"85 ; DC    ;  65,930 ;     mV ;       ; 01:05:14
   2:32'42"12 ; DC    ;  65,920 ;     mV ;       ; 01:05:14
   2:32'42"38 ; DC    ;  65,920 ;     mV ;       ; 01:05:15
   2:32'42"66 ; DC    ;  65,920 ;     mV ;       ; 01:05:15
   2:32'42"92 ; DC    ;  65,920 ;     mV ;       ; 01:05:15
   2:32'43"18 ; DC    ;  65,920 ;     mV ;       ; 01:05:15
   2:32'43"43 ; DC    ;  65,930 ;     mV ;       ; 01:05:16
   2:32'43"70 ; DC    ;  65,940 ;     mV ;       ; 01:05:16
   2:32'43"95 ; DC    ;  65,930 ;     mV ;       ; 01:05:16
   2:32'44"20 ; DC    ;  65,920 ;     mV ;       ; 01:05:16
   2:32'44"46 ; DC    ;  65,920 ;     mV ;       ; 01:05:17
   2:32'44"75 ; DC    ;  65,940 ;     mV ;       ; 01:05:17
   2:32'45"03 ; DC    ;  65,930 ;     mV ;       ; 01:05:17
   2:32'45"29 ; DC    ;  65,930 ;     mV ;       ; 01:05:17
   2:32'45"56 ; DC    ;  65,930 ;     mV ;       ; 01:05:18
   2:32'45"81 ; DC    ;  65,920 ;     mV ;       ; 01:05:18
   2:32'46"08 ; DC    ;  65,920 ;     mV ;       ; 01:05:18
   2:32'46"34 ; DC    ;  65,920 ;     mV ;       ; 01:05:19
   2:32'46"60 ; DC    ;  65,930 ;     mV ;       ; 01:05:19
   2:32'46"87 ; DC    ;  65,920 ;     mV ;       ; 01:05:19
   2:32'47"14 ; DC    ;  65,930 ;     mV ;       ; 01:05:19
   2:32'47"41 ; DC    ;  65,920 ;     mV ;       ; 01:05:20
   2:32'47"69 ; DC    ;  65,910 ;     mV ;       ; 01:05:20
   2:32'47"98 ; DC    ;  65,910 ;     mV ;       ; 01:05:20
   2:32'48"24 ; DC    ;  65,920 ;     mV ;       ; 01:05:20
   2:32'48"51 ; DC    ;  65,910 ;     mV ;       ; 01:05:21
   2:32'48"78 ; DC    ;  65,900 ;     mV ;       ; 01:05:21
   2:32'49"05 ; DC    ;  65,870 ;     mV ;       ; 01:05:21
   2:32'49"31 ; DC    ;  65,890 ;     mV ;       ; 01:05:21
   2:32'49"61 ; DC    ;  65,870 ;     mV ;       ; 01:05:22
   2:32'49"92 ; DC    ;  65,880 ;     mV ;       ; 01:05:22
   2:32'50"22 ; DC    ;  65,890 ;     mV ;       ; 01:05:22
   2:32'50"47 ; DC    ;  65,900 ;     mV ;       ; 01:05:23
   2:32'50"74 ; DC    ;  65,890 ;     mV ;       ; 01:05:23
   2:32'51"01 ; DC    ;  65,890 ;     mV ;       ; 01:05:23
   2:32'51"31 ; DC    ;  65,900 ;     mV ;       ; 01:05:23
   2:32'51"60 ; DC    ;  65,900 ;     mV ;       ; 01:05:24
   2:32'51"85 ; DC    ;  65,910 ;     mV ;       ; 01:05:24
   2:32'52"10 ; DC    ;  65,910 ;     mV ;       ; 01:05:24
   2:32'52"37 ; DC    ;  65,900 ;     mV ;       ; 01:05:25
   2:32'52"63 ; DC    ;  65,930 ;     mV ;       ; 01:05:25
   2:32'52"89 ; DC    ;  65,910 ;     mV ;       ; 01:05:25
   2:32'53"18 ; DC    ;  65,920 ;     mV ;       ; 01:05:25
   2:32'53"47 ; DC    ;  65,910 ;     mV ;       ; 01:05:26
   2:32'53"76 ; DC    ;  65,900 ;     mV ;       ; 01:05:26
   2:32'54"04 ; DC    ;  65,900 ;     mV ;       ; 01:05:26
   2:32'54"33 ; DC    ;  65,920 ;     mV ;       ; 01:05:26
   2:32'54"59 ; DC    ;  65,920 ;     mV ;       ; 01:05:27
   2:32'54"89 ; DC    ;  65,910 ;     mV ;       ; 01:05:27
   2:32'55"17 ; DC    ;  65,900 ;     mV ;       ; 01:05:27
   2:32'55"44 ; DC    ;  65,910 ;     mV ;       ; 01:05:28
   2:32'55"69 ; DC    ;  65,910 ;     mV ;       ; 01:05:28
   2:32'55"95 ; DC    ;  65,900 ;     mV ;       ; 01:05:28
   2:32'56"21 ; DC    ;  65,890 ;     mV ;       ; 01:05:28
   2:32'56"48 ; DC    ;  65,900 ;     mV ;       ; 01:05:29
   2:32'56"73 ; DC    ;  65,890 ;     mV ;       ; 01:05:29
   2:32'56"99 ; DC    ;  65,890 ;     mV ;       ; 01:05:29
   2:32'57"25 ; DC    ;  65,900 ;     mV ;       ; 01:05:29
   2:32'57"52 ; DC    ;  65,900 ;     mV ;       ; 01:05:30
   2:32'57"77 ; DC    ;  65,890 ;     mV ;       ; 01:05:30
   2:32'58"04 ; DC    ;  65,900 ;     mV ;       ; 01:05:30
   2:32'58"31 ; DC    ;  65,920 ;     mV ;       ; 01:05:30
   2:32'58"57 ; DC    ;  65,910 ;     mV ;       ; 01:05:31
   2:32'58"84 ; DC    ;  65,900 ;     mV ;       ; 01:05:31
   2:32'59"13 ; DC    ;  65,890 ;     mV ;       ; 01:05:31
   2:32'59"42 ; DC    ;  65,890 ;     mV ;       ; 01:05:32
   2:32'59"72 ; DC    ;  65,880 ;     mV ;       ; 01:05:32
   2:33'00"01 ; DC    ;  65,890 ;     mV ;       ; 01:05:32
   2:33'00"28 ; DC    ;  65,890 ;     mV ;       ; 01:05:32
   2:33'00"54 ; DC    ;  65,870 ;     mV ;       ; 01:05:33
   2:33'00"81 ; DC    ;  65,850 ;     mV ;       ; 01:05:33
   2:33'01"08 ; DC    ;  65,830 ;     mV ;       ; 01:05:33
   2:33'01"36 ; DC    ;  65,850 ;     mV ;       ; 01:05:34
   2:33'01"63 ; DC    ;  65,850 ;     mV ;       ; 01:05:34
   2:33'01"89 ; DC    ;  65,840 ;     mV ;       ; 01:05:34
   2:33'02"16 ; DC    ;  65,850 ;     mV ;       ; 01:05:34
   2:33'02"44 ; DC    ;  65,850 ;     mV ;       ; 01:05:35
   2:33'02"72 ; DC    ;  65,850 ;     mV ;       ; 01:05:35
   2:33'02"99 ; DC    ;  65,850 ;     mV ;       ; 01:05:35
   2:33'03"26 ; DC    ;  65,850 ;     mV ;       ; 01:05:35
   2:33'03"52 ; DC    ;  65,860 ;     mV ;       ; 01:05:36
   2:33'03"79 ; DC    ;  65,870 ;     mV ;       ; 01:05:36
   2:33'04"07 ; DC    ;  65,860 ;     mV ;       ; 01:05:36
   2:33'04"34 ; DC    ;  65,860 ;     mV ;       ; 01:05:37
   2:33'04"60 ; DC    ;  65,860 ;     mV ;       ; 01:05:37
   2:33'04"87 ; DC    ;  65,860 ;     mV ;       ; 01:05:37
   2:33'05"17 ; DC    ;  65,840 ;     mV ;       ; 01:05:37
   2:33'05"45 ; DC    ;  65,860 ;     mV ;       ; 01:05:38
   2:33'05"74 ; DC    ;  65,850 ;     mV ;       ; 01:05:38
   2:33'06"02 ; DC    ;  65,840 ;     mV ;       ; 01:05:38
   2:33'06"30 ; DC    ;  65,840 ;     mV ;       ; 01:05:38
   2:33'06"56 ; DC    ;  65,840 ;     mV ;       ; 01:05:39
   2:33'06"85 ; DC    ;  65,840 ;     mV ;       ; 01:05:39
   2:33'07"14 ; DC    ;  65,850 ;     mV ;       ; 01:05:39
   2:33'07"42 ; DC    ;  65,850 ;     mV ;       ; 01:05:40
   2:33'07"71 ; DC    ;  65,860 ;     mV ;       ; 01:05:40
   2:33'07"98 ; DC    ;  65,830 ;     mV ;       ; 01:05:40
   2:33'08"25 ; DC    ;  65,830 ;     mV ;       ; 01:05:40
   2:33'08"53 ; DC    ;  65,830 ;     mV ;       ; 01:05:41
   2:33'08"78 ; DC    ;  65,830 ;     mV ;       ; 01:05:41
   2:33'09"10 ; DC    ;  65,840 ;     mV ;       ; 01:05:41
   2:33'09"36 ; DC    ;  65,840 ;     mV ;       ; 01:05:42
   2:33'09"65 ; DC    ;  65,840 ;     mV ;       ; 01:05:42
   2:33'09"92 ; DC    ;  65,850 ;     mV ;       ; 01:05:42
   2:33'10"18 ; DC    ;  65,850 ;     mV ;       ; 01:05:42
   2:33'10"45 ; DC    ;  65,850 ;     mV ;       ; 01:05:43
   2:33'10"71 ; DC    ;  65,870 ;     mV ;       ; 01:05:43
   2:33'10"99 ; DC    ;  65,850 ;     mV ;       ; 01:05:43
   2:33'11"25 ; DC    ;  65,830 ;     mV ;       ; 01:05:43
   2:33'11"53 ; DC    ;  65,840 ;     mV ;       ; 01:05:44
   2:33'11"79 ; DC    ;  65,840 ;     mV ;       ; 01:05:44
   2:33'12"04 ; DC    ;  65,850 ;     mV ;       ; 01:05:44
   2:33'12"29 ; DC    ;  65,850 ;     mV ;       ; 01:05:44
   2:33'12"57 ; DC    ;  65,850 ;     mV ;       ; 01:05:45
   2:33'12"85 ; DC    ;  65,840 ;     mV ;       ; 01:05:45
   2:33'13"12 ; DC    ;  65,840 ;     mV ;       ; 01:05:45
   2:33'13"43 ; DC    ;  65,850 ;     mV ;       ; 01:05:46
   2:33'13"71 ; DC    ;  65,870 ;     mV ;       ; 01:05:46
   2:33'13"98 ; DC    ;  65,870 ;     mV ;       ; 01:05:46
   2:33'14"25 ; DC    ;  65,870 ;     mV ;       ; 01:05:46
   2:33'14"52 ; DC    ;  65,870 ;     mV ;       ; 01:05:47
   2:33'14"77 ; DC    ;  65,860 ;     mV ;       ; 01:05:47
   2:33'15"02 ; DC    ;  65,870 ;     mV ;       ; 01:05:47
   2:33'15"28 ; DC    ;  65,870 ;     mV ;       ; 01:05:47
   2:33'15"54 ; DC    ;  65,870 ;     mV ;       ; 01:05:48
   2:33'15"81 ; DC    ;  65,850 ;     mV ;       ; 01:05:48
   2:33'16"08 ; DC    ;  65,860 ;     mV ;       ; 01:05:48
   2:33'16"34 ; DC    ;  65,850 ;     mV ;       ; 01:05:49
   2:33'16"61 ; DC    ;  65,850 ;     mV ;       ; 01:05:49
   2:33'16"88 ; DC    ;  65,830 ;     mV ;       ; 01:05:49
   2:33'17"13 ; DC    ;  65,830 ;     mV ;       ; 01:05:49
   2:33'17"41 ; DC    ;  65,830 ;     mV ;       ; 01:05:50
   2:33'17"68 ; DC    ;  65,850 ;     mV ;       ; 01:05:50
   2:33'17"95 ; DC    ;  65,850 ;     mV ;       ; 01:05:50
   2:33'18"23 ; DC    ;  65,860 ;     mV ;       ; 01:05:50
   2:33'18"50 ; DC    ;  65,860 ;     mV ;       ; 01:05:51
   2:33'18"76 ; DC    ;  65,840 ;     mV ;       ; 01:05:51
   2:33'19"06 ; DC    ;  65,850 ;     mV ;       ; 01:05:51
   2:33'19"35 ; DC    ;  65,850 ;     mV ;       ; 01:05:52
   2:33'19"64 ; DC    ;  65,830 ;     mV ;       ; 01:05:52
   2:33'19"94 ; DC    ;  65,850 ;     mV ;       ; 01:05:52
   2:33'20"21 ; DC    ;  65,850 ;     mV ;       ; 01:05:52
   2:33'20"49 ; DC    ;  65,850 ;     mV ;       ; 01:05:53
   2:33'20"74 ; DC    ;  65,850 ;     mV ;       ; 01:05:53
   2:33'21"02 ; DC    ;  65,850 ;     mV ;       ; 01:05:53
   2:33'21"29 ; DC    ;  65,840 ;     mV ;       ; 01:05:53
   2:33'21"57 ; DC    ;  65,840 ;     mV ;       ; 01:05:54
   2:33'21"84 ; DC    ;  65,830 ;     mV ;       ; 01:05:54
   2:33'22"11 ; DC    ;  65,840 ;     mV ;       ; 01:05:54
   2:33'22"38 ; DC    ;  65,820 ;     mV ;       ; 01:05:55
   2:33'22"65 ; DC    ;  65,820 ;     mV ;       ; 01:05:55
   2:33'22"93 ; DC    ;  65,820 ;     mV ;       ; 01:05:55
   2:33'23"20 ; DC    ;  65,820 ;     mV ;       ; 01:05:55
   2:33'23"47 ; DC    ;  65,830 ;     mV ;       ; 01:05:56
   2:33'23"73 ; DC    ;  65,840 ;     mV ;       ; 01:05:56
   2:33'23"99 ; DC    ;  65,830 ;     mV ;       ; 01:05:56
   2:33'24"27 ; DC    ;  65,830 ;     mV ;       ; 01:05:56
   2:33'24"55 ; DC    ;  65,850 ;     mV ;       ; 01:05:57
   2:33'24"84 ; DC    ;  65,860 ;     mV ;       ; 01:05:57
   2:33'25"11 ; DC    ;  65,860 ;     mV ;       ; 01:05:57
   2:33'25"37 ; DC    ;  65,850 ;     mV ;       ; 01:05:58
   2:33'25"65 ; DC    ;  65,860 ;     mV ;       ; 01:05:58
   2:33'25"91 ; DC    ;  65,840 ;     mV ;       ; 01:05:58
   2:33'26"24 ; DC    ;  65,840 ;     mV ;       ; 01:05:58
   2:33'26"50 ; DC    ;  65,840 ;     mV ;       ; 01:05:59
   2:33'26"76 ; DC    ;  65,830 ;     mV ;       ; 01:05:59
   2:33'27"02 ; DC    ;  65,830 ;     mV ;       ; 01:05:59
   2:33'27"28 ; DC    ;  65,810 ;     mV ;       ; 01:05:59
   2:33'27"55 ; DC    ;  65,810 ;     mV ;       ; 01:06:00
   2:33'27"81 ; DC    ;  65,830 ;     mV ;       ; 01:06:00
   2:33'28"07 ; DC    ;  65,850 ;     mV ;       ; 01:06:00
   2:33'28"33 ; DC    ;  65,840 ;     mV ;       ; 01:06:00
   2:33'28"64 ; DC    ;  65,850 ;     mV ;       ; 01:06:01
   2:33'28"90 ; DC    ;  65,860 ;     mV ;       ; 01:06:01
   2:33'29"16 ; DC    ;  65,850 ;     mV ;       ; 01:06:01
   2:33'29"43 ; DC    ;  65,860 ;     mV ;       ; 01:06:02
   2:33'29"71 ; DC    ;  65,860 ;     mV ;       ; 01:06:02
   2:33'29"97 ; DC    ;  65,860 ;     mV ;       ; 01:06:02
   2:33'30"23 ; DC    ;  65,840 ;     mV ;       ; 01:06:02
   2:33'30"51 ; DC    ;  65,840 ;     mV ;       ; 01:06:03
   2:33'30"75 ; DC    ;  65,850 ;     mV ;       ; 01:06:03
   2:33'31"00 ; DC    ;  65,850 ;     mV ;       ; 01:06:03
   2:33'31"29 ; DC    ;  65,840 ;     mV ;       ; 01:06:03
   2:33'31"57 ; DC    ;  65,840 ;     mV ;       ; 01:06:04
   2:33'31"87 ; DC    ;  65,840 ;     mV ;       ; 01:06:04
   2:33'32"18 ; DC    ;  65,840 ;     mV ;       ; 01:06:04
   2:33'32"50 ; DC    ;  65,840 ;     mV ;       ; 01:06:05
   2:33'32"83 ; DC    ;  65,850 ;     mV ;       ; 01:06:05
   2:33'33"18 ; DC    ;  65,840 ;     mV ;       ; 01:06:05
   2:33'33"51 ; DC    ;  65,840 ;     mV ;       ; 01:06:06
   2:33'33"81 ; DC    ;  65,850 ;     mV ;       ; 01:06:06
   2:33'34"12 ; DC    ;  65,840 ;     mV ;       ; 01:06:06
   2:33'34"51 ; DC    ;  65,830 ;     mV ;       ; 01:06:07
   2:33'34"85 ; DC    ;  65,840 ;     mV ;       ; 01:06:07
   2:33'35"14 ; DC    ;  65,830 ;     mV ;       ; 01:06:07
   2:33'35"42 ; DC    ;  65,820 ;     mV ;       ; 01:06:08
   2:33'35"68 ; DC    ;  65,830 ;     mV ;       ; 01:06:08
   2:33'35"99 ; DC    ;  65,830 ;     mV ;       ; 01:06:08
   2:33'36"32 ; DC    ;  65,830 ;     mV ;       ; 01:06:08
   2:33'36"62 ; DC    ;  65,840 ;     mV ;       ; 01:06:09
   2:33'36"90 ; DC    ;  65,850 ;     mV ;       ; 01:06:09
   2:33'37"20 ; DC    ;  65,850 ;     mV ;       ; 01:06:09
   2:33'37"48 ; DC    ;  65,850 ;     mV ;       ; 01:06:10
   2:33'37"77 ; DC    ;  65,850 ;     mV ;       ; 01:06:10
   2:33'38"04 ; DC    ;  65,850 ;     mV ;       ; 01:06:10
   2:33'38"32 ; DC    ;  65,850 ;     mV ;       ; 01:06:10
   2:33'38"60 ; DC    ;  65,830 ;     mV ;       ; 01:06:11
   2:33'38"90 ; DC    ;  65,830 ;     mV ;       ; 01:06:11
   2:33'39"21 ; DC    ;  65,840 ;     mV ;       ; 01:06:11
   2:33'39"50 ; DC    ;  65,840 ;     mV ;       ; 01:06:12
   2:33'39"78 ; DC    ;  65,850 ;     mV ;       ; 01:06:12
   2:33'40"04 ; DC    ;  65,850 ;     mV ;       ; 01:06:12
   2:33'40"32 ; DC    ;  65,850 ;     mV ;       ; 01:06:12
   2:33'40"60 ; DC    ;  65,860 ;     mV ;       ; 01:06:13
   2:33'40"88 ; DC    ;  65,840 ;     mV ;       ; 01:06:13
   2:33'41"15 ; DC    ;  65,830 ;     mV ;       ; 01:06:13
   2:33'41"43 ; DC    ;  65,840 ;     mV ;       ; 01:06:14
   2:33'41"69 ; DC    ;  65,840 ;     mV ;       ; 01:06:14
   2:33'41"96 ; DC    ;  65,840 ;     mV ;       ; 01:06:14
   2:33'42"21 ; DC    ;  65,840 ;     mV ;       ; 01:06:14
   2:33'42"51 ; DC    ;  65,820 ;     mV ;       ; 01:06:15
   2:33'42"78 ; DC    ;  65,820 ;     mV ;       ; 01:06:15
   2:33'43"05 ; DC    ;  65,820 ;     mV ;       ; 01:06:15
   2:33'43"31 ; DC    ;  65,830 ;     mV ;       ; 01:06:15
   2:33'43"58 ; DC    ;  65,830 ;     mV ;       ; 01:06:16
   2:33'43"87 ; DC    ;  65,840 ;     mV ;       ; 01:06:16
   2:33'44"15 ; DC    ;  65,820 ;     mV ;       ; 01:06:16
   2:33'44"45 ; DC    ;  65,830 ;     mV ;       ; 01:06:17
   2:33'44"73 ; DC    ;  65,830 ;     mV ;       ; 01:06:17
   2:33'45"01 ; DC    ;  65,810 ;     mV ;       ; 01:06:17
   2:33'45"30 ; DC    ;  65,810 ;     mV ;       ; 01:06:17
   2:33'45"56 ; DC    ;  65,810 ;     mV ;       ; 01:06:18
   2:33'45"82 ; DC    ;  65,800 ;     mV ;       ; 01:06:18
   2:33'46"10 ; DC    ;  65,800 ;     mV ;       ; 01:06:18
   2:33'46"36 ; DC    ;  65,830 ;     mV ;       ; 01:06:19
   2:33'46"61 ; DC    ;  65,830 ;     mV ;       ; 01:06:19
   2:33'46"88 ; DC    ;  65,820 ;     mV ;       ; 01:06:19
   2:33'47"14 ; DC    ;  65,830 ;     mV ;       ; 01:06:19
   2:33'47"40 ; DC    ;  65,830 ;     mV ;       ; 01:06:20
   2:33'47"68 ; DC    ;  65,820 ;     mV ;       ; 01:06:20
   2:33'47"98 ; DC    ;  65,820 ;     mV ;       ; 01:06:20
   2:33'48"24 ; DC    ;  65,830 ;     mV ;       ; 01:06:20
   2:33'48"52 ; DC    ;  65,830 ;     mV ;       ; 01:06:21
   2:33'48"79 ; DC    ;  65,830 ;     mV ;       ; 01:06:21
   2:33'49"05 ; DC    ;  65,830 ;     mV ;       ; 01:06:21
   2:33'49"31 ; DC    ;  65,810 ;     mV ;       ; 01:06:21
   2:33'49"59 ; DC    ;  65,810 ;     mV ;       ; 01:06:22
   2:33'49"87 ; DC    ;  65,830 ;     mV ;       ; 01:06:22
   2:33'50"13 ; DC    ;  65,800 ;     mV ;       ; 01:06:22
   2:33'50"41 ; DC    ;  65,800 ;     mV ;       ; 01:06:23
   2:33'50"72 ; DC    ;  65,800 ;     mV ;       ; 01:06:23
   2:33'50"98 ; DC    ;  65,810 ;     mV ;       ; 01:06:23
   2:33'51"24 ; DC    ;  65,810 ;     mV ;       ; 01:06:23
   2:33'51"50 ; DC    ;  65,800 ;     mV ;       ; 01:06:24
   2:33'51"77 ; DC    ;  65,810 ;     mV ;       ; 01:06:24
   2:33'52"05 ; DC    ;  65,810 ;     mV ;       ; 01:06:24
   2:33'52"31 ; DC    ;  65,820 ;     mV ;       ; 01:06:24
   2:33'52"60 ; DC    ;  65,810 ;     mV ;       ; 01:06:25
   2:33'52"88 ; DC    ;  65,830 ;     mV ;       ; 01:06:25
   2:33'53"14 ; DC    ;  65,830 ;     mV ;       ; 01:06:25
   2:33'53"41 ; DC    ;  65,830 ;     mV ;       ; 01:06:26
   2:33'53"69 ; DC    ;  65,820 ;     mV ;       ; 01:06:26
   2:33'53"98 ; DC    ;  65,820 ;     mV ;       ; 01:06:26
   2:33'54"25 ; DC    ;  65,820 ;     mV ;       ; 01:06:26
   2:33'54"51 ; DC    ;  65,830 ;     mV ;       ; 01:06:27
   2:33'54"78 ; DC    ;  65,820 ;     mV ;       ; 01:06:27
   2:33'55"04 ; DC    ;  65,810 ;     mV ;       ; 01:06:27
   2:33'55"30 ; DC    ;  65,810 ;     mV ;       ; 01:06:27
   2:33'55"55 ; DC    ;  65,820 ;     mV ;       ; 01:06:28
   2:33'55"82 ; DC    ;  65,820 ;     mV ;       ; 01:06:28
   2:33'56"07 ; DC    ;  65,820 ;     mV ;       ; 01:06:28
   2:33'56"34 ; DC    ;  65,820 ;     mV ;       ; 01:06:29
   2:33'56"62 ; DC    ;  65,810 ;     mV ;       ; 01:06:29
   2:33'56"90 ; DC    ;  65,810 ;     mV ;       ; 01:06:29
   2:33'57"18 ; DC    ;  65,810 ;     mV ;       ; 01:06:29
   2:33'57"45 ; DC    ;  65,830 ;     mV ;       ; 01:06:30
   2:33'57"72 ; DC    ;  65,830 ;     mV ;       ; 01:06:30
   2:33'58"00 ; DC    ;  65,820 ;     mV ;       ; 01:06:30
   2:33'58"29 ; DC    ;  65,830 ;     mV ;       ; 01:06:30
   2:33'58"55 ; DC    ;  65,820 ;     mV ;       ; 01:06:31
   2:33'58"82 ; DC    ;  65,830 ;     mV ;       ; 01:06:31
   2:33'59"09 ; DC    ;  65,830 ;     mV ;       ; 01:06:31
   2:33'59"37 ; DC    ;  65,850 ;     mV ;       ; 01:06:32
   2:33'59"65 ; DC    ;  65,830 ;     mV ;       ; 01:06:32
   2:33'59"93 ; DC    ;  65,850 ;     mV ;       ; 01:06:32
   2:34'00"21 ; DC    ;  65,830 ;     mV ;       ; 01:06:32
   2:34'00"49 ; DC    ;  65,850 ;     mV ;       ; 01:06:33
   2:34'00"78 ; DC    ;  65,860 ;     mV ;       ; 01:06:33
   2:34'01"05 ; DC    ;  65,840 ;     mV ;       ; 01:06:33
   2:34'01"33 ; DC    ;  65,850 ;     mV ;       ; 01:06:34
   2:34'01"60 ; DC    ;  65,830 ;     mV ;       ; 01:06:34
   2:34'01"85 ; DC    ;  65,830 ;     mV ;       ; 01:06:34
   2:34'02"14 ; DC    ;  65,840 ;     mV ;       ; 01:06:34
   2:34'02"39 ; DC    ;  65,830 ;     mV ;       ; 01:06:35
   2:34'02"65 ; DC    ;  65,830 ;     mV ;       ; 01:06:35
   2:34'02"91 ; DC    ;  65,840 ;     mV ;       ; 01:06:35
   2:34'03"20 ; DC    ;  65,850 ;     mV ;       ; 01:06:35
   2:34'03"48 ; DC    ;  65,830 ;     mV ;       ; 01:06:36
   2:34'03"76 ; DC    ;  65,830 ;     mV ;       ; 01:06:36
   2:34'04"02 ; DC    ;  65,850 ;     mV ;       ; 01:06:36
   2:34'04"27 ; DC    ;  65,840 ;     mV ;       ; 01:06:36
   2:34'04"68 ; DC    ;  65,830 ;     mV ;       ; 01:06:37
   2:34'04"94 ; DC    ;  65,840 ;     mV ;       ; 01:06:37
   2:34'05"21 ; DC    ;  65,840 ;     mV ;       ; 01:06:37
   2:34'05"48 ; DC    ;  65,830 ;     mV ;       ; 01:06:38
   2:34'05"74 ; DC    ;  65,830 ;     mV ;       ; 01:06:38
   2:34'06"00 ; DC    ;  65,830 ;     mV ;       ; 01:06:38
   2:34'06"28 ; DC    ;  65,830 ;     mV ;       ; 01:06:38
   2:34'06"55 ; DC    ;  65,850 ;     mV ;       ; 01:06:39
   2:34'06"81 ; DC    ;  65,840 ;     mV ;       ; 01:06:39
   2:34'07"08 ; DC    ;  65,860 ;     mV ;       ; 01:06:39
   2:34'07"34 ; DC    ;  65,840 ;     mV ;       ; 01:06:40
   2:34'07"62 ; DC    ;  65,830 ;     mV ;       ; 01:06:40
   2:34'07"89 ; DC    ;  65,850 ;     mV ;       ; 01:06:40
   2:34'08"16 ; DC    ;  65,830 ;     mV ;       ; 01:06:40
   2:34'08"42 ; DC    ;  65,850 ;     mV ;       ; 01:06:41
   2:34'08"69 ; DC    ;  65,850 ;     mV ;       ; 01:06:41
   2:34'08"97 ; DC    ;  65,840 ;     mV ;       ; 01:06:41
   2:34'09"27 ; DC    ;  65,840 ;     mV ;       ; 01:06:41
   2:34'09"56 ; DC    ;  65,840 ;     mV ;       ; 01:06:42
   2:34'09"82 ; DC    ;  65,830 ;     mV ;       ; 01:06:42
   2:34'10"08 ; DC    ;  65,840 ;     mV ;       ; 01:06:42
   2:34'10"35 ; DC    ;  65,850 ;     mV ;       ; 01:06:43
   2:34'10"62 ; DC    ;  65,840 ;     mV ;       ; 01:06:43
   2:34'10"87 ; DC    ;  65,860 ;     mV ;       ; 01:06:43
   2:34'11"14 ; DC    ;  65,870 ;     mV ;       ; 01:06:43
   2:34'11"40 ; DC    ;  65,870 ;     mV ;       ; 01:06:44
   2:34'11"69 ; DC    ;  65,850 ;     mV ;       ; 01:06:44
   2:34'11"95 ; DC    ;  65,850 ;     mV ;       ; 01:06:44
   2:34'12"22 ; DC    ;  65,840 ;     mV ;       ; 01:06:44
   2:34'12"53 ; DC    ;  65,830 ;     mV ;       ; 01:06:45
   2:34'12"80 ; DC    ;  65,830 ;     mV ;       ; 01:06:45
   2:34'13"10 ; DC    ;  65,840 ;     mV ;       ; 01:06:45
   2:34'13"37 ; DC    ;  65,840 ;     mV ;       ; 01:06:46
   2:34'13"63 ; DC    ;  65,850 ;     mV ;       ; 01:06:46
   2:34'13"90 ; DC    ;  65,840 ;     mV ;       ; 01:06:46
   2:34'14"18 ; DC    ;  65,810 ;     mV ;       ; 01:06:46
   2:34'14"45 ; DC    ;  65,820 ;     mV ;       ; 01:06:47
   2:34'14"72 ; DC    ;  65,840 ;     mV ;       ; 01:06:47
   2:34'15"00 ; DC    ;  65,850 ;     mV ;       ; 01:06:47
   2:34'15"28 ; DC    ;  65,850 ;     mV ;       ; 01:06:47
   2:34'15"55 ; DC    ;  65,840 ;     mV ;       ; 01:06:48
   2:34'15"82 ; DC    ;  65,840 ;     mV ;       ; 01:06:48
   2:34'16"09 ; DC    ;  65,850 ;     mV ;       ; 01:06:48
   2:34'16"37 ; DC    ;  65,840 ;     mV ;       ; 01:06:49
   2:34'16"65 ; DC    ;  65,850 ;     mV ;       ; 01:06:49
   2:34'16"94 ; DC    ;  65,840 ;     mV ;       ; 01:06:49
   2:34'17"22 ; DC    ;  65,830 ;     mV ;       ; 01:06:49
   2:34'17"49 ; DC    ;  65,830 ;     mV ;       ; 01:06:50
   2:34'17"75 ; DC    ;  65,810 ;     mV ;       ; 01:06:50
   2:34'18"02 ; DC    ;  65,820 ;     mV ;       ; 01:06:50
   2:34'18"29 ; DC    ;  65,820 ;     mV ;       ; 01:06:50
   2:34'18"56 ; DC    ;  65,820 ;     mV ;       ; 01:06:51
   2:34'18"83 ; DC    ;  65,820 ;     mV ;       ; 01:06:51
   2:34'19"10 ; DC    ;  65,800 ;     mV ;       ; 01:06:51
   2:34'19"39 ; DC    ;  65,810 ;     mV ;       ; 01:06:52
   2:34'19"65 ; DC    ;  65,800 ;     mV ;       ; 01:06:52
   2:34'19"91 ; DC    ;  65,800 ;     mV ;       ; 01:06:52
   2:34'20"16 ; DC    ;  65,800 ;     mV ;       ; 01:06:52
   2:34'20"43 ; DC    ;  65,780 ;     mV ;       ; 01:06:53
   2:34'20"71 ; DC    ;  65,780 ;     mV ;       ; 01:06:53
   2:34'20"97 ; DC    ;  65,790 ;     mV ;       ; 01:06:53
   2:34'21"24 ; DC    ;  65,790 ;     mV ;       ; 01:06:53
   2:34'21"50 ; DC    ;  65,820 ;     mV ;       ; 01:06:54
   2:34'21"75 ; DC    ;  65,800 ;     mV ;       ; 01:06:54
   2:34'22"01 ; DC    ;  65,790 ;     mV ;       ; 01:06:54
   2:34'22"30 ; DC    ;  65,800 ;     mV ;       ; 01:06:54
   2:34'22"59 ; DC    ;  65,780 ;     mV ;       ; 01:06:55
   2:34'22"87 ; DC    ;  65,800 ;     mV ;       ; 01:06:55
   2:34'23"15 ; DC    ;  65,800 ;     mV ;       ; 01:06:55
   2:34'23"44 ; DC    ;  65,810 ;     mV ;       ; 01:06:56
   2:34'23"71 ; DC    ;  65,800 ;     mV ;       ; 01:06:56
   2:34'23"97 ; DC    ;  65,800 ;     mV ;       ; 01:06:56
   2:34'24"24 ; DC    ;  65,800 ;     mV ;       ; 01:06:56
   2:34'24"51 ; DC    ;  65,800 ;     mV ;       ; 01:06:57
   2:34'24"80 ; DC    ;  65,800 ;     mV ;       ; 01:06:57
   2:34'25"11 ; DC    ;  65,800 ;     mV ;       ; 01:06:57
   2:34'25"40 ; DC    ;  65,800 ;     mV ;       ; 01:06:58
   2:34'25"67 ; DC    ;  65,810 ;     mV ;       ; 01:06:58
   2:34'25"94 ; DC    ;  65,800 ;     mV ;       ; 01:06:58
   2:34'26"24 ; DC    ;  65,810 ;     mV ;       ; 01:06:58
   2:34'26"51 ; DC    ;  65,810 ;     mV ;       ; 01:06:59
   2:34'26"78 ; DC    ;  65,820 ;     mV ;       ; 01:06:59
   2:34'27"08 ; DC    ;  65,800 ;     mV ;       ; 01:06:59
   2:34'27"39 ; DC    ;  65,800 ;     mV ;       ; 01:07:00
   2:34'27"67 ; DC    ;  65,800 ;     mV ;       ; 01:07:00
   2:34'27"95 ; DC    ;  65,790 ;     mV ;       ; 01:07:00
   2:34'28"23 ; DC    ;  65,790 ;     mV ;       ; 01:07:00
   2:34'28"51 ; DC    ;  65,780 ;     mV ;       ; 01:07:01
   2:34'28"79 ; DC    ;  65,780 ;     mV ;       ; 01:07:01
   2:34'29"07 ; DC    ;  65,770 ;     mV ;       ; 01:07:01
   2:34'29"36 ; DC    ;  65,760 ;     mV ;       ; 01:07:02
   2:34'29"63 ; DC    ;  65,760 ;     mV ;       ; 01:07:02
   2:34'29"92 ; DC    ;  65,760 ;     mV ;       ; 01:07:02
   2:34'30"20 ; DC    ;  65,770 ;     mV ;       ; 01:07:02
   2:34'30"50 ; DC    ;  65,800 ;     mV ;       ; 01:07:03
   2:34'30"78 ; DC    ;  65,790 ;     mV ;       ; 01:07:03
   2:34'31"03 ; DC    ;  65,790 ;     mV ;       ; 01:07:03
   2:34'31"27 ; DC    ;  65,770 ;     mV ;       ; 01:07:03
   2:34'31"52 ; DC    ;  65,780 ;     mV ;       ; 01:07:04
   2:34'31"78 ; DC    ;  65,780 ;     mV ;       ; 01:07:04
   2:34'32"05 ; DC    ;  65,780 ;     mV ;       ; 01:07:04
   2:34'32"31 ; DC    ;  65,780 ;     mV ;       ; 01:07:04
   2:34'32"56 ; DC    ;  65,760 ;     mV ;       ; 01:07:05
   2:34'32"83 ; DC    ;  65,760 ;     mV ;       ; 01:07:05
   2:34'33"09 ; DC    ;  65,770 ;     mV ;       ; 01:07:05
   2:34'33"39 ; DC    ;  65,790 ;     mV ;       ; 01:07:06
   2:34'33"65 ; DC    ;  65,800 ;     mV ;       ; 01:07:06
   2:34'33"94 ; DC    ;  65,800 ;     mV ;       ; 01:07:06
   2:34'34"22 ; DC    ;  65,800 ;     mV ;       ; 01:07:06
   2:34'34"52 ; DC    ;  65,800 ;     mV ;       ; 01:07:07
   2:34'34"77 ; DC    ;  65,820 ;     mV ;       ; 01:07:07
   2:34'35"02 ; DC    ;  65,800 ;     mV ;       ; 01:07:07
   2:34'35"29 ; DC    ;  65,800 ;     mV ;       ; 01:07:07
   2:34'35"54 ; DC    ;  65,800 ;     mV ;       ; 01:07:08
   2:34'35"79 ; DC    ;  65,820 ;     mV ;       ; 01:07:08
   2:34'36"06 ; DC    ;  65,810 ;     mV ;       ; 01:07:08
   2:34'36"33 ; DC    ;  65,790 ;     mV ;       ; 01:07:08
   2:34'36"60 ; DC    ;  65,800 ;     mV ;       ; 01:07:09
   2:34'36"85 ; DC    ;  65,800 ;     mV ;       ; 01:07:09
   2:34'37"10 ; DC    ;  65,790 ;     mV ;       ; 01:07:09
   2:34'37"35 ; DC    ;  65,800 ;     mV ;       ; 01:07:10
   2:34'37"60 ; DC    ;  65,770 ;     mV ;       ; 01:07:10
   2:34'37"87 ; DC    ;  65,770 ;     mV ;       ; 01:07:10
   2:34'38"15 ; DC    ;  65,780 ;     mV ;       ; 01:07:10
   2:34'38"42 ; DC    ;  65,780 ;     mV ;       ; 01:07:11
   2:34'38"70 ; DC    ;  65,780 ;     mV ;       ; 01:07:11
   2:34'38"97 ; DC    ;  65,790 ;     mV ;       ; 01:07:11
   2:34'39"25 ; DC    ;  65,790 ;     mV ;       ; 01:07:11
   2:34'39"51 ; DC    ;  65,780 ;     mV ;       ; 01:07:12
   2:34'39"76 ; DC    ;  65,800 ;     mV ;       ; 01:07:12
   2:34'40"06 ; DC    ;  65,790 ;     mV ;       ; 01:07:12
   2:34'40"32 ; DC    ;  65,760 ;     mV ;       ; 01:07:12
   2:34'40"57 ; DC    ;  65,760 ;     mV ;       ; 01:07:13
   2:34'40"82 ; DC    ;  65,750 ;     mV ;       ; 01:07:13
   2:34'41"07 ; DC    ;  65,750 ;     mV ;       ; 01:07:13
   2:34'41"36 ; DC    ;  65,750 ;     mV ;       ; 01:07:14
   2:34'41"61 ; DC    ;  65,760 ;     mV ;       ; 01:07:14
   2:34'41"88 ; DC    ;  65,760 ;     mV ;       ; 01:07:14
   2:34'42"17 ; DC    ;  65,760 ;     mV ;       ; 01:07:14
   2:34'42"43 ; DC    ;  65,740 ;     mV ;       ; 01:07:15
   2:34'42"70 ; DC    ;  65,750 ;     mV ;       ; 01:07:15
   2:34'42"96 ; DC    ;  65,750 ;     mV ;       ; 01:07:15
   2:34'43"23 ; DC    ;  65,750 ;     mV ;       ; 01:07:15
   2:34'43"51 ; DC    ;  65,760 ;     mV ;       ; 01:07:16
   2:34'43"77 ; DC    ;  65,760 ;     mV ;       ; 01:07:16
   2:34'44"04 ; DC    ;  65,740 ;     mV ;       ; 01:07:16
   2:34'44"31 ; DC    ;  65,760 ;     mV ;       ; 01:07:16
   2:34'44"59 ; DC    ;  65,750 ;     mV ;       ; 01:07:17
   2:34'44"88 ; DC    ;  65,770 ;     mV ;       ; 01:07:17
   2:34'45"13 ; DC    ;  65,770 ;     mV ;       ; 01:07:17
   2:34'45"39 ; DC    ;  65,760 ;     mV ;       ; 01:07:18
   2:34'45"64 ; DC    ;  65,750 ;     mV ;       ; 01:07:18
   2:34'45"90 ; DC    ;  65,750 ;     mV ;       ; 01:07:18
   2:34'46"15 ; DC    ;  65,750 ;     mV ;       ; 01:07:18
   2:34'46"40 ; DC    ;  65,760 ;     mV ;       ; 01:07:19
   2:34'46"67 ; DC    ;  65,760 ;     mV ;       ; 01:07:19
   2:34'46"94 ; DC    ;  65,760 ;     mV ;       ; 01:07:19
   2:34'47"19 ; DC    ;  65,750 ;     mV ;       ; 01:07:19
   2:34'47"46 ; DC    ;  65,750 ;     mV ;       ; 01:07:20
   2:34'47"73 ; DC    ;  65,760 ;     mV ;       ; 01:07:20
   2:34'48"01 ; DC    ;  65,760 ;     mV ;       ; 01:07:20
   2:34'48"27 ; DC    ;  65,760 ;     mV ;       ; 01:07:20
   2:34'48"54 ; DC    ;  65,760 ;     mV ;       ; 01:07:21
   2:34'48"79 ; DC    ;  65,780 ;     mV ;       ; 01:07:21
   2:34'49"06 ; DC    ;  65,760 ;     mV ;       ; 01:07:21
   2:34'49"31 ; DC    ;  65,770 ;     mV ;       ; 01:07:21
   2:34'49"58 ; DC    ;  65,770 ;     mV ;       ; 01:07:22
   2:34'49"84 ; DC    ;  65,780 ;     mV ;       ; 01:07:22
   2:34'50"08 ; DC    ;  65,780 ;     mV ;       ; 01:07:22
   2:34'50"33 ; DC    ;  65,780 ;     mV ;       ; 01:07:23
   2:34'50"58 ; DC    ;  65,790 ;     mV ;       ; 01:07:23
   2:34'50"83 ; DC    ;  65,800 ;     mV ;       ; 01:07:23
   2:34'51"09 ; DC    ;  65,790 ;     mV ;       ; 01:07:23
   2:34'51"37 ; DC    ;  65,780 ;     mV ;       ; 01:07:24
   2:34'51"65 ; DC    ;  65,790 ;     mV ;       ; 01:07:24
   2:34'51"92 ; DC    ;  65,770 ;     mV ;       ; 01:07:24
   2:34'52"19 ; DC    ;  65,770 ;     mV ;       ; 01:07:24
   2:34'52"45 ; DC    ;  65,790 ;     mV ;       ; 01:07:25
   2:34'52"69 ; DC    ;  65,790 ;     mV ;       ; 01:07:25
   2:34'52"95 ; DC    ;  65,780 ;     mV ;       ; 01:07:25
   2:34'53"22 ; DC    ;  65,790 ;     mV ;       ; 01:07:25
   2:34'53"48 ; DC    ;  65,780 ;     mV ;       ; 01:07:26
   2:34'53"79 ; DC    ;  65,780 ;     mV ;       ; 01:07:26
   2:34'54"06 ; DC    ;  65,760 ;     mV ;       ; 01:07:26
   2:34'54"33 ; DC    ;  65,760 ;     mV ;       ; 01:07:26
   2:34'54"60 ; DC    ;  65,750 ;     mV ;       ; 01:07:27
   2:34'54"85 ; DC    ;  65,750 ;     mV ;       ; 01:07:27
   2:34'55"10 ; DC    ;  65,780 ;     mV ;       ; 01:07:27
   2:34'55"35 ; DC    ;  65,760 ;     mV ;       ; 01:07:28
   2:34'55"62 ; DC    ;  65,770 ;     mV ;       ; 01:07:28
   2:34'55"87 ; DC    ;  65,730 ;     mV ;       ; 01:07:28
   2:34'56"14 ; DC    ;  65,740 ;     mV ;       ; 01:07:28
   2:34'56"40 ; DC    ;  65,760 ;     mV ;       ; 01:07:29
   2:34'56"68 ; DC    ;  65,760 ;     mV ;       ; 01:07:29
   2:34'56"93 ; DC    ;  65,760 ;     mV ;       ; 01:07:29
   2:34'57"20 ; DC    ;  65,750 ;     mV ;       ; 01:07:29
   2:34'57"48 ; DC    ;  65,750 ;     mV ;       ; 01:07:30
   2:34'57"74 ; DC    ;  65,760 ;     mV ;       ; 01:07:30
   2:34'58"03 ; DC    ;  65,760 ;     mV ;       ; 01:07:30
   2:34'58"31 ; DC    ;  65,760 ;     mV ;       ; 01:07:30
   2:34'58"57 ; DC    ;  65,760 ;     mV ;       ; 01:07:31
   2:34'58"84 ; DC    ;  65,760 ;     mV ;       ; 01:07:31
   2:34'59"10 ; DC    ;  65,760 ;     mV ;       ; 01:07:31
   2:34'59"38 ; DC    ;  65,760 ;     mV ;       ; 01:07:32
   2:34'59"63 ; DC    ;  65,750 ;     mV ;       ; 01:07:32
   2:34'59"89 ; DC    ;  65,790 ;     mV ;       ; 01:07:32
   2:35'00"19 ; DC    ;  65,770 ;     mV ;       ; 01:07:32
   2:35'00"49 ; DC    ;  65,770 ;     mV ;       ; 01:07:33
   2:35'00"74 ; DC    ;  65,780 ;     mV ;       ; 01:07:33
   2:35'01"01 ; DC    ;  65,770 ;     mV ;       ; 01:07:33
   2:35'01"27 ; DC    ;  65,760 ;     mV ;       ; 01:07:33
   2:35'01"54 ; DC    ;  65,770 ;     mV ;       ; 01:07:34
   2:35'01"81 ; DC    ;  65,770 ;     mV ;       ; 01:07:34
   2:35'02"08 ; DC    ;  65,770 ;     mV ;       ; 01:07:34
   2:35'02"37 ; DC    ;  65,760 ;     mV ;       ; 01:07:35
   2:35'02"64 ; DC    ;  65,760 ;     mV ;       ; 01:07:35
   2:35'02"95 ; DC    ;  65,750 ;     mV ;       ; 01:07:35
   2:35'03"23 ; DC    ;  65,780 ;     mV ;       ; 01:07:35
   2:35'03"53 ; DC    ;  65,790 ;     mV ;       ; 01:07:36
   2:35'03"81 ; DC    ;  65,780 ;     mV ;       ; 01:07:36
   2:35'04"10 ; DC    ;  65,760 ;     mV ;       ; 01:07:36
   2:35'04"39 ; DC    ;  65,750 ;     mV ;       ; 01:07:37
   2:35'04"67 ; DC    ;  65,760 ;     mV ;       ; 01:07:37
   2:35'04"93 ; DC    ;  65,750 ;     mV ;       ; 01:07:37
   2:35'05"21 ; DC    ;  65,750 ;     mV ;       ; 01:07:37
   2:35'05"50 ; DC    ;  65,760 ;     mV ;       ; 01:07:38
   2:35'05"78 ; DC    ;  65,750 ;     mV ;       ; 01:07:38
   2:35'06"08 ; DC    ;  65,750 ;     mV ;       ; 01:07:38
   2:35'06"37 ; DC    ;  65,750 ;     mV ;       ; 01:07:39
   2:35'06"67 ; DC    ;  65,750 ;     mV ;       ; 01:07:39
   2:35'06"93 ; DC    ;  65,750 ;     mV ;       ; 01:07:39
   2:35'07"24 ; DC    ;  65,760 ;     mV ;       ; 01:07:39
   2:35'07"49 ; DC    ;  65,760 ;     mV ;       ; 01:07:40
   2:35'07"80 ; DC    ;  65,760 ;     mV ;       ; 01:07:40
   2:35'08"07 ; DC    ;  65,760 ;     mV ;       ; 01:07:40
   2:35'08"32 ; DC    ;  65,760 ;     mV ;       ; 01:07:40
   2:35'08"58 ; DC    ;  65,760 ;     mV ;       ; 01:07:41
   2:35'08"84 ; DC    ;  65,760 ;     mV ;       ; 01:07:41
   2:35'09"10 ; DC    ;  65,760 ;     mV ;       ; 01:07:41
   2:35'09"39 ; DC    ;  65,750 ;     mV ;       ; 01:07:42
   2:35'09"65 ; DC    ;  65,750 ;     mV ;       ; 01:07:42
   2:35'09"92 ; DC    ;  65,740 ;     mV ;       ; 01:07:42
   2:35'10"17 ; DC    ;  65,740 ;     mV ;       ; 01:07:42
   2:35'10"45 ; DC    ;  65,740 ;     mV ;       ; 01:07:43
   2:35'10"72 ; DC    ;  65,750 ;     mV ;       ; 01:07:43
   2:35'11"00 ; DC    ;  65,740 ;     mV ;       ; 01:07:43
   2:35'11"25 ; DC    ;  65,740 ;     mV ;       ; 01:07:43
   2:35'11"52 ; DC    ;  65,740 ;     mV ;       ; 01:07:44
   2:35'11"78 ; DC    ;  65,740 ;     mV ;       ; 01:07:44
   2:35'12"05 ; DC    ;  65,740 ;     mV ;       ; 01:07:44
   2:35'12"33 ; DC    ;  65,740 ;     mV ;       ; 01:07:44
   2:35'12"61 ; DC    ;  65,750 ;     mV ;       ; 01:07:45
   2:35'12"89 ; DC    ;  65,750 ;     mV ;       ; 01:07:45
   2:35'13"22 ; DC    ;  65,750 ;     mV ;       ; 01:07:45
   2:35'13"52 ; DC    ;  65,740 ;     mV ;       ; 01:07:46
   2:35'13"78 ; DC    ;  65,740 ;     mV ;       ; 01:07:46
   2:35'14"04 ; DC    ;  65,730 ;     mV ;       ; 01:07:46
   2:35'14"29 ; DC    ;  65,730 ;     mV ;       ; 01:07:46
   2:35'14"54 ; DC    ;  65,740 ;     mV ;       ; 01:07:47
   2:35'14"81 ; DC    ;  65,740 ;     mV ;       ; 01:07:47
   2:35'15"07 ; DC    ;  65,730 ;     mV ;       ; 01:07:47
   2:35'15"34 ; DC    ;  65,750 ;     mV ;       ; 01:07:48
   2:35'15"60 ; DC    ;  65,750 ;     mV ;       ; 01:07:48
   2:35'15"87 ; DC    ;  65,750 ;     mV ;       ; 01:07:48
   2:35'16"14 ; DC    ;  65,750 ;     mV ;       ; 01:07:48
   2:35'16"40 ; DC    ;  65,750 ;     mV ;       ; 01:07:49
   2:35'16"67 ; DC    ;  65,750 ;     mV ;       ; 01:07:49
   2:35'16"97 ; DC    ;  65,740 ;     mV ;       ; 01:07:49
   2:35'17"27 ; DC    ;  65,750 ;     mV ;       ; 01:07:49
   2:35'17"54 ; DC    ;  65,750 ;     mV ;       ; 01:07:50
   2:35'17"81 ; DC    ;  65,740 ;     mV ;       ; 01:07:50
   2:35'18"09 ; DC    ;  65,750 ;     mV ;       ; 01:07:50
   2:35'18"35 ; DC    ;  65,750 ;     mV ;       ; 01:07:51
   2:35'18"60 ; DC    ;  65,750 ;     mV ;       ; 01:07:51
   2:35'18"85 ; DC    ;  65,750 ;     mV ;       ; 01:07:51
   2:35'19"13 ; DC    ;  65,750 ;     mV ;       ; 01:07:51
   2:35'19"40 ; DC    ;  65,750 ;     mV ;       ; 01:07:52
   2:35'19"68 ; DC    ;  65,750 ;     mV ;       ; 01:07:52
   2:35'19"96 ; DC    ;  65,770 ;     mV ;       ; 01:07:52
   2:35'20"25 ; DC    ;  65,760 ;     mV ;       ; 01:07:52
   2:35'20"52 ; DC    ;  65,760 ;     mV ;       ; 01:07:53
   2:35'20"82 ; DC    ;  65,780 ;     mV ;       ; 01:07:53
   2:35'21"08 ; DC    ;  65,780 ;     mV ;       ; 01:07:53
   2:35'21"35 ; DC    ;  65,780 ;     mV ;       ; 01:07:54
   2:35'21"62 ; DC    ;  65,750 ;     mV ;       ; 01:07:54
   2:35'21"91 ; DC    ;  65,740 ;     mV ;       ; 01:07:54
   2:35'22"18 ; DC    ;  65,740 ;     mV ;       ; 01:07:54
   2:35'22"46 ; DC    ;  65,750 ;     mV ;       ; 01:07:55
   2:35'22"72 ; DC    ;  65,750 ;     mV ;       ; 01:07:55
   2:35'22"97 ; DC    ;  65,780 ;     mV ;       ; 01:07:55
   2:35'23"24 ; DC    ;  65,770 ;     mV ;       ; 01:07:55
   2:35'23"49 ; DC    ;  65,760 ;     mV ;       ; 01:07:56
   2:35'23"74 ; DC    ;  65,770 ;     mV ;       ; 01:07:56
   2:35'24"00 ; DC    ;  65,770 ;     mV ;       ; 01:07:56
   2:35'24"27 ; DC    ;  65,770 ;     mV ;       ; 01:07:56
   2:35'24"52 ; DC    ;  65,770 ;     mV ;       ; 01:07:57
   2:35'24"77 ; DC    ;  65,790 ;     mV ;       ; 01:07:57
   2:35'25"03 ; DC    ;  65,780 ;     mV ;       ; 01:07:57
   2:35'25"28 ; DC    ;  65,770 ;     mV ;       ; 01:07:57
   2:35'25"54 ; DC    ;  65,770 ;     mV ;       ; 01:07:58
   2:35'25"78 ; DC    ;  65,770 ;     mV ;       ; 01:07:58
   2:35'26"06 ; DC    ;  65,770 ;     mV ;       ; 01:07:58
   2:35'26"33 ; DC    ;  65,770 ;     mV ;       ; 01:07:59
   2:35'26"62 ; DC    ;  65,770 ;     mV ;       ; 01:07:59
   2:35'26"90 ; DC    ;  65,770 ;     mV ;       ; 01:07:59
   2:35'27"19 ; DC    ;  65,780 ;     mV ;       ; 01:07:59
   2:35'27"49 ; DC    ;  65,790 ;     mV ;       ; 01:08:00
   2:35'27"76 ; DC    ;  65,800 ;     mV ;       ; 01:08:00
   2:35'28"04 ; DC    ;  65,770 ;     mV ;       ; 01:08:00
   2:35'28"31 ; DC    ;  65,780 ;     mV ;       ; 01:08:00
   2:35'28"57 ; DC    ;  65,770 ;     mV ;       ; 01:08:01
   2:35'28"85 ; DC    ;  65,770 ;     mV ;       ; 01:08:01
   2:35'29"12 ; DC    ;  65,770 ;     mV ;       ; 01:08:01
   2:35'29"36 ; DC    ;  65,780 ;     mV ;       ; 01:08:02
   2:35'29"61 ; DC    ;  65,780 ;     mV ;       ; 01:08:02
   2:35'29"90 ; DC    ;  65,760 ;     mV ;       ; 01:08:02
   2:35'30"18 ; DC    ;  65,770 ;     mV ;       ; 01:08:02
   2:35'30"45 ; DC    ;  65,780 ;     mV ;       ; 01:08:03
   2:35'30"72 ; DC    ;  65,760 ;     mV ;       ; 01:08:03
   2:35'31"00 ; DC    ;  65,750 ;     mV ;       ; 01:08:03
   2:35'31"27 ; DC    ;  65,770 ;     mV ;       ; 01:08:03
   2:35'31"54 ; DC    ;  65,780 ;     mV ;       ; 01:08:04
   2:35'31"81 ; DC    ;  65,780 ;     mV ;       ; 01:08:04
   2:35'32"08 ; DC    ;  65,770 ;     mV ;       ; 01:08:04
   2:35'32"35 ; DC    ;  65,770 ;     mV ;       ; 01:08:05
   2:35'32"62 ; DC    ;  65,770 ;     mV ;       ; 01:08:05
   2:35'32"89 ; DC    ;  65,790 ;     mV ;       ; 01:08:05
   2:35'33"17 ; DC    ;  65,780 ;     mV ;       ; 01:08:05
   2:35'33"43 ; DC    ;  65,790 ;     mV ;       ; 01:08:06
   2:35'33"71 ; DC    ;  65,790 ;     mV ;       ; 01:08:06
   2:35'33"96 ; DC    ;  65,780 ;     mV ;       ; 01:08:06
   2:35'34"23 ; DC    ;  65,780 ;     mV ;       ; 01:08:06
   2:35'34"50 ; DC    ;  65,780 ;     mV ;       ; 01:08:07
   2:35'34"77 ; DC    ;  65,780 ;     mV ;       ; 01:08:07
   2:35'35"02 ; DC    ;  65,790 ;     mV ;       ; 01:08:07
   2:35'35"29 ; DC    ;  65,800 ;     mV ;       ; 01:08:07
   2:35'35"56 ; DC    ;  65,790 ;     mV ;       ; 01:08:08
   2:35'35"85 ; DC    ;  65,790 ;     mV ;       ; 01:08:08
   2:35'36"12 ; DC    ;  65,780 ;     mV ;       ; 01:08:08
   2:35'36"40 ; DC    ;  65,770 ;     mV ;       ; 01:08:09
   2:35'36"68 ; DC    ;  65,780 ;     mV ;       ; 01:08:09
   2:35'36"94 ; DC    ;  65,770 ;     mV ;       ; 01:08:09
   2:35'37"22 ; DC    ;  65,770 ;     mV ;       ; 01:08:09
   2:35'37"49 ; DC    ;  65,770 ;     mV ;       ; 01:08:10
   2:35'37"76 ; DC    ;  65,770 ;     mV ;       ; 01:08:10
   2:35'38"05 ; DC    ;  65,770 ;     mV ;       ; 01:08:10
   2:35'38"33 ; DC    ;  65,780 ;     mV ;       ; 01:08:11
   2:35'38"63 ; DC    ;  65,780 ;     mV ;       ; 01:08:11
   2:35'38"89 ; DC    ;  65,770 ;     mV ;       ; 01:08:11
   2:35'39"16 ; DC    ;  65,780 ;     mV ;       ; 01:08:11
   2:35'39"46 ; DC    ;  65,780 ;     mV ;       ; 01:08:12
   2:35'39"74 ; DC    ;  65,770 ;     mV ;       ; 01:08:12
   2:35'40"03 ; DC    ;  65,780 ;     mV ;       ; 01:08:12
   2:35'40"33 ; DC    ;  65,770 ;     mV ;       ; 01:08:12
   2:35'40"60 ; DC    ;  65,740 ;     mV ;       ; 01:08:13
   2:35'40"89 ; DC    ;  65,780 ;     mV ;       ; 01:08:13
   2:35'41"16 ; DC    ;  65,770 ;     mV ;       ; 01:08:13
   2:35'41"46 ; DC    ;  65,770 ;     mV ;       ; 01:08:14
   2:35'41"72 ; DC    ;  65,780 ;     mV ;       ; 01:08:14
   2:35'42"03 ; DC    ;  65,780 ;     mV ;       ; 01:08:14
   2:35'42"29 ; DC    ;  65,790 ;     mV ;       ; 01:08:14
   2:35'42"58 ; DC    ;  65,790 ;     mV ;       ; 01:08:15
   2:35'42"86 ; DC    ;  65,790 ;     mV ;       ; 01:08:15
   2:35'43"13 ; DC    ;  65,780 ;     mV ;       ; 01:08:15
   2:35'43"42 ; DC    ;  65,790 ;     mV ;       ; 01:08:16
   2:35'43"70 ; DC    ;  65,770 ;     mV ;       ; 01:08:16
   2:35'43"98 ; DC    ;  65,780 ;     mV ;       ; 01:08:16
   2:35'44"26 ; DC    ;  65,780 ;     mV ;       ; 01:08:16
   2:35'44"57 ; DC    ;  65,750 ;     mV ;       ; 01:08:17
   2:35'44"83 ; DC    ;  65,790 ;     mV ;       ; 01:08:17
   2:35'45"14 ; DC    ;  65,780 ;     mV ;       ; 01:08:17
   2:35'45"41 ; DC    ;  65,800 ;     mV ;       ; 01:08:18
   2:35'45"69 ; DC    ;  65,810 ;     mV ;       ; 01:08:18
   2:35'45"94 ; DC    ;  65,790 ;     mV ;       ; 01:08:18
   2:35'46"21 ; DC    ;  65,800 ;     mV ;       ; 01:08:18
   2:35'46"55 ; DC    ;  65,800 ;     mV ;       ; 01:08:19
   2:35'46"85 ; DC    ;  65,800 ;     mV ;       ; 01:08:19
   2:35'47"13 ; DC    ;  65,790 ;     mV ;       ; 01:08:19
   2:35'47"38 ; DC    ;  65,790 ;     mV ;       ; 01:08:20
   2:35'47"64 ; DC    ;  65,790 ;     mV ;       ; 01:08:20
   2:35'47"90 ; DC    ;  65,780 ;     mV ;       ; 01:08:20
   2:35'48"16 ; DC    ;  65,790 ;     mV ;       ; 01:08:20
   2:35'48"43 ; DC    ;  65,800 ;     mV ;       ; 01:08:21
   2:35'48"70 ; DC    ;  65,810 ;     mV ;       ; 01:08:21
   2:35'48"96 ; DC    ;  65,790 ;     mV ;       ; 01:08:21
   2:35'49"22 ; DC    ;  65,800 ;     mV ;       ; 01:08:21
   2:35'49"49 ; DC    ;  65,780 ;     mV ;       ; 01:08:22
   2:35'49"76 ; DC    ;  65,780 ;     mV ;       ; 01:08:22
   2:35'50"05 ; DC    ;  65,770 ;     mV ;       ; 01:08:22
   2:35'50"33 ; DC    ;  65,770 ;     mV ;       ; 01:08:22
   2:35'50"59 ; DC    ;  65,780 ;     mV ;       ; 01:08:23
   2:35'50"85 ; DC    ;  65,770 ;     mV ;       ; 01:08:23
   2:35'51"11 ; DC    ;  65,770 ;     mV ;       ; 01:08:23
   2:35'51"39 ; DC    ;  65,780 ;     mV ;       ; 01:08:24
   2:35'51"64 ; DC    ;  65,780 ;     mV ;       ; 01:08:24
   2:35'51"94 ; DC    ;  65,770 ;     mV ;       ; 01:08:24
   2:35'52"23 ; DC    ;  65,770 ;     mV ;       ; 01:08:24
   2:35'52"51 ; DC    ;  65,770 ;     mV ;       ; 01:08:25
   2:35'52"81 ; DC    ;  65,770 ;     mV ;       ; 01:08:25
   2:35'53"07 ; DC    ;  65,770 ;     mV ;       ; 01:08:25
   2:35'53"36 ; DC    ;  65,760 ;     mV ;       ; 01:08:26
   2:35'53"67 ; DC    ;  65,740 ;     mV ;       ; 01:08:26
   2:35'53"98 ; DC    ;  65,750 ;     mV ;       ; 01:08:26
   2:35'54"26 ; DC    ;  65,760 ;     mV ;       ; 01:08:26
   2:35'54"55 ; DC    ;  65,760 ;     mV ;       ; 01:08:27
   2:35'54"82 ; DC    ;  65,750 ;     mV ;       ; 01:08:27
   2:35'55"09 ; DC    ;  65,770 ;     mV ;       ; 01:08:27
   2:35'55"35 ; DC    ;  65,790 ;     mV ;       ; 01:08:28
   2:35'55"61 ; DC    ;  65,760 ;     mV ;       ; 01:08:28
   2:35'55"90 ; DC    ;  65,750 ;     mV ;       ; 01:08:28
   2:35'56"16 ; DC    ;  65,760 ;     mV ;       ; 01:08:28
   2:35'56"44 ; DC    ;  65,780 ;     mV ;       ; 01:08:29
   2:35'56"72 ; DC    ;  65,790 ;     mV ;       ; 01:08:29
   2:35'56"99 ; DC    ;  65,780 ;     mV ;       ; 01:08:29
   2:35'57"25 ; DC    ;  65,780 ;     mV ;       ; 01:08:29
   2:35'57"52 ; DC    ;  65,760 ;     mV ;       ; 01:08:30
   2:35'57"79 ; DC    ;  65,780 ;     mV ;       ; 01:08:30
   2:35'58"06 ; DC    ;  65,760 ;     mV ;       ; 01:08:30
   2:35'58"33 ; DC    ;  65,750 ;     mV ;       ; 01:08:30
   2:35'58"61 ; DC    ;  65,740 ;     mV ;       ; 01:08:31
   2:35'58"87 ; DC    ;  65,740 ;     mV ;       ; 01:08:31
   2:35'59"17 ; DC    ;  65,740 ;     mV ;       ; 01:08:31
   2:35'59"45 ; DC    ;  65,740 ;     mV ;       ; 01:08:32
   2:35'59"79 ; DC    ;  65,750 ;     mV ;       ; 01:08:32
   2:36'00"09 ; DC    ;  65,740 ;     mV ;       ; 01:08:32
   2:36'00"36 ; DC    ;  65,760 ;     mV ;       ; 01:08:33
   2:36'00"63 ; DC    ;  65,760 ;     mV ;       ; 01:08:33
   2:36'00"90 ; DC    ;  65,730 ;     mV ;       ; 01:08:33
   2:36'01"20 ; DC    ;  65,730 ;     mV ;       ; 01:08:33
   2:36'01"48 ; DC    ;  65,760 ;     mV ;       ; 01:08:34
   2:36'01"75 ; DC    ;  65,760 ;     mV ;       ; 01:08:34
   2:36'02"01 ; DC    ;  65,760 ;     mV ;       ; 01:08:34
   2:36'02"28 ; DC    ;  65,770 ;     mV ;       ; 01:08:34
   2:36'02"53 ; DC    ;  65,770 ;     mV ;       ; 01:08:35
   2:36'02"79 ; DC    ;  65,790 ;     mV ;       ; 01:08:35
   2:36'03"04 ; DC    ;  65,800 ;     mV ;       ; 01:08:35
   2:36'03"30 ; DC    ;  65,780 ;     mV ;       ; 01:08:35
   2:36'03"56 ; DC    ;  65,780 ;     mV ;       ; 01:08:36
   2:36'03"82 ; DC    ;  65,780 ;     mV ;       ; 01:08:36
   2:36'04"07 ; DC    ;  65,790 ;     mV ;       ; 01:08:36
   2:36'04"33 ; DC    ;  65,770 ;     mV ;       ; 01:08:36
   2:36'04"60 ; DC    ;  65,770 ;     mV ;       ; 01:08:37
   2:36'04"86 ; DC    ;  65,750 ;     mV ;       ; 01:08:37
   2:36'05"12 ; DC    ;  65,740 ;     mV ;       ; 01:08:37
   2:36'05"39 ; DC    ;  65,740 ;     mV ;       ; 01:08:38
   2:36'05"65 ; DC    ;  65,760 ;     mV ;       ; 01:08:38
   2:36'05"92 ; DC    ;  65,760 ;     mV ;       ; 01:08:38
   2:36'06"18 ; DC    ;  65,780 ;     mV ;       ; 01:08:38
   2:36'06"45 ; DC    ;  65,780 ;     mV ;       ; 01:08:39
   2:36'06"71 ; DC    ;  65,770 ;     mV ;       ; 01:08:39
   2:36'06"99 ; DC    ;  65,790 ;     mV ;       ; 01:08:39
   2:36'07"24 ; DC    ;  65,760 ;     mV ;       ; 01:08:39
   2:36'07"52 ; DC    ;  65,770 ;     mV ;       ; 01:08:40
   2:36'07"80 ; DC    ;  65,770 ;     mV ;       ; 01:08:40
   2:36'08"06 ; DC    ;  65,800 ;     mV ;       ; 01:08:40
   2:36'08"31 ; DC    ;  65,800 ;     mV ;       ; 01:08:40
   2:36'08"59 ; DC    ;  65,790 ;     mV ;       ; 01:08:41
   2:36'08"87 ; DC    ;  65,780 ;     mV ;       ; 01:08:41
   2:36'09"13 ; DC    ;  65,800 ;     mV ;       ; 01:08:41
   2:36'09"38 ; DC    ;  65,790 ;     mV ;       ; 01:08:42
   2:36'09"63 ; DC    ;  65,800 ;     mV ;       ; 01:08:42
   2:36'09"88 ; DC    ;  65,780 ;     mV ;       ; 01:08:42
   2:36'10"17 ; DC    ;  65,780 ;     mV ;       ; 01:08:42
   2:36'10"45 ; DC    ;  65,780 ;     mV ;       ; 01:08:43
   2:36'10"72 ; DC    ;  65,770 ;     mV ;       ; 01:08:43
   2:36'10"98 ; DC    ;  65,770 ;     mV ;       ; 01:08:43
   2:36'11"26 ; DC    ;  65,760 ;     mV ;       ; 01:08:43
   2:36'11"55 ; DC    ;  65,760 ;     mV ;       ; 01:08:44
   2:36'11"82 ; DC    ;  65,790 ;     mV ;       ; 01:08:44
   2:36'12"09 ; DC    ;  65,770 ;     mV ;       ; 01:08:44
   2:36'12"34 ; DC    ;  65,770 ;     mV ;       ; 01:08:45
   2:36'12"60 ; DC    ;  65,780 ;     mV ;       ; 01:08:45
   2:36'12"85 ; DC    ;  65,780 ;     mV ;       ; 01:08:45
   2:36'13"11 ; DC    ;  65,790 ;     mV ;       ; 01:08:45
   2:36'13"37 ; DC    ;  65,780 ;     mV ;       ; 01:08:46
   2:36'13"65 ; DC    ;  65,780 ;     mV ;       ; 01:08:46
   2:36'13"90 ; DC    ;  65,770 ;     mV ;       ; 01:08:46
   2:36'14"19 ; DC    ;  65,770 ;     mV ;       ; 01:08:46
   2:36'14"46 ; DC    ;  65,770 ;     mV ;       ; 01:08:47
   2:36'14"75 ; DC    ;  65,770 ;     mV ;       ; 01:08:47
   2:36'15"01 ; DC    ;  65,760 ;     mV ;       ; 01:08:47
   2:36'15"27 ; DC    ;  65,760 ;     mV ;       ; 01:08:47
   2:36'15"52 ; DC    ;  65,770 ;     mV ;       ; 01:08:48
   2:36'15"77 ; DC    ;  65,780 ;     mV ;       ; 01:08:48
   2:36'16"03 ; DC    ;  65,760 ;     mV ;       ; 01:08:48
   2:36'16"30 ; DC    ;  65,750 ;     mV ;       ; 01:08:48
   2:36'16"55 ; DC    ;  65,760 ;     mV ;       ; 01:08:49
   2:36'16"81 ; DC    ;  65,760 ;     mV ;       ; 01:08:49
   2:36'17"07 ; DC    ;  65,760 ;     mV ;       ; 01:08:49
   2:36'17"34 ; DC    ;  65,770 ;     mV ;       ; 01:08:50
   2:36'17"59 ; DC    ;  65,780 ;     mV ;       ; 01:08:50
   2:36'17"84 ; DC    ;  65,770 ;     mV ;       ; 01:08:50
   2:36'18"08 ; DC    ;  65,780 ;     mV ;       ; 01:08:50
   2:36'18"34 ; DC    ;  65,780 ;     mV ;       ; 01:08:51
   2:36'18"60 ; DC    ;  65,750 ;     mV ;       ; 01:08:51
   2:36'18"89 ; DC    ;  65,750 ;     mV ;       ; 01:08:51
   2:36'19"15 ; DC    ;  65,750 ;     mV ;       ; 01:08:51
   2:36'19"46 ; DC    ;  65,750 ;     mV ;       ; 01:08:52
   2:36'19"73 ; DC    ;  65,760 ;     mV ;       ; 01:08:52
   2:36'20"00 ; DC    ;  65,770 ;     mV ;       ; 01:08:52
   2:36'20"26 ; DC    ;  65,760 ;     mV ;       ; 01:08:52
   2:36'20"54 ; DC    ;  65,760 ;     mV ;       ; 01:08:53
   2:36'20"80 ; DC    ;  65,770 ;     mV ;       ; 01:08:53
   2:36'21"08 ; DC    ;  65,760 ;     mV ;       ; 01:08:53
   2:36'21"35 ; DC    ;  65,760 ;     mV ;       ; 01:08:54
   2:36'21"63 ; DC    ;  65,760 ;     mV ;       ; 01:08:54
   2:36'21"91 ; DC    ;  65,760 ;     mV ;       ; 01:08:54
   2:36'22"17 ; DC    ;  65,760 ;     mV ;       ; 01:08:54
   2:36'22"43 ; DC    ;  65,750 ;     mV ;       ; 01:08:55
   2:36'22"68 ; DC    ;  65,760 ;     mV ;       ; 01:08:55
   2:36'22"93 ; DC    ;  65,760 ;     mV ;       ; 01:08:55
   2:36'23"19 ; DC    ;  65,760 ;     mV ;       ; 01:08:55
   2:36'23"45 ; DC    ;  65,760 ;     mV ;       ; 01:08:56
   2:36'23"73 ; DC    ;  65,750 ;     mV ;       ; 01:08:56
   2:36'24"00 ; DC    ;  65,750 ;     mV ;       ; 01:08:56
   2:36'24"25 ; DC    ;  65,770 ;     mV ;       ; 01:08:56
   2:36'24"56 ; DC    ;  65,770 ;     mV ;       ; 01:08:57
   2:36'24"82 ; DC    ;  65,770 ;     mV ;       ; 01:08:57
   2:36'25"10 ; DC    ;  65,760 ;     mV ;       ; 01:08:57
   2:36'25"36 ; DC    ;  65,760 ;     mV ;       ; 01:08:58
   2:36'25"63 ; DC    ;  65,770 ;     mV ;       ; 01:08:58
   2:36'25"89 ; DC    ;  65,750 ;     mV ;       ; 01:08:58
   2:36'26"16 ; DC    ;  65,750 ;     mV ;       ; 01:08:58
   2:36'26"42 ; DC    ;  65,740 ;     mV ;       ; 01:08:59
   2:36'26"67 ; DC    ;  65,740 ;     mV ;       ; 01:08:59
   2:36'26"93 ; DC    ;  65,740 ;     mV ;       ; 01:08:59
   2:36'27"18 ; DC    ;  65,730 ;     mV ;       ; 01:08:59
   2:36'27"44 ; DC    ;  65,720 ;     mV ;       ; 01:09:00
   2:36'27"70 ; DC    ;  65,720 ;     mV ;       ; 01:09:00
   2:36'27"95 ; DC    ;  65,730 ;     mV ;       ; 01:09:00
   2:36'28"22 ; DC    ;  65,730 ;     mV ;       ; 01:09:00
   2:36'28"48 ; DC    ;  65,730 ;     mV ;       ; 01:09:01
   2:36'28"74 ; DC    ;  65,730 ;     mV ;       ; 01:09:01
   2:36'28"99 ; DC    ;  65,730 ;     mV ;       ; 01:09:01
   2:36'29"24 ; DC    ;  65,730 ;     mV ;       ; 01:09:01
   2:36'29"49 ; DC    ;  65,740 ;     mV ;       ; 01:09:02
   2:36'29"77 ; DC    ;  65,740 ;     mV ;       ; 01:09:02
   2:36'30"02 ; DC    ;  65,740 ;     mV ;       ; 01:09:02
   2:36'30"31 ; DC    ;  65,740 ;     mV ;       ; 01:09:02
   2:36'30"57 ; DC    ;  65,740 ;     mV ;       ; 01:09:03
   2:36'30"84 ; DC    ;  65,740 ;     mV ;       ; 01:09:03
   2:36'31"14 ; DC    ;  65,740 ;     mV ;       ; 01:09:03
   2:36'31"38 ; DC    ;  65,720 ;     mV ;       ; 01:09:04
   2:36'31"63 ; DC    ;  65,730 ;     mV ;       ; 01:09:04
   2:36'31"88 ; DC    ;  65,740 ;     mV ;       ; 01:09:04
   2:36'32"14 ; DC    ;  65,740 ;     mV ;       ; 01:09:04
   2:36'32"40 ; DC    ;  65,750 ;     mV ;       ; 01:09:05
   2:36'32"67 ; DC    ;  65,760 ;     mV ;       ; 01:09:05
   2:36'32"93 ; DC    ;  65,760 ;     mV ;       ; 01:09:05
   2:36'33"18 ; DC    ;  65,730 ;     mV ;       ; 01:09:05
   2:36'33"44 ; DC    ;  65,730 ;     mV ;       ; 01:09:06
   2:36'33"70 ; DC    ;  65,740 ;     mV ;       ; 01:09:06
   2:36'33"97 ; DC    ;  65,730 ;     mV ;       ; 01:09:06
   2:36'34"25 ; DC    ;  65,730 ;     mV ;       ; 01:09:06
   2:36'34"50 ; DC    ;  65,740 ;     mV ;       ; 01:09:07
   2:36'34"77 ; DC    ;  65,740 ;     mV ;       ; 01:09:07
   2:36'35"02 ; DC    ;  65,740 ;     mV ;       ; 01:09:07
   2:36'35"29 ; DC    ;  65,730 ;     mV ;       ; 01:09:07
   2:36'35"56 ; DC    ;  65,730 ;     mV ;       ; 01:09:08
   2:36'35"84 ; DC    ;  65,730 ;     mV ;       ; 01:09:08
   2:36'36"10 ; DC    ;  65,740 ;     mV ;       ; 01:09:08
   2:36'36"35 ; DC    ;  65,730 ;     mV ;       ; 01:09:09
   2:36'36"62 ; DC    ;  65,720 ;     mV ;       ; 01:09:09
   2:36'36"89 ; DC    ;  65,740 ;     mV ;       ; 01:09:09
   2:36'37"16 ; DC    ;  65,740 ;     mV ;       ; 01:09:09
   2:36'37"44 ; DC    ;  65,730 ;     mV ;       ; 01:09:10
   2:36'37"70 ; DC    ;  65,730 ;     mV ;       ; 01:09:10
   2:36'37"96 ; DC    ;  65,710 ;     mV ;       ; 01:09:10
   2:36'38"23 ; DC    ;  65,730 ;     mV ;       ; 01:09:10
   2:36'38"49 ; DC    ;  65,720 ;     mV ;       ; 01:09:11
   2:36'38"74 ; DC    ;  65,720 ;     mV ;       ; 01:09:11
   2:36'39"02 ; DC    ;  65,730 ;     mV ;       ; 01:09:11
   2:36'39"30 ; DC    ;  65,730 ;     mV ;       ; 01:09:11
   2:36'39"56 ; DC    ;  65,730 ;     mV ;       ; 01:09:12
   2:36'39"82 ; DC    ;  65,750 ;     mV ;       ; 01:09:12
   2:36'40"10 ; DC    ;  65,760 ;     mV ;       ; 01:09:12
   2:36'40"36 ; DC    ;  65,760 ;     mV ;       ; 01:09:13
   2:36'40"63 ; DC    ;  65,760 ;     mV ;       ; 01:09:13
   2:36'40"90 ; DC    ;  65,760 ;     mV ;       ; 01:09:13
   2:36'41"16 ; DC    ;  65,740 ;     mV ;       ; 01:09:13
   2:36'41"42 ; DC    ;  65,760 ;     mV ;       ; 01:09:14
   2:36'41"69 ; DC    ;  65,750 ;     mV ;       ; 01:09:14
   2:36'41"94 ; DC    ;  65,750 ;     mV ;       ; 01:09:14
   2:36'42"21 ; DC    ;  65,760 ;     mV ;       ; 01:09:14
   2:36'42"48 ; DC    ;  65,760 ;     mV ;       ; 01:09:15
   2:36'42"74 ; DC    ;  65,760 ;     mV ;       ; 01:09:15
   2:36'43"01 ; DC    ;  65,760 ;     mV ;       ; 01:09:15
   2:36'43"27 ; DC    ;  65,730 ;     mV ;       ; 01:09:15
   2:36'43"53 ; DC    ;  65,730 ;     mV ;       ; 01:09:16
   2:36'43"81 ; DC    ;  65,750 ;     mV ;       ; 01:09:16
   2:36'44"10 ; DC    ;  65,730 ;     mV ;       ; 01:09:16
   2:36'44"40 ; DC    ;  65,720 ;     mV ;       ; 01:09:17
   2:36'44"70 ; DC    ;  65,720 ;     mV ;       ; 01:09:17
   2:36'44"96 ; DC    ;  65,750 ;     mV ;       ; 01:09:17
   2:36'45"23 ; DC    ;  65,750 ;     mV ;       ; 01:09:17
   2:36'45"53 ; DC    ;  65,740 ;     mV ;       ; 01:09:18
   2:36'45"82 ; DC    ;  65,740 ;     mV ;       ; 01:09:18
   2:36'46"10 ; DC    ;  65,740 ;     mV ;       ; 01:09:18
   2:36'46"38 ; DC    ;  65,760 ;     mV ;       ; 01:09:19
   2:36'46"66 ; DC    ;  65,750 ;     mV ;       ; 01:09:19
   2:36'46"93 ; DC    ;  65,760 ;     mV ;       ; 01:09:19
   2:36'47"21 ; DC    ;  65,740 ;     mV ;       ; 01:09:19
   2:36'47"48 ; DC    ;  65,740 ;     mV ;       ; 01:09:20
   2:36'47"78 ; DC    ;  65,730 ;     mV ;       ; 01:09:20
   2:36'48"08 ; DC    ;  65,730 ;     mV ;       ; 01:09:20
   2:36'48"36 ; DC    ;  65,740 ;     mV ;       ; 01:09:21
   2:36'48"64 ; DC    ;  65,740 ;     mV ;       ; 01:09:21
   2:36'48"94 ; DC    ;  65,740 ;     mV ;       ; 01:09:21
   2:36'49"22 ; DC    ;  65,730 ;     mV ;       ; 01:09:21
   2:36'49"49 ; DC    ;  65,730 ;     mV ;       ; 01:09:22
   2:36'49"78 ; DC    ;  65,730 ;     mV ;       ; 01:09:22
   2:36'50"06 ; DC    ;  65,730 ;     mV ;       ; 01:09:22
   2:36'50"34 ; DC    ;  65,740 ;     mV ;       ; 01:09:23
   2:36'50"62 ; DC    ;  65,740 ;     mV ;       ; 01:09:23
   2:36'50"91 ; DC    ;  65,730 ;     mV ;       ; 01:09:23
   2:36'51"20 ; DC    ;  65,730 ;     mV ;       ; 01:09:23
   2:36'51"53 ; DC    ;  65,750 ;     mV ;       ; 01:09:24
   2:36'51"81 ; DC    ;  65,750 ;     mV ;       ; 01:09:24
   2:36'52"11 ; DC    ;  65,740 ;     mV ;       ; 01:09:24
   2:36'52"41 ; DC    ;  65,750 ;     mV ;       ; 01:09:25
   2:36'52"72 ; DC    ;  65,740 ;     mV ;       ; 01:09:25
   2:36'52"98 ; DC    ;  65,730 ;     mV ;       ; 01:09:25
   2:36'53"25 ; DC    ;  65,740 ;     mV ;       ; 01:09:25
   2:36'53"51 ; DC    ;  65,730 ;     mV ;       ; 01:09:26
   2:36'53"76 ; DC    ;  65,740 ;     mV ;       ; 01:09:26
   2:36'54"03 ; DC    ;  65,740 ;     mV ;       ; 01:09:26
   2:36'54"30 ; DC    ;  65,740 ;     mV ;       ; 01:09:26
   2:36'54"57 ; DC    ;  65,740 ;     mV ;       ; 01:09:27
   2:36'54"84 ; DC    ;  65,740 ;     mV ;       ; 01:09:27
   2:36'55"10 ; DC    ;  65,740 ;     mV ;       ; 01:09:27
   2:36'55"39 ; DC    ;  65,730 ;     mV ;       ; 01:09:28
   2:36'55"67 ; DC    ;  65,740 ;     mV ;       ; 01:09:28
   2:36'55"95 ; DC    ;  65,720 ;     mV ;       ; 01:09:28
   2:36'56"27 ; DC    ;  65,730 ;     mV ;       ; 01:09:28
   2:36'56"55 ; DC    ;  65,730 ;     mV ;       ; 01:09:29
   2:36'56"86 ; DC    ;  65,740 ;     mV ;       ; 01:09:29
   2:36'57"16 ; DC    ;  65,740 ;     mV ;       ; 01:09:29
   2:36'57"44 ; DC    ;  65,740 ;     mV ;       ; 01:09:30
   2:36'57"72 ; DC    ;  65,760 ;     mV ;       ; 01:09:30
   2:36'57"99 ; DC    ;  65,740 ;     mV ;       ; 01:09:30
   2:36'58"28 ; DC    ;  65,730 ;     mV ;       ; 01:09:30
   2:36'58"54 ; DC    ;  65,740 ;     mV ;       ; 01:09:31
   2:36'58"86 ; DC    ;  65,750 ;     mV ;       ; 01:09:31
   2:36'59"14 ; DC    ;  65,750 ;     mV ;       ; 01:09:31
   2:36'59"42 ; DC    ;  65,730 ;     mV ;       ; 01:09:32
   2:36'59"68 ; DC    ;  65,740 ;     mV ;       ; 01:09:32
   2:36'59"95 ; DC    ;  65,740 ;     mV ;       ; 01:09:32
   2:37'00"21 ; DC    ;  65,750 ;     mV ;       ; 01:09:32
   2:37'00"48 ; DC    ;  65,760 ;     mV ;       ; 01:09:33
   2:37'00"76 ; DC    ;  65,760 ;     mV ;       ; 01:09:33
   2:37'01"03 ; DC    ;  65,760 ;     mV ;       ; 01:09:33
   2:37'01"29 ; DC    ;  65,750 ;     mV ;       ; 01:09:33
   2:37'01"56 ; DC    ;  65,730 ;     mV ;       ; 01:09:34
   2:37'01"82 ; DC    ;  65,720 ;     mV ;       ; 01:09:34
   2:37'02"09 ; DC    ;  65,740 ;     mV ;       ; 01:09:34
   2:37'02"35 ; DC    ;  65,740 ;     mV ;       ; 01:09:35
   2:37'02"62 ; DC    ;  65,730 ;     mV ;       ; 01:09:35
   2:37'02"88 ; DC    ;  65,730 ;     mV ;       ; 01:09:35
   2:37'03"17 ; DC    ;  65,740 ;     mV ;       ; 01:09:35
   2:37'03"45 ; DC    ;  65,750 ;     mV ;       ; 01:09:36
   2:37'03"80 ; DC    ;  65,730 ;     mV ;       ; 01:09:36
   2:37'04"09 ; DC    ;  65,750 ;     mV ;       ; 01:09:36
   2:37'04"37 ; DC    ;  65,740 ;     mV ;       ; 01:09:37
   2:37'04"66 ; DC    ;  65,750 ;     mV ;       ; 01:09:37
   2:37'04"93 ; DC    ;  65,740 ;     mV ;       ; 01:09:37
   2:37'05"22 ; DC    ;  65,730 ;     mV ;       ; 01:09:37
   2:37'05"49 ; DC    ;  65,710 ;     mV ;       ; 01:09:38
   2:37'05"75 ; DC    ;  65,710 ;     mV ;       ; 01:09:38
   2:37'06"01 ; DC    ;  65,700 ;     mV ;       ; 01:09:38
   2:37'06"28 ; DC    ;  65,730 ;     mV ;       ; 01:09:38
   2:37'06"55 ; DC    ;  65,730 ;     mV ;       ; 01:09:39
   2:37'06"81 ; DC    ;  65,720 ;     mV ;       ; 01:09:39
   2:37'07"08 ; DC    ;  65,740 ;     mV ;       ; 01:09:39
   2:37'07"37 ; DC    ;  65,760 ;     mV ;       ; 01:09:40
   2:37'07"65 ; DC    ;  65,750 ;     mV ;       ; 01:09:40
   2:37'07"92 ; DC    ;  65,750 ;     mV ;       ; 01:09:40
   2:37'08"22 ; DC    ;  65,750 ;     mV ;       ; 01:09:40
   2:37'08"52 ; DC    ;  65,750 ;     mV ;       ; 01:09:41
   2:37'08"80 ; DC    ;  65,760 ;     mV ;       ; 01:09:41
   2:37'09"05 ; DC    ;  65,740 ;     mV ;       ; 01:09:41
   2:37'09"36 ; DC    ;  65,750 ;     mV ;       ; 01:09:42
   2:37'09"65 ; DC    ;  65,750 ;     mV ;       ; 01:09:42
   2:37'09"94 ; DC    ;  65,740 ;     mV ;       ; 01:09:42
   2:37'10"22 ; DC    ;  65,740 ;     mV ;       ; 01:09:42
   2:37'10"49 ; DC    ;  65,750 ;     mV ;       ; 01:09:43
   2:37'10"76 ; DC    ;  65,740 ;     mV ;       ; 01:09:43
   2:37'11"06 ; DC    ;  65,740 ;     mV ;       ; 01:09:43
   2:37'11"35 ; DC    ;  65,740 ;     mV ;       ; 01:09:44
   2:37'11"61 ; DC    ;  65,740 ;     mV ;       ; 01:09:44
   2:37'11"92 ; DC    ;  65,730 ;     mV ;       ; 01:09:44
   2:37'12"20 ; DC    ;  65,730 ;     mV ;       ; 01:09:44
   2:37'12"48 ; DC    ;  65,740 ;     mV ;       ; 01:09:45
   2:37'12"75 ; DC    ;  65,720 ;     mV ;       ; 01:09:45
   2:37'13"02 ; DC    ;  65,730 ;     mV ;       ; 01:09:45
   2:37'13"29 ; DC    ;  65,730 ;     mV ;       ; 01:09:45
   2:37'13"56 ; DC    ;  65,730 ;     mV ;       ; 01:09:46
   2:37'13"85 ; DC    ;  65,730 ;     mV ;       ; 01:09:46
   2:37'14"11 ; DC    ;  65,720 ;     mV ;       ; 01:09:46
   2:37'14"40 ; DC    ;  65,740 ;     mV ;       ; 01:09:47
   2:37'14"67 ; DC    ;  65,740 ;     mV ;       ; 01:09:47
   2:37'15"00 ; DC    ;  65,730 ;     mV ;       ; 01:09:47
   2:37'15"30 ; DC    ;  65,710 ;     mV ;       ; 01:09:47
   2:37'15"57 ; DC    ;  65,710 ;     mV ;       ; 01:09:48
   2:37'15"83 ; DC    ;  65,710 ;     mV ;       ; 01:09:48
   2:37'16"11 ; DC    ;  65,720 ;     mV ;       ; 01:09:48
   2:37'16"38 ; DC    ;  65,730 ;     mV ;       ; 01:09:49
   2:37'16"66 ; DC    ;  65,720 ;     mV ;       ; 01:09:49
   2:37'16"92 ; DC    ;  65,720 ;     mV ;       ; 01:09:49
   2:37'17"19 ; DC    ;  65,730 ;     mV ;       ; 01:09:49
   2:37'17"45 ; DC    ;  65,710 ;     mV ;       ; 01:09:50
   2:37'17"71 ; DC    ;  65,730 ;     mV ;       ; 01:09:50
   2:37'17"96 ; DC    ;  65,730 ;     mV ;       ; 01:09:50
   2:37'18"22 ; DC    ;  65,750 ;     mV ;       ; 01:09:50
   2:37'18"48 ; DC    ;  65,750 ;     mV ;       ; 01:09:51
   2:37'18"75 ; DC    ;  65,730 ;     mV ;       ; 01:09:51
   2:37'19"01 ; DC    ;  65,740 ;     mV ;       ; 01:09:51
   2:37'19"29 ; DC    ;  65,740 ;     mV ;       ; 01:09:51
   2:37'19"58 ; DC    ;  65,740 ;     mV ;       ; 01:09:52
   2:37'19"85 ; DC    ;  65,740 ;     mV ;       ; 01:09:52
   2:37'20"14 ; DC    ;  65,740 ;     mV ;       ; 01:09:52
   2:37'20"43 ; DC    ;  65,740 ;     mV ;       ; 01:09:53
   2:37'20"73 ; DC    ;  65,740 ;     mV ;       ; 01:09:53
   2:37'21"06 ; DC    ;  65,710 ;     mV ;       ; 01:09:53
   2:37'21"34 ; DC    ;  65,700 ;     mV ;       ; 01:09:54
   2:37'21"61 ; DC    ;  65,690 ;     mV ;       ; 01:09:54
   2:37'21"88 ; DC    ;  65,690 ;     mV ;       ; 01:09:54
   2:37'22"17 ; DC    ;  65,690 ;     mV ;       ; 01:09:54
   2:37'22"43 ; DC    ;  65,700 ;     mV ;       ; 01:09:55
   2:37'22"72 ; DC    ;  65,710 ;     mV ;       ; 01:09:55
   2:37'22"99 ; DC    ;  65,700 ;     mV ;       ; 01:09:55
   2:37'23"30 ; DC    ;  65,680 ;     mV ;       ; 01:09:55
   2:37'23"58 ; DC    ;  65,690 ;     mV ;       ; 01:09:56
   2:37'23"89 ; DC    ;  65,690 ;     mV ;       ; 01:09:56
   2:37'24"25 ; DC    ;  65,720 ;     mV ;       ; 01:09:56
   2:37'24"52 ; DC    ;  65,720 ;     mV ;       ; 01:09:57
   2:37'24"80 ; DC    ;  65,720 ;     mV ;       ; 01:09:57
   2:37'25"07 ; DC    ;  65,710 ;     mV ;       ; 01:09:57
   2:37'25"36 ; DC    ;  65,700 ;     mV ;       ; 01:09:58
   2:37'25"63 ; DC    ;  65,710 ;     mV ;       ; 01:09:58
   2:37'25"93 ; DC    ;  65,720 ;     mV ;       ; 01:09:58
   2:37'26"19 ; DC    ;  65,710 ;     mV ;       ; 01:09:58
   2:37'26"48 ; DC    ;  65,710 ;     mV ;       ; 01:09:59
   2:37'26"74 ; DC    ;  65,690 ;     mV ;       ; 01:09:59
   2:37'27"03 ; DC    ;  65,700 ;     mV ;       ; 01:09:59
   2:37'27"29 ; DC    ;  65,700 ;     mV ;       ; 01:09:59
   2:37'27"56 ; DC    ;  65,700 ;     mV ;       ; 01:10:00
   2:37'27"82 ; DC    ;  65,690 ;     mV ;       ; 01:10:00
   2:37'28"07 ; DC    ;  65,700 ;     mV ;       ; 01:10:00
   2:37'28"32 ; DC    ;  65,700 ;     mV ;       ; 01:10:00
   2:37'28"58 ; DC    ;  65,710 ;     mV ;       ; 01:10:01
   2:37'28"84 ; DC    ;  65,690 ;     mV ;       ; 01:10:01
   2:37'29"10 ; DC    ;  65,690 ;     mV ;       ; 01:10:01
   2:37'29"36 ; DC    ;  65,690 ;     mV ;       ; 01:10:02
   2:37'29"63 ; DC    ;  65,690 ;     mV ;       ; 01:10:02
   2:37'29"89 ; DC    ;  65,680 ;     mV ;       ; 01:10:02
   2:37'30"15 ; DC    ;  65,690 ;     mV ;       ; 01:10:02
   2:37'30"40 ; DC    ;  65,700 ;     mV ;       ; 01:10:03
   2:37'30"67 ; DC    ;  65,680 ;     mV ;       ; 01:10:03
   2:37'30"93 ; DC    ;  65,690 ;     mV ;       ; 01:10:03
   2:37'31"20 ; DC    ;  65,690 ;     mV ;       ; 01:10:03
   2:37'31"49 ; DC    ;  65,690 ;     mV ;       ; 01:10:04
   2:37'31"77 ; DC    ;  65,690 ;     mV ;       ; 01:10:04
   2:37'32"07 ; DC    ;  65,700 ;     mV ;       ; 01:10:04
   2:37'32"35 ; DC    ;  65,700 ;     mV ;       ; 01:10:05
   2:37'32"63 ; DC    ;  65,680 ;     mV ;       ; 01:10:05
   2:37'32"90 ; DC    ;  65,690 ;     mV ;       ; 01:10:05
   2:37'33"19 ; DC    ;  65,710 ;     mV ;       ; 01:10:05
   2:37'33"45 ; DC    ;  65,710 ;     mV ;       ; 01:10:06
   2:37'33"73 ; DC    ;  65,700 ;     mV ;       ; 01:10:06
   2:37'34"01 ; DC    ;  65,700 ;     mV ;       ; 01:10:06
   2:37'34"30 ; DC    ;  65,690 ;     mV ;       ; 01:10:06
   2:37'34"55 ; DC    ;  65,710 ;     mV ;       ; 01:10:07
   2:37'34"81 ; DC    ;  65,700 ;     mV ;       ; 01:10:07
   2:37'35"08 ; DC    ;  65,680 ;     mV ;       ; 01:10:07
   2:37'35"35 ; DC    ;  65,680 ;     mV ;       ; 01:10:08
   2:37'35"61 ; DC    ;  65,690 ;     mV ;       ; 01:10:08
   2:37'35"88 ; DC    ;  65,700 ;     mV ;       ; 01:10:08
   2:37'36"14 ; DC    ;  65,690 ;     mV ;       ; 01:10:08
   2:37'36"42 ; DC    ;  65,710 ;     mV ;       ; 01:10:09
   2:37'36"68 ; DC    ;  65,690 ;     mV ;       ; 01:10:09
   2:37'36"95 ; DC    ;  65,700 ;     mV ;       ; 01:10:09
   2:37'37"20 ; DC    ;  65,710 ;     mV ;       ; 01:10:09
   2:37'37"47 ; DC    ;  65,700 ;     mV ;       ; 01:10:10
   2:37'37"73 ; DC    ;  65,700 ;     mV ;       ; 01:10:10
   2:37'37"98 ; DC    ;  65,720 ;     mV ;       ; 01:10:10
   2:37'38"23 ; DC    ;  65,710 ;     mV ;       ; 01:10:10
   2:37'38"48 ; DC    ;  65,710 ;     mV ;       ; 01:10:11
   2:37'38"73 ; DC    ;  65,710 ;     mV ;       ; 01:10:11
   2:37'38"97 ; DC    ;  65,710 ;     mV ;       ; 01:10:11
   2:37'39"24 ; DC    ;  65,710 ;     mV ;       ; 01:10:11
   2:37'39"50 ; DC    ;  65,720 ;     mV ;       ; 01:10:12
   2:37'39"76 ; DC    ;  65,720 ;     mV ;       ; 01:10:12
   2:37'40"03 ; DC    ;  65,720 ;     mV ;       ; 01:10:12
   2:37'40"29 ; DC    ;  65,720 ;     mV ;       ; 01:10:12
   2:37'40"56 ; DC    ;  65,720 ;     mV ;       ; 01:10:13
   2:37'40"85 ; DC    ;  65,710 ;     mV ;       ; 01:10:13
   2:37'41"13 ; DC    ;  65,710 ;     mV ;       ; 01:10:13
   2:37'41"39 ; DC    ;  65,710 ;     mV ;       ; 01:10:14
   2:37'41"65 ; DC    ;  65,710 ;     mV ;       ; 01:10:14
   2:37'41"91 ; DC    ;  65,710 ;     mV ;       ; 01:10:14
   2:37'42"20 ; DC    ;  65,700 ;     mV ;       ; 01:10:14
   2:37'42"50 ; DC    ;  65,720 ;     mV ;       ; 01:10:15
   2:37'42"77 ; DC    ;  65,720 ;     mV ;       ; 01:10:15
   2:37'43"04 ; DC    ;  65,720 ;     mV ;       ; 01:10:15
   2:37'43"30 ; DC    ;  65,710 ;     mV ;       ; 01:10:15
   2:37'43"59 ; DC    ;  65,730 ;     mV ;       ; 01:10:16
   2:37'43"85 ; DC    ;  65,730 ;     mV ;       ; 01:10:16
   2:37'44"12 ; DC    ;  65,730 ;     mV ;       ; 01:10:16
   2:37'44"40 ; DC    ;  65,730 ;     mV ;       ; 01:10:17
   2:37'44"69 ; DC    ;  65,730 ;     mV ;       ; 01:10:17
   2:37'44"99 ; DC    ;  65,740 ;     mV ;       ; 01:10:17
   2:37'45"27 ; DC    ;  65,750 ;     mV ;       ; 01:10:17
   2:37'45"54 ; DC    ;  65,750 ;     mV ;       ; 01:10:18
   2:37'45"80 ; DC    ;  65,750 ;     mV ;       ; 01:10:18
   2:37'46"08 ; DC    ;  65,740 ;     mV ;       ; 01:10:18
   2:37'46"33 ; DC    ;  65,730 ;     mV ;       ; 01:10:19
   2:37'46"60 ; DC    ;  65,730 ;     mV ;       ; 01:10:19
   2:37'46"85 ; DC    ;  65,760 ;     mV ;       ; 01:10:19
   2:37'47"12 ; DC    ;  65,750 ;     mV ;       ; 01:10:19
   2:37'47"39 ; DC    ;  65,750 ;     mV ;       ; 01:10:20
   2:37'47"67 ; DC    ;  65,740 ;     mV ;       ; 01:10:20
   2:37'47"91 ; DC    ;  65,740 ;     mV ;       ; 01:10:20
   2:37'48"16 ; DC    ;  65,730 ;     mV ;       ; 01:10:20
   2:37'48"41 ; DC    ;  65,730 ;     mV ;       ; 01:10:21
   2:37'48"68 ; DC    ;  65,750 ;     mV ;       ; 01:10:21
   2:37'48"94 ; DC    ;  65,750 ;     mV ;       ; 01:10:21
   2:37'49"21 ; DC    ;  65,760 ;     mV ;       ; 01:10:21
   2:37'49"48 ; DC    ;  65,770 ;     mV ;       ; 01:10:22
   2:37'49"79 ; DC    ;  65,770 ;     mV ;       ; 01:10:22
   2:37'50"06 ; DC    ;  65,770 ;     mV ;       ; 01:10:22
   2:37'50"34 ; DC    ;  65,770 ;     mV ;       ; 01:10:23
   2:37'50"60 ; DC    ;  65,770 ;     mV ;       ; 01:10:23
   2:37'50"86 ; DC    ;  65,760 ;     mV ;       ; 01:10:23
   2:37'51"11 ; DC    ;  65,740 ;     mV ;       ; 01:10:23
   2:37'51"41 ; DC    ;  65,740 ;     mV ;       ; 01:10:24
   2:37'51"67 ; DC    ;  65,750 ;     mV ;       ; 01:10:24
   2:37'51"97 ; DC    ;  65,750 ;     mV ;       ; 01:10:24
   2:37'52"24 ; DC    ;  65,760 ;     mV ;       ; 01:10:24
   2:37'52"49 ; DC    ;  65,750 ;     mV ;       ; 01:10:25
   2:37'52"77 ; DC    ;  65,740 ;     mV ;       ; 01:10:25
   2:37'53"07 ; DC    ;  65,740 ;     mV ;       ; 01:10:25
   2:37'53"36 ; DC    ;  65,770 ;     mV ;       ; 01:10:26
   2:37'53"62 ; DC    ;  65,770 ;     mV ;       ; 01:10:26
   2:37'53"91 ; DC    ;  65,780 ;     mV ;       ; 01:10:26
   2:37'54"18 ; DC    ;  65,770 ;     mV ;       ; 01:10:26
   2:37'54"45 ; DC    ;  65,750 ;     mV ;       ; 01:10:27
   2:37'54"73 ; DC    ;  65,770 ;     mV ;       ; 01:10:27
   2:37'54"99 ; DC    ;  65,760 ;     mV ;       ; 01:10:27
   2:37'55"24 ; DC    ;  65,750 ;     mV ;       ; 01:10:27
   2:37'55"50 ; DC    ;  65,750 ;     mV ;       ; 01:10:28
   2:37'55"80 ; DC    ;  65,750 ;     mV ;       ; 01:10:28
   2:37'56"08 ; DC    ;  65,760 ;     mV ;       ; 01:10:28
   2:37'56"36 ; DC    ;  65,760 ;     mV ;       ; 01:10:29
   2:37'56"63 ; DC    ;  65,770 ;     mV ;       ; 01:10:29
   2:37'56"89 ; DC    ;  65,780 ;     mV ;       ; 01:10:29
   2:37'57"17 ; DC    ;  65,780 ;     mV ;       ; 01:10:29
   2:37'57"43 ; DC    ;  65,780 ;     mV ;       ; 01:10:30
   2:37'57"69 ; DC    ;  65,780 ;     mV ;       ; 01:10:30
   2:37'57"96 ; DC    ;  65,780 ;     mV ;       ; 01:10:30
   2:37'58"22 ; DC    ;  65,780 ;     mV ;       ; 01:10:30
   2:37'58"48 ; DC    ;  65,780 ;     mV ;       ; 01:10:31
   2:37'58"75 ; DC    ;  65,790 ;     mV ;       ; 01:10:31
   2:37'59"01 ; DC    ;  65,790 ;     mV ;       ; 01:10:31
   2:37'59"27 ; DC    ;  65,780 ;     mV ;       ; 01:10:31
   2:37'59"57 ; DC    ;  65,780 ;     mV ;       ; 01:10:32
   2:37'59"82 ; DC    ;  65,790 ;     mV ;       ; 01:10:32
   2:38'00"09 ; DC    ;  65,790 ;     mV ;       ; 01:10:32
   2:38'00"35 ; DC    ;  65,790 ;     mV ;       ; 01:10:33
   2:38'00"60 ; DC    ;  65,790 ;     mV ;       ; 01:10:33
   2:38'00"85 ; DC    ;  65,790 ;     mV ;       ; 01:10:33
   2:38'01"11 ; DC    ;  65,790 ;     mV ;       ; 01:10:33
   2:38'01"42 ; DC    ;  65,800 ;     mV ;       ; 01:10:34
   2:38'01"69 ; DC    ;  65,790 ;     mV ;       ; 01:10:34
   2:38'01"94 ; DC    ;  65,800 ;     mV ;       ; 01:10:34
   2:38'02"21 ; DC    ;  65,780 ;     mV ;       ; 01:10:34
   2:38'02"49 ; DC    ;  65,800 ;     mV ;       ; 01:10:35
   2:38'02"78 ; DC    ;  65,800 ;     mV ;       ; 01:10:35
   2:38'03"09 ; DC    ;  65,810 ;     mV ;       ; 01:10:35
   2:38'03"40 ; DC    ;  65,800 ;     mV ;       ; 01:10:36
   2:38'03"69 ; DC    ;  65,800 ;     mV ;       ; 01:10:36
   2:38'03"95 ; DC    ;  65,800 ;     mV ;       ; 01:10:36
   2:38'04"26 ; DC    ;  65,810 ;     mV ;       ; 01:10:36
   2:38'04"62 ; DC    ;  65,800 ;     mV ;       ; 01:10:37
   2:38'04"89 ; DC    ;  65,790 ;     mV ;       ; 01:10:37
   2:38'05"15 ; DC    ;  65,790 ;     mV ;       ; 01:10:37
   2:38'05"41 ; DC    ;  65,780 ;     mV ;       ; 01:10:38
   2:38'05"68 ; DC    ;  65,790 ;     mV ;       ; 01:10:38
   2:38'05"95 ; DC    ;  65,790 ;     mV ;       ; 01:10:38
   2:38'06"22 ; DC    ;  65,780 ;     mV ;       ; 01:10:38
   2:38'06"50 ; DC    ;  65,790 ;     mV ;       ; 01:10:39
   2:38'06"78 ; DC    ;  65,780 ;     mV ;       ; 01:10:39
   2:38'07"04 ; DC    ;  65,790 ;     mV ;       ; 01:10:39
   2:38'07"31 ; DC    ;  65,800 ;     mV ;       ; 01:10:39
   2:38'07"58 ; DC    ;  65,790 ;     mV ;       ; 01:10:40
   2:38'07"86 ; DC    ;  65,780 ;     mV ;       ; 01:10:40
   2:38'08"12 ; DC    ;  65,800 ;     mV ;       ; 01:10:40
   2:38'08"38 ; DC    ;  65,780 ;     mV ;       ; 01:10:41
   2:38'08"65 ; DC    ;  65,780 ;     mV ;       ; 01:10:41
   2:38'08"93 ; DC    ;  65,800 ;     mV ;       ; 01:10:41
   2:38'09"18 ; DC    ;  65,780 ;     mV ;       ; 01:10:41
   2:38'09"44 ; DC    ;  65,790 ;     mV ;       ; 01:10:42
   2:38'09"70 ; DC    ;  65,790 ;     mV ;       ; 01:10:42
   2:38'09"98 ; DC    ;  65,790 ;     mV ;       ; 01:10:42
   2:38'10"27 ; DC    ;  65,800 ;     mV ;       ; 01:10:42
   2:38'10"52 ; DC    ;  65,800 ;     mV ;       ; 01:10:43
   2:38'10"81 ; DC    ;  65,800 ;     mV ;       ; 01:10:43
   2:38'11"09 ; DC    ;  65,790 ;     mV ;       ; 01:10:43
   2:38'11"36 ; DC    ;  65,790 ;     mV ;       ; 01:10:44
   2:38'11"66 ; DC    ;  65,800 ;     mV ;       ; 01:10:44
   2:38'11"93 ; DC    ;  65,790 ;     mV ;       ; 01:10:44
   2:38'12"19 ; DC    ;  65,800 ;     mV ;       ; 01:10:44
   2:38'12"51 ; DC    ;  65,790 ;     mV ;       ; 01:10:45
   2:38'12"81 ; DC    ;  65,780 ;     mV ;       ; 01:10:45
   2:38'13"11 ; DC    ;  65,790 ;     mV ;       ; 01:10:45
   2:38'13"40 ; DC    ;  65,780 ;     mV ;       ; 01:10:46
   2:38'13"68 ; DC    ;  65,800 ;     mV ;       ; 01:10:46
   2:38'13"95 ; DC    ;  65,800 ;     mV ;       ; 01:10:46
   2:38'14"22 ; DC    ;  65,810 ;     mV ;       ; 01:10:46
   2:38'14"48 ; DC    ;  65,810 ;     mV ;       ; 01:10:47
   2:38'14"75 ; DC    ;  65,800 ;     mV ;       ; 01:10:47
   2:38'15"02 ; DC    ;  65,810 ;     mV ;       ; 01:10:47
   2:38'15"28 ; DC    ;  65,820 ;     mV ;       ; 01:10:47
   2:38'15"57 ; DC    ;  65,820 ;     mV ;       ; 01:10:48
   2:38'15"86 ; DC    ;  65,800 ;     mV ;       ; 01:10:48
   2:38'16"14 ; DC    ;  65,810 ;     mV ;       ; 01:10:48
   2:38'16"41 ; DC    ;  65,800 ;     mV ;       ; 01:10:49
   2:38'16"69 ; DC    ;  65,810 ;     mV ;       ; 01:10:49
   2:38'16"94 ; DC    ;  65,800 ;     mV ;       ; 01:10:49
   2:38'17"21 ; DC    ;  65,800 ;     mV ;       ; 01:10:49
   2:38'17"46 ; DC    ;  65,810 ;     mV ;       ; 01:10:50
   2:38'17"75 ; DC    ;  65,800 ;     mV ;       ; 01:10:50
   2:38'18"04 ; DC    ;  65,810 ;     mV ;       ; 01:10:50
   2:38'18"32 ; DC    ;  65,810 ;     mV ;       ; 01:10:50
   2:38'18"60 ; DC    ;  65,800 ;     mV ;       ; 01:10:51
   2:38'18"87 ; DC    ;  65,800 ;     mV ;       ; 01:10:51
   2:38'19"13 ; DC    ;  65,800 ;     mV ;       ; 01:10:51
   2:38'19"40 ; DC    ;  65,800 ;     mV ;       ; 01:10:52
   2:38'19"67 ; DC    ;  65,800 ;     mV ;       ; 01:10:52
   2:38'19"93 ; DC    ;  65,790 ;     mV ;       ; 01:10:52
   2:38'20"22 ; DC    ;  65,810 ;     mV ;       ; 01:10:52
   2:38'20"48 ; DC    ;  65,810 ;     mV ;       ; 01:10:53
   2:38'20"78 ; DC    ;  65,820 ;     mV ;       ; 01:10:53
   2:38'21"07 ; DC    ;  65,810 ;     mV ;       ; 01:10:53
   2:38'21"38 ; DC    ;  65,810 ;     mV ;       ; 01:10:54
   2:38'21"68 ; DC    ;  65,790 ;     mV ;       ; 01:10:54
   2:38'22"00 ; DC    ;  65,790 ;     mV ;       ; 01:10:54
   2:38'22"28 ; DC    ;  65,800 ;     mV ;       ; 01:10:54
   2:38'22"58 ; DC    ;  65,790 ;     mV ;       ; 01:10:55
   2:38'22"88 ; DC    ;  65,800 ;     mV ;       ; 01:10:55
   2:38'23"14 ; DC    ;  65,790 ;     mV ;       ; 01:10:55
   2:38'23"44 ; DC    ;  65,790 ;     mV ;       ; 01:10:56
   2:38'23"73 ; DC    ;  65,810 ;     mV ;       ; 01:10:56
   2:38'24"03 ; DC    ;  65,800 ;     mV ;       ; 01:10:56
   2:38'24"32 ; DC    ;  65,800 ;     mV ;       ; 01:10:56
   2:38'24"60 ; DC    ;  65,800 ;     mV ;       ; 01:10:57
   2:38'24"89 ; DC    ;  65,810 ;     mV ;       ; 01:10:57
   2:38'25"18 ; DC    ;  65,810 ;     mV ;       ; 01:10:57
   2:38'25"46 ; DC    ;  65,810 ;     mV ;       ; 01:10:58
   2:38'25"75 ; DC    ;  65,790 ;     mV ;       ; 01:10:58
   2:38'26"05 ; DC    ;  65,830 ;     mV ;       ; 01:10:58
   2:38'26"34 ; DC    ;  65,810 ;     mV ;       ; 01:10:59
   2:38'26"63 ; DC    ;  65,840 ;     mV ;       ; 01:10:59
   2:38'26"91 ; DC    ;  65,840 ;     mV ;       ; 01:10:59
   2:38'27"18 ; DC    ;  65,830 ;     mV ;       ; 01:10:59
   2:38'27"48 ; DC    ;  65,830 ;     mV ;       ; 01:11:00
   2:38'27"76 ; DC    ;  65,820 ;     mV ;       ; 01:11:00
   2:38'28"03 ; DC    ;  65,830 ;     mV ;       ; 01:11:00
   2:38'28"29 ; DC    ;  65,820 ;     mV ;       ; 01:11:00
   2:38'28"59 ; DC    ;  65,820 ;     mV ;       ; 01:11:01
   2:38'28"87 ; DC    ;  65,810 ;     mV ;       ; 01:11:01
   2:38'29"16 ; DC    ;  65,800 ;     mV ;       ; 01:11:01
   2:38'29"47 ; DC    ;  65,810 ;     mV ;       ; 01:11:02
   2:38'29"75 ; DC    ;  65,800 ;     mV ;       ; 01:11:02
   2:38'30"04 ; DC    ;  65,810 ;     mV ;       ; 01:11:02
   2:38'30"40 ; DC    ;  65,820 ;     mV ;       ; 01:11:03
   2:38'30"67 ; DC    ;  65,810 ;     mV ;       ; 01:11:03
   2:38'30"94 ; DC    ;  65,840 ;     mV ;       ; 01:11:03
   2:38'31"21 ; DC    ;  65,830 ;     mV ;       ; 01:11:03
   2:38'31"47 ; DC    ;  65,800 ;     mV ;       ; 01:11:04
   2:38'31"72 ; DC    ;  65,800 ;     mV ;       ; 01:11:04
   2:38'32"00 ; DC    ;  65,820 ;     mV ;       ; 01:11:04
   2:38'32"27 ; DC    ;  65,800 ;     mV ;       ; 01:11:04
   2:38'32"57 ; DC    ;  65,800 ;     mV ;       ; 01:11:05
   2:38'32"84 ; DC    ;  65,820 ;     mV ;       ; 01:11:05
   2:38'33"14 ; DC    ;  65,800 ;     mV ;       ; 01:11:05
   2:38'33"44 ; DC    ;  65,810 ;     mV ;       ; 01:11:06
   2:38'33"73 ; DC    ;  65,830 ;     mV ;       ; 01:11:06
   2:38'34"06 ; DC    ;  65,820 ;     mV ;       ; 01:11:06
   2:38'34"33 ; DC    ;  65,820 ;     mV ;       ; 01:11:06
   2:38'34"61 ; DC    ;  65,830 ;     mV ;       ; 01:11:07
   2:38'34"87 ; DC    ;  65,830 ;     mV ;       ; 01:11:07
   2:38'35"14 ; DC    ;  65,850 ;     mV ;       ; 01:11:07
   2:38'35"40 ; DC    ;  65,830 ;     mV ;       ; 01:11:08
   2:38'35"65 ; DC    ;  65,850 ;     mV ;       ; 01:11:08
   2:38'35"91 ; DC    ;  65,850 ;     mV ;       ; 01:11:08
   2:38'36"17 ; DC    ;  65,860 ;     mV ;       ; 01:11:08
   2:38'36"43 ; DC    ;  65,850 ;     mV ;       ; 01:11:09
   2:38'36"70 ; DC    ;  65,840 ;     mV ;       ; 01:11:09
   2:38'36"96 ; DC    ;  65,820 ;     mV ;       ; 01:11:09
   2:38'37"21 ; DC    ;  65,830 ;     mV ;       ; 01:11:09
   2:38'37"47 ; DC    ;  65,820 ;     mV ;       ; 01:11:10
   2:38'37"73 ; DC    ;  65,820 ;     mV ;       ; 01:11:10
   2:38'37"99 ; DC    ;  65,820 ;     mV ;       ; 01:11:10
   2:38'38"24 ; DC    ;  65,820 ;     mV ;       ; 01:11:10
   2:38'38"50 ; DC    ;  65,820 ;     mV ;       ; 01:11:11
   2:38'38"78 ; DC    ;  65,810 ;     mV ;       ; 01:11:11
   2:38'39"04 ; DC    ;  65,820 ;     mV ;       ; 01:11:11
   2:38'39"31 ; DC    ;  65,810 ;     mV ;       ; 01:11:11
   2:38'39"57 ; DC    ;  65,810 ;     mV ;       ; 01:11:12
   2:38'39"82 ; DC    ;  65,810 ;     mV ;       ; 01:11:12
   2:38'40"07 ; DC    ;  65,820 ;     mV ;       ; 01:11:12
   2:38'40"32 ; DC    ;  65,800 ;     mV ;       ; 01:11:12
   2:38'40"58 ; DC    ;  65,820 ;     mV ;       ; 01:11:13
   2:38'40"86 ; DC    ;  65,820 ;     mV ;       ; 01:11:13
   2:38'41"12 ; DC    ;  65,800 ;     mV ;       ; 01:11:13
   2:38'41"39 ; DC    ;  65,800 ;     mV ;       ; 01:11:14
   2:38'41"65 ; DC    ;  65,800 ;     mV ;       ; 01:11:14
   2:38'41"96 ; DC    ;  65,800 ;     mV ;       ; 01:11:14
   2:38'42"24 ; DC    ;  65,800 ;     mV ;       ; 01:11:14
   2:38'42"53 ; DC    ;  65,810 ;     mV ;       ; 01:11:15
   2:38'42"80 ; DC    ;  65,800 ;     mV ;       ; 01:11:15
   2:38'43"07 ; DC    ;  65,800 ;     mV ;       ; 01:11:15
   2:38'43"34 ; DC    ;  65,810 ;     mV ;       ; 01:11:16
   2:38'43"60 ; DC    ;  65,820 ;     mV ;       ; 01:11:16
   2:38'43"85 ; DC    ;  65,800 ;     mV ;       ; 01:11:16
   2:38'44"13 ; DC    ;  65,800 ;     mV ;       ; 01:11:16
   2:38'44"39 ; DC    ;  65,800 ;     mV ;       ; 01:11:17
   2:38'44"65 ; DC    ;  65,790 ;     mV ;       ; 01:11:17
   2:38'44"92 ; DC    ;  65,790 ;     mV ;       ; 01:11:17
   2:38'45"18 ; DC    ;  65,790 ;     mV ;       ; 01:11:17
   2:38'45"47 ; DC    ;  65,800 ;     mV ;       ; 01:11:18
   2:38'45"73 ; DC    ;  65,790 ;     mV ;       ; 01:11:18
   2:38'45"99 ; DC    ;  65,800 ;     mV ;       ; 01:11:18
   2:38'46"26 ; DC    ;  65,780 ;     mV ;       ; 01:11:18
   2:38'46"51 ; DC    ;  65,800 ;     mV ;       ; 01:11:19
   2:38'46"75 ; DC    ;  65,790 ;     mV ;       ; 01:11:19
   2:38'47"02 ; DC    ;  65,790 ;     mV ;       ; 01:11:19
   2:38'47"28 ; DC    ;  65,790 ;     mV ;       ; 01:11:19
   2:38'47"56 ; DC    ;  65,790 ;     mV ;       ; 01:11:20
   2:38'47"82 ; DC    ;  65,790 ;     mV ;       ; 01:11:20
   2:38'48"07 ; DC    ;  65,810 ;     mV ;       ; 01:11:20
   2:38'48"34 ; DC    ;  65,780 ;     mV ;       ; 01:11:21
   2:38'48"60 ; DC    ;  65,780 ;     mV ;       ; 01:11:21
   2:38'48"87 ; DC    ;  65,790 ;     mV ;       ; 01:11:21
   2:38'49"15 ; DC    ;  65,790 ;     mV ;       ; 01:11:21
   2:38'49"44 ; DC    ;  65,790 ;     mV ;       ; 01:11:22
   2:38'49"71 ; DC    ;  65,800 ;     mV ;       ; 01:11:22
   2:38'49"98 ; DC    ;  65,790 ;     mV ;       ; 01:11:22
   2:38'50"25 ; DC    ;  65,790 ;     mV ;       ; 01:11:22
   2:38'50"54 ; DC    ;  65,790 ;     mV ;       ; 01:11:23
   2:38'50"81 ; DC    ;  65,780 ;     mV ;       ; 01:11:23
   2:38'51"10 ; DC    ;  65,800 ;     mV ;       ; 01:11:23
   2:38'51"39 ; DC    ;  65,780 ;     mV ;       ; 01:11:24
   2:38'51"69 ; DC    ;  65,790 ;     mV ;       ; 01:11:24
   2:38'51"96 ; DC    ;  65,800 ;     mV ;       ; 01:11:24
   2:38'52"23 ; DC    ;  65,800 ;     mV ;       ; 01:11:24
   2:38'52"51 ; DC    ;  65,810 ;     mV ;       ; 01:11:25
   2:38'52"77 ; DC    ;  65,790 ;     mV ;       ; 01:11:25
   2:38'53"04 ; DC    ;  65,790 ;     mV ;       ; 01:11:25
   2:38'53"33 ; DC    ;  65,790 ;     mV ;       ; 01:11:25
   2:38'53"63 ; DC    ;  65,820 ;     mV ;       ; 01:11:26
   2:38'53"90 ; DC    ;  65,810 ;     mV ;       ; 01:11:26
   2:38'54"18 ; DC    ;  65,810 ;     mV ;       ; 01:11:26
   2:38'54"43 ; DC    ;  65,810 ;     mV ;       ; 01:11:27
   2:38'54"70 ; DC    ;  65,810 ;     mV ;       ; 01:11:27
   2:38'54"97 ; DC    ;  65,820 ;     mV ;       ; 01:11:27
   2:38'55"24 ; DC    ;  65,830 ;     mV ;       ; 01:11:27
   2:38'55"51 ; DC    ;  65,810 ;     mV ;       ; 01:11:28
   2:38'55"80 ; DC    ;  65,810 ;     mV ;       ; 01:11:28
   2:38'56"07 ; DC    ;  65,810 ;     mV ;       ; 01:11:28
   2:38'56"35 ; DC    ;  65,810 ;     mV ;       ; 01:11:29
   2:38'56"62 ; DC    ;  65,800 ;     mV ;       ; 01:11:29
   2:38'56"89 ; DC    ;  65,810 ;     mV ;       ; 01:11:29
   2:38'57"16 ; DC    ;  65,810 ;     mV ;       ; 01:11:29
   2:38'57"41 ; DC    ;  65,820 ;     mV ;       ; 01:11:30
   2:38'57"70 ; DC    ;  65,810 ;     mV ;       ; 01:11:30
   2:38'57"94 ; DC    ;  65,810 ;     mV ;       ; 01:11:30
   2:38'58"19 ; DC    ;  65,820 ;     mV ;       ; 01:11:30
   2:38'58"46 ; DC    ;  65,810 ;     mV ;       ; 01:11:31
   2:38'58"73 ; DC    ;  65,810 ;     mV ;       ; 01:11:31
   2:38'58"97 ; DC    ;  65,820 ;     mV ;       ; 01:11:31
   2:38'59"23 ; DC    ;  65,820 ;     mV ;       ; 01:11:31
   2:38'59"49 ; DC    ;  65,830 ;     mV ;       ; 01:11:32
   2:38'59"76 ; DC    ;  65,830 ;     mV ;       ; 01:11:32
   2:39'00"06 ; DC    ;  65,810 ;     mV ;       ; 01:11:32
   2:39'00"33 ; DC    ;  65,810 ;     mV ;       ; 01:11:32
   2:39'00"60 ; DC    ;  65,820 ;     mV ;       ; 01:11:33
   2:39'00"88 ; DC    ;  65,820 ;     mV ;       ; 01:11:33
   2:39'01"17 ; DC    ;  65,820 ;     mV ;       ; 01:11:33
   2:39'01"45 ; DC    ;  65,820 ;     mV ;       ; 01:11:34
   2:39'01"73 ; DC    ;  65,820 ;     mV ;       ; 01:11:34
   2:39'02"01 ; DC    ;  65,810 ;     mV ;       ; 01:11:34
   2:39'02"29 ; DC    ;  65,810 ;     mV ;       ; 01:11:34
   2:39'02"58 ; DC    ;  65,820 ;     mV ;       ; 01:11:35
   2:39'02"86 ; DC    ;  65,820 ;     mV ;       ; 01:11:35
   2:39'03"15 ; DC    ;  65,830 ;     mV ;       ; 01:11:35
   2:39'03"43 ; DC    ;  65,820 ;     mV ;       ; 01:11:36
   2:39'03"71 ; DC    ;  65,820 ;     mV ;       ; 01:11:36
   2:39'03"98 ; DC    ;  65,800 ;     mV ;       ; 01:11:36
   2:39'04"24 ; DC    ;  65,810 ;     mV ;       ; 01:11:36
   2:39'04"51 ; DC    ;  65,780 ;     mV ;       ; 01:11:37
   2:39'04"78 ; DC    ;  65,790 ;     mV ;       ; 01:11:37
   2:39'05"07 ; DC    ;  65,790 ;     mV ;       ; 01:11:37
   2:39'05"35 ; DC    ;  65,800 ;     mV ;       ; 01:11:38
   2:39'05"60 ; DC    ;  65,810 ;     mV ;       ; 01:11:38
   2:39'05"86 ; DC    ;  65,820 ;     mV ;       ; 01:11:38
   2:39'06"12 ; DC    ;  65,830 ;     mV ;       ; 01:11:38
   2:39'06"41 ; DC    ;  65,820 ;     mV ;       ; 01:11:39
   2:39'06"69 ; DC    ;  65,830 ;     mV ;       ; 01:11:39
   2:39'06"97 ; DC    ;  65,810 ;     mV ;       ; 01:11:39
   2:39'07"26 ; DC    ;  65,810 ;     mV ;       ; 01:11:39
   2:39'07"57 ; DC    ;  65,810 ;     mV ;       ; 01:11:40
   2:39'07"83 ; DC    ;  65,800 ;     mV ;       ; 01:11:40
   2:39'08"08 ; DC    ;  65,800 ;     mV ;       ; 01:11:40
   2:39'08"35 ; DC    ;  65,800 ;     mV ;       ; 01:11:41
   2:39'08"61 ; DC    ;  65,780 ;     mV ;       ; 01:11:41
   2:39'08"88 ; DC    ;  65,790 ;     mV ;       ; 01:11:41
   2:39'09"14 ; DC    ;  65,790 ;     mV ;       ; 01:11:41
   2:39'09"39 ; DC    ;  65,790 ;     mV ;       ; 01:11:42
   2:39'09"68 ; DC    ;  65,790 ;     mV ;       ; 01:11:42
   2:39'09"94 ; DC    ;  65,790 ;     mV ;       ; 01:11:42
   2:39'10"19 ; DC    ;  65,800 ;     mV ;       ; 01:11:42
   2:39'10"47 ; DC    ;  65,820 ;     mV ;       ; 01:11:43
   2:39'10"74 ; DC    ;  65,820 ;     mV ;       ; 01:11:43
   2:39'11"02 ; DC    ;  65,800 ;     mV ;       ; 01:11:43
   2:39'11"27 ; DC    ;  65,810 ;     mV ;       ; 01:11:43
   2:39'11"56 ; DC    ;  65,830 ;     mV ;       ; 01:11:44
   2:39'11"82 ; DC    ;  65,840 ;     mV ;       ; 01:11:44
   2:39'12"11 ; DC    ;  65,830 ;     mV ;       ; 01:11:44
   2:39'12"38 ; DC    ;  65,830 ;     mV ;       ; 01:11:45
   2:39'12"64 ; DC    ;  65,840 ;     mV ;       ; 01:11:45
   2:39'12"89 ; DC    ;  65,840 ;     mV ;       ; 01:11:45
   2:39'13"15 ; DC    ;  65,840 ;     mV ;       ; 01:11:45
   2:39'13"42 ; DC    ;  65,840 ;     mV ;       ; 01:11:46
   2:39'13"69 ; DC    ;  65,830 ;     mV ;       ; 01:11:46
   2:39'14"02 ; DC    ;  65,830 ;     mV ;       ; 01:11:46
   2:39'14"28 ; DC    ;  65,820 ;     mV ;       ; 01:11:46
   2:39'14"55 ; DC    ;  65,830 ;     mV ;       ; 01:11:47
   2:39'14"82 ; DC    ;  65,830 ;     mV ;       ; 01:11:47
   2:39'15"10 ; DC    ;  65,840 ;     mV ;       ; 01:11:47
   2:39'15"37 ; DC    ;  65,820 ;     mV ;       ; 01:11:48
   2:39'15"68 ; DC    ;  65,830 ;     mV ;       ; 01:11:48
   2:39'15"93 ; DC    ;  65,830 ;     mV ;       ; 01:11:48
   2:39'16"20 ; DC    ;  65,830 ;     mV ;       ; 01:11:48
   2:39'16"46 ; DC    ;  65,840 ;     mV ;       ; 01:11:49
   2:39'16"75 ; DC    ;  65,840 ;     mV ;       ; 01:11:49
   2:39'17"02 ; DC    ;  65,850 ;     mV ;       ; 01:11:49
   2:39'17"32 ; DC    ;  65,860 ;     mV ;       ; 01:11:49
   2:39'17"59 ; DC    ;  65,890 ;     mV ;       ; 01:11:50
   2:39'17"86 ; DC    ;  65,880 ;     mV ;       ; 01:11:50
   2:39'18"11 ; DC    ;  65,860 ;     mV ;       ; 01:11:50
   2:39'18"35 ; DC    ;  65,870 ;     mV ;       ; 01:11:51
   2:39'18"65 ; DC    ;  65,860 ;     mV ;       ; 01:11:51
   2:39'18"90 ; DC    ;  65,880 ;     mV ;       ; 01:11:51
   2:39'19"14 ; DC    ;  65,870 ;     mV ;       ; 01:11:51
   2:39'19"41 ; DC    ;  65,870 ;     mV ;       ; 01:11:52
   2:39'19"68 ; DC    ;  65,860 ;     mV ;       ; 01:11:52
   2:39'19"96 ; DC    ;  65,850 ;     mV ;       ; 01:11:52
   2:39'20"24 ; DC    ;  65,850 ;     mV ;       ; 01:11:52
   2:39'20"51 ; DC    ;  65,850 ;     mV ;       ; 01:11:53
   2:39'20"81 ; DC    ;  65,860 ;     mV ;       ; 01:11:53
   2:39'21"09 ; DC    ;  65,850 ;     mV ;       ; 01:11:53
   2:39'21"36 ; DC    ;  65,840 ;     mV ;       ; 01:11:54
   2:39'21"64 ; DC    ;  65,850 ;     mV ;       ; 01:11:54
   2:39'21"92 ; DC    ;  65,860 ;     mV ;       ; 01:11:54
   2:39'22"18 ; DC    ;  65,860 ;     mV ;       ; 01:11:54
   2:39'22"46 ; DC    ;  65,850 ;     mV ;       ; 01:11:55
   2:39'22"74 ; DC    ;  65,850 ;     mV ;       ; 01:11:55
   2:39'22"99 ; DC    ;  65,850 ;     mV ;       ; 01:11:55
   2:39'23"24 ; DC    ;  65,850 ;     mV ;       ; 01:11:55
   2:39'23"51 ; DC    ;  65,870 ;     mV ;       ; 01:11:56
   2:39'23"79 ; DC    ;  65,870 ;     mV ;       ; 01:11:56
   2:39'24"08 ; DC    ;  65,860 ;     mV ;       ; 01:11:56
   2:39'24"36 ; DC    ;  65,860 ;     mV ;       ; 01:11:57
   2:39'24"64 ; DC    ;  65,880 ;     mV ;       ; 01:11:57
   2:39'24"92 ; DC    ;  65,870 ;     mV ;       ; 01:11:57
   2:39'25"19 ; DC    ;  65,890 ;     mV ;       ; 01:11:57
   2:39'25"46 ; DC    ;  65,890 ;     mV ;       ; 01:11:58
   2:39'25"72 ; DC    ;  65,890 ;     mV ;       ; 01:11:58
   2:39'25"99 ; DC    ;  65,870 ;     mV ;       ; 01:11:58
   2:39'26"26 ; DC    ;  65,880 ;     mV ;       ; 01:11:58
   2:39'26"55 ; DC    ;  65,870 ;     mV ;       ; 01:11:59
   2:39'26"82 ; DC    ;  65,880 ;     mV ;       ; 01:11:59
   2:39'27"07 ; DC    ;  65,870 ;     mV ;       ; 01:11:59
   2:39'27"34 ; DC    ;  65,860 ;     mV ;       ; 01:12:00
   2:39'27"62 ; DC    ;  65,870 ;     mV ;       ; 01:12:00
   2:39'27"88 ; DC    ;  65,860 ;     mV ;       ; 01:12:00
   2:39'28"16 ; DC    ;  65,860 ;     mV ;       ; 01:12:00
   2:39'28"42 ; DC    ;  65,870 ;     mV ;       ; 01:12:01
   2:39'28"67 ; DC    ;  65,860 ;     mV ;       ; 01:12:01
   2:39'28"95 ; DC    ;  65,870 ;     mV ;       ; 01:12:01
   2:39'29"21 ; DC    ;  65,870 ;     mV ;       ; 01:12:01
   2:39'29"48 ; DC    ;  65,880 ;     mV ;       ; 01:12:02
   2:39'29"75 ; DC    ;  65,870 ;     mV ;       ; 01:12:02
   2:39'30"02 ; DC    ;  65,880 ;     mV ;       ; 01:12:02
   2:39'30"29 ; DC    ;  65,870 ;     mV ;       ; 01:12:02
   2:39'30"57 ; DC    ;  65,870 ;     mV ;       ; 01:12:03
   2:39'30"85 ; DC    ;  65,880 ;     mV ;       ; 01:12:03
   2:39'31"13 ; DC    ;  65,880 ;     mV ;       ; 01:12:03
   2:39'31"40 ; DC    ;  65,880 ;     mV ;       ; 01:12:04
   2:39'31"68 ; DC    ;  65,860 ;     mV ;       ; 01:12:04
   2:39'31"95 ; DC    ;  65,880 ;     mV ;       ; 01:12:04
   2:39'32"25 ; DC    ;  65,880 ;     mV ;       ; 01:12:04
   2:39'32"53 ; DC    ;  65,880 ;     mV ;       ; 01:12:05
   2:39'32"80 ; DC    ;  65,880 ;     mV ;       ; 01:12:05
   2:39'33"07 ; DC    ;  65,880 ;     mV ;       ; 01:12:05
   2:39'33"33 ; DC    ;  65,880 ;     mV ;       ; 01:12:06
   2:39'33"60 ; DC    ;  65,890 ;     mV ;       ; 01:12:06
   2:39'33"87 ; DC    ;  65,880 ;     mV ;       ; 01:12:06
   2:39'34"14 ; DC    ;  65,880 ;     mV ;       ; 01:12:06
   2:39'34"41 ; DC    ;  65,880 ;     mV ;       ; 01:12:07
   2:39'34"69 ; DC    ;  65,900 ;     mV ;       ; 01:12:07
   2:39'34"97 ; DC    ;  65,900 ;     mV ;       ; 01:12:07
   2:39'35"25 ; DC    ;  65,880 ;     mV ;       ; 01:12:07
   2:39'35"53 ; DC    ;  65,900 ;     mV ;       ; 01:12:08
   2:39'35"82 ; DC    ;  65,890 ;     mV ;       ; 01:12:08
   2:39'36"10 ; DC    ;  65,870 ;     mV ;       ; 01:12:08
   2:39'36"38 ; DC    ;  65,890 ;     mV ;       ; 01:12:09
   2:39'36"67 ; DC    ;  65,890 ;     mV ;       ; 01:12:09
   2:39'36"93 ; DC    ;  65,870 ;     mV ;       ; 01:12:09
   2:39'37"20 ; DC    ;  65,880 ;     mV ;       ; 01:12:09
   2:39'37"47 ; DC    ;  65,880 ;     mV ;       ; 01:12:10
   2:39'37"73 ; DC    ;  65,880 ;     mV ;       ; 01:12:10
   2:39'37"98 ; DC    ;  65,880 ;     mV ;       ; 01:12:10
   2:39'38"25 ; DC    ;  65,890 ;     mV ;       ; 01:12:10
   2:39'38"50 ; DC    ;  65,870 ;     mV ;       ; 01:12:11
   2:39'38"81 ; DC    ;  65,900 ;     mV ;       ; 01:12:11
   2:39'39"10 ; DC    ;  65,870 ;     mV ;       ; 01:12:11
   2:39'39"40 ; DC    ;  65,880 ;     mV ;       ; 01:12:12
   2:39'39"68 ; DC    ;  65,880 ;     mV ;       ; 01:12:12
   2:39'39"97 ; DC    ;  65,880 ;     mV ;       ; 01:12:12
   2:39'40"27 ; DC    ;  65,880 ;     mV ;       ; 01:12:12
   2:39'40"54 ; DC    ;  65,880 ;     mV ;       ; 01:12:13
   2:39'40"82 ; DC    ;  65,890 ;     mV ;       ; 01:12:13
   2:39'41"08 ; DC    ;  65,880 ;     mV ;       ; 01:12:13
   2:39'41"36 ; DC    ;  65,880 ;     mV ;       ; 01:12:14
   2:39'41"66 ; DC    ;  65,880 ;     mV ;       ; 01:12:14
   2:39'41"95 ; DC    ;  65,880 ;     mV ;       ; 01:12:14
   2:39'42"22 ; DC    ;  65,880 ;     mV ;       ; 01:12:14
   2:39'42"48 ; DC    ;  65,890 ;     mV ;       ; 01:12:15
   2:39'42"75 ; DC    ;  65,890 ;     mV ;       ; 01:12:15
   2:39'43"01 ; DC    ;  65,880 ;     mV ;       ; 01:12:15
   2:39'43"27 ; DC    ;  65,900 ;     mV ;       ; 01:12:15
   2:39'43"53 ; DC    ;  65,890 ;     mV ;       ; 01:12:16
   2:39'43"79 ; DC    ;  65,890 ;     mV ;       ; 01:12:16
   2:39'44"06 ; DC    ;  65,910 ;     mV ;       ; 01:12:16
   2:39'44"33 ; DC    ;  65,910 ;     mV ;       ; 01:12:17
   2:39'44"60 ; DC    ;  65,910 ;     mV ;       ; 01:12:17
   2:39'44"88 ; DC    ;  65,900 ;     mV ;       ; 01:12:17
   2:39'45"16 ; DC    ;  65,900 ;     mV ;       ; 01:12:17
   2:39'45"44 ; DC    ;  65,890 ;     mV ;       ; 01:12:18
   2:39'45"72 ; DC    ;  65,890 ;     mV ;       ; 01:12:18
   2:39'45"99 ; DC    ;  65,900 ;     mV ;       ; 01:12:18
   2:39'46"27 ; DC    ;  65,910 ;     mV ;       ; 01:12:18
   2:39'46"56 ; DC    ;  65,900 ;     mV ;       ; 01:12:19
   2:39'46"84 ; DC    ;  65,880 ;     mV ;       ; 01:12:19
   2:39'47"11 ; DC    ;  65,900 ;     mV ;       ; 01:12:19
   2:39'47"39 ; DC    ;  65,900 ;     mV ;       ; 01:12:20
   2:39'47"66 ; DC    ;  65,900 ;     mV ;       ; 01:12:20
   2:39'47"93 ; DC    ;  65,900 ;     mV ;       ; 01:12:20
   2:39'48"20 ; DC    ;  65,900 ;     mV ;       ; 01:12:20
   2:39'48"45 ; DC    ;  65,910 ;     mV ;       ; 01:12:21
   2:39'48"70 ; DC    ;  65,910 ;     mV ;       ; 01:12:21
   2:39'48"96 ; DC    ;  65,900 ;     mV ;       ; 01:12:21
   2:39'49"23 ; DC    ;  65,900 ;     mV ;       ; 01:12:21
   2:39'49"51 ; DC    ;  65,900 ;     mV ;       ; 01:12:22
   2:39'49"79 ; DC    ;  65,900 ;     mV ;       ; 01:12:22
   2:39'50"07 ; DC    ;  65,900 ;     mV ;       ; 01:12:22
   2:39'50"32 ; DC    ;  65,900 ;     mV ;       ; 01:12:22
   2:39'50"59 ; DC    ;  65,890 ;     mV ;       ; 01:12:23
   2:39'50"86 ; DC    ;  65,900 ;     mV ;       ; 01:12:23
   2:39'51"14 ; DC    ;  65,890 ;     mV ;       ; 01:12:23
   2:39'51"40 ; DC    ;  65,880 ;     mV ;       ; 01:12:24
   2:39'51"66 ; DC    ;  65,900 ;     mV ;       ; 01:12:24
   2:39'51"91 ; DC    ;  65,900 ;     mV ;       ; 01:12:24
   2:39'52"18 ; DC    ;  65,910 ;     mV ;       ; 01:12:24
   2:39'52"45 ; DC    ;  65,920 ;     mV ;       ; 01:12:25
   2:39'52"73 ; DC    ;  65,920 ;     mV ;       ; 01:12:25
   2:39'53"00 ; DC    ;  65,920 ;     mV ;       ; 01:12:25
   2:39'53"25 ; DC    ;  65,900 ;     mV ;       ; 01:12:25
   2:39'53"56 ; DC    ;  65,900 ;     mV ;       ; 01:12:26
   2:39'53"82 ; DC    ;  65,910 ;     mV ;       ; 01:12:26
   2:39'54"09 ; DC    ;  65,920 ;     mV ;       ; 01:12:26
   2:39'54"36 ; DC    ;  65,920 ;     mV ;       ; 01:12:27
   2:39'54"63 ; DC    ;  65,910 ;     mV ;       ; 01:12:27
   2:39'54"88 ; DC    ;  65,910 ;     mV ;       ; 01:12:27
   2:39'55"15 ; DC    ;  65,910 ;     mV ;       ; 01:12:27
   2:39'55"42 ; DC    ;  65,910 ;     mV ;       ; 01:12:28
   2:39'55"70 ; DC    ;  65,910 ;     mV ;       ; 01:12:28
   2:39'55"97 ; DC    ;  65,920 ;     mV ;       ; 01:12:28
   2:39'56"24 ; DC    ;  65,910 ;     mV ;       ; 01:12:28
   2:39'56"49 ; DC    ;  65,910 ;     mV ;       ; 01:12:29
   2:39'56"76 ; DC    ;  65,910 ;     mV ;       ; 01:12:29
   2:39'57"03 ; DC    ;  65,910 ;     mV ;       ; 01:12:29
   2:39'57"31 ; DC    ;  65,900 ;     mV ;       ; 01:12:29
   2:39'57"58 ; DC    ;  65,910 ;     mV ;       ; 01:12:30
   2:39'57"86 ; DC    ;  65,910 ;     mV ;       ; 01:12:30
   2:39'58"12 ; DC    ;  65,900 ;     mV ;       ; 01:12:30
   2:39'58"39 ; DC    ;  65,910 ;     mV ;       ; 01:12:31
   2:39'58"68 ; DC    ;  65,900 ;     mV ;       ; 01:12:31
   2:39'58"97 ; DC    ;  65,910 ;     mV ;       ; 01:12:31
   2:39'59"26 ; DC    ;  65,920 ;     mV ;       ; 01:12:31
   2:39'59"52 ; DC    ;  65,920 ;     mV ;       ; 01:12:32
   2:39'59"79 ; DC    ;  65,920 ;     mV ;       ; 01:12:32
   2:40'00"08 ; DC    ;  65,900 ;     mV ;       ; 01:12:32
   2:40'00"39 ; DC    ;  65,920 ;     mV ;       ; 01:12:33
   2:40'00"70 ; DC    ;  65,920 ;     mV ;       ; 01:12:33
   2:40'00"98 ; DC    ;  65,900 ;     mV ;       ; 01:12:33
   2:40'01"25 ; DC    ;  65,920 ;     mV ;       ; 01:12:33
   2:40'01"50 ; DC    ;  65,920 ;     mV ;       ; 01:12:34
   2:40'01"80 ; DC    ;  65,920 ;     mV ;       ; 01:12:34
   2:40'02"06 ; DC    ;  65,940 ;     mV ;       ; 01:12:34
   2:40'02"37 ; DC    ;  65,940 ;     mV ;       ; 01:12:35
   2:40'02"65 ; DC    ;  65,950 ;     mV ;       ; 01:12:35
   2:40'02"93 ; DC    ;  65,940 ;     mV ;       ; 01:12:35
   2:40'03"21 ; DC    ;  65,940 ;     mV ;       ; 01:12:35
   2:40'03"48 ; DC    ;  65,930 ;     mV ;       ; 01:12:36
   2:40'03"76 ; DC    ;  65,940 ;     mV ;       ; 01:12:36
   2:40'04"02 ; DC    ;  65,940 ;     mV ;       ; 01:12:36
   2:40'04"30 ; DC    ;  65,930 ;     mV ;       ; 01:12:36
   2:40'04"58 ; DC    ;  65,910 ;     mV ;       ; 01:12:37
   2:40'04"85 ; DC    ;  65,900 ;     mV ;       ; 01:12:37
   2:40'05"12 ; DC    ;  65,910 ;     mV ;       ; 01:12:37
   2:40'05"39 ; DC    ;  65,900 ;     mV ;       ; 01:12:38
   2:40'05"67 ; DC    ;  65,920 ;     mV ;       ; 01:12:38
   2:40'05"96 ; DC    ;  65,920 ;     mV ;       ; 01:12:38
   2:40'06"21 ; DC    ;  65,930 ;     mV ;       ; 01:12:38
   2:40'06"51 ; DC    ;  65,930 ;     mV ;       ; 01:12:39
   2:40'06"78 ; DC    ;  65,900 ;     mV ;       ; 01:12:39
   2:40'07"06 ; DC    ;  65,920 ;     mV ;       ; 01:12:39
   2:40'07"33 ; DC    ;  65,910 ;     mV ;       ; 01:12:39
   2:40'07"60 ; DC    ;  65,910 ;     mV ;       ; 01:12:40
   2:40'07"85 ; DC    ;  65,920 ;     mV ;       ; 01:12:40
   2:40'08"13 ; DC    ;  65,920 ;     mV ;       ; 01:12:40
   2:40'08"38 ; DC    ;  65,920 ;     mV ;       ; 01:12:41
   2:40'08"65 ; DC    ;  65,920 ;     mV ;       ; 01:12:41
   2:40'08"90 ; DC    ;  65,920 ;     mV ;       ; 01:12:41
   2:40'09"18 ; DC    ;  65,920 ;     mV ;       ; 01:12:41
   2:40'09"45 ; DC    ;  65,920 ;     mV ;       ; 01:12:42
   2:40'09"75 ; DC    ;  65,930 ;     mV ;       ; 01:12:42
   2:40'10"03 ; DC    ;  65,940 ;     mV ;       ; 01:12:42
   2:40'10"29 ; DC    ;  65,930 ;     mV ;       ; 01:12:42
   2:40'10"56 ; DC    ;  65,910 ;     mV ;       ; 01:12:43
   2:40'10"84 ; DC    ;  65,920 ;     mV ;       ; 01:12:43
   2:40'11"12 ; DC    ;  65,940 ;     mV ;       ; 01:12:43
   2:40'11"38 ; DC    ;  65,930 ;     mV ;       ; 01:12:44
   2:40'11"63 ; DC    ;  65,940 ;     mV ;       ; 01:12:44
   2:40'11"89 ; DC    ;  65,940 ;     mV ;       ; 01:12:44
   2:40'12"15 ; DC    ;  65,940 ;     mV ;       ; 01:12:44
   2:40'12"41 ; DC    ;  65,940 ;     mV ;       ; 01:12:45
   2:40'12"68 ; DC    ;  65,950 ;     mV ;       ; 01:12:45
   2:40'12"94 ; DC    ;  65,930 ;     mV ;       ; 01:12:45
   2:40'13"20 ; DC    ;  65,930 ;     mV ;       ; 01:12:45
   2:40'13"46 ; DC    ;  65,910 ;     mV ;       ; 01:12:46
   2:40'13"74 ; DC    ;  65,910 ;     mV ;       ; 01:12:46
   2:40'14"01 ; DC    ;  65,890 ;     mV ;       ; 01:12:46
   2:40'14"30 ; DC    ;  65,900 ;     mV ;       ; 01:12:46
   2:40'14"63 ; DC    ;  65,900 ;     mV ;       ; 01:12:47
   2:40'14"93 ; DC    ;  65,910 ;     mV ;       ; 01:12:47
   2:40'15"20 ; DC    ;  65,910 ;     mV ;       ; 01:12:47
   2:40'15"46 ; DC    ;  65,900 ;     mV ;       ; 01:12:48
   2:40'15"72 ; DC    ;  65,920 ;     mV ;       ; 01:12:48
   2:40'15"99 ; DC    ;  65,920 ;     mV ;       ; 01:12:48
   2:40'16"26 ; DC    ;  65,920 ;     mV ;       ; 01:12:48
   2:40'16"53 ; DC    ;  65,920 ;     mV ;       ; 01:12:49
   2:40'16"79 ; DC    ;  65,920 ;     mV ;       ; 01:12:49
   2:40'17"05 ; DC    ;  65,920 ;     mV ;       ; 01:12:49
   2:40'17"41 ; DC    ;  65,920 ;     mV ;       ; 01:12:50
   2:40'17"69 ; DC    ;  65,930 ;     mV ;       ; 01:12:50
   2:40'17"99 ; DC    ;  65,920 ;     mV ;       ; 01:12:50
   2:40'18"25 ; DC    ;  65,920 ;     mV ;       ; 01:12:50
   2:40'18"62 ; DC    ;  65,920 ;     mV ;       ; 01:12:51
   2:40'18"91 ; DC    ;  65,930 ;     mV ;       ; 01:12:51
   2:40'19"17 ; DC    ;  65,930 ;     mV ;       ; 01:12:51
   2:40'19"43 ; DC    ;  65,920 ;     mV ;       ; 01:12:52
   2:40'19"69 ; DC    ;  65,920 ;     mV ;       ; 01:12:52
   2:40'19"97 ; DC    ;  65,950 ;     mV ;       ; 01:12:52
   2:40'20"24 ; DC    ;  65,950 ;     mV ;       ; 01:12:52
   2:40'20"52 ; DC    ;  65,950 ;     mV ;       ; 01:12:53
   2:40'20"79 ; DC    ;  65,940 ;     mV ;       ; 01:12:53
   2:40'21"06 ; DC    ;  65,940 ;     mV ;       ; 01:12:53
   2:40'21"33 ; DC    ;  65,960 ;     mV ;       ; 01:12:53
   2:40'21"59 ; DC    ;  65,940 ;     mV ;       ; 01:12:54
   2:40'21"84 ; DC    ;  65,940 ;     mV ;       ; 01:12:54
   2:40'22"08 ; DC    ;  65,940 ;     mV ;       ; 01:12:54
   2:40'22"36 ; DC    ;  65,950 ;     mV ;       ; 01:12:55
   2:40'22"62 ; DC    ;  65,950 ;     mV ;       ; 01:12:55
   2:40'22"87 ; DC    ;  65,960 ;     mV ;       ; 01:12:55
   2:40'23"13 ; DC    ;  65,960 ;     mV ;       ; 01:12:55
   2:40'23"38 ; DC    ;  65,950 ;     mV ;       ; 01:12:56
   2:40'23"64 ; DC    ;  65,940 ;     mV ;       ; 01:12:56
   2:40'23"91 ; DC    ;  65,940 ;     mV ;       ; 01:12:56
   2:40'24"16 ; DC    ;  65,950 ;     mV ;       ; 01:12:56
   2:40'24"47 ; DC    ;  65,950 ;     mV ;       ; 01:12:57
   2:40'24"73 ; DC    ;  65,930 ;     mV ;       ; 01:12:57
   2:40'25"01 ; DC    ;  65,960 ;     mV ;       ; 01:12:57
   2:40'25"30 ; DC    ;  65,970 ;     mV ;       ; 01:12:57
   2:40'25"58 ; DC    ;  65,960 ;     mV ;       ; 01:12:58
   2:40'25"86 ; DC    ;  65,960 ;     mV ;       ; 01:12:58
   2:40'26"12 ; DC    ;  65,950 ;     mV ;       ; 01:12:58
   2:40'26"41 ; DC    ;  65,960 ;     mV ;       ; 01:12:59
   2:40'26"73 ; DC    ;  65,950 ;     mV ;       ; 01:12:59
   2:40'27"01 ; DC    ;  65,960 ;     mV ;       ; 01:12:59
   2:40'27"28 ; DC    ;  65,940 ;     mV ;       ; 01:12:59
   2:40'27"52 ; DC    ;  65,940 ;     mV ;       ; 01:13:00
   2:40'27"79 ; DC    ;  65,920 ;     mV ;       ; 01:13:00
   2:40'28"05 ; DC    ;  65,920 ;     mV ;       ; 01:13:00
   2:40'28"32 ; DC    ;  65,930 ;     mV ;       ; 01:13:00
   2:40'28"59 ; DC    ;  65,910 ;     mV ;       ; 01:13:01
   2:40'28"86 ; DC    ;  65,910 ;     mV ;       ; 01:13:01
   2:40'29"14 ; DC    ;  65,930 ;     mV ;       ; 01:13:01
   2:40'29"41 ; DC    ;  65,940 ;     mV ;       ; 01:13:02
   2:40'29"67 ; DC    ;  65,940 ;     mV ;       ; 01:13:02
   2:40'29"93 ; DC    ;  65,940 ;     mV ;       ; 01:13:02
   2:40'30"20 ; DC    ;  65,940 ;     mV ;       ; 01:13:02
   2:40'30"45 ; DC    ;  65,950 ;     mV ;       ; 01:13:03
   2:40'30"71 ; DC    ;  65,930 ;     mV ;       ; 01:13:03
   2:40'30"96 ; DC    ;  65,930 ;     mV ;       ; 01:13:03
   2:40'31"21 ; DC    ;  65,920 ;     mV ;       ; 01:13:03
   2:40'31"47 ; DC    ;  65,910 ;     mV ;       ; 01:13:04
   2:40'31"73 ; DC    ;  65,910 ;     mV ;       ; 01:13:04
   2:40'31"99 ; DC    ;  65,920 ;     mV ;       ; 01:13:04
   2:40'32"24 ; DC    ;  65,910 ;     mV ;       ; 01:13:04
   2:40'32"49 ; DC    ;  65,910 ;     mV ;       ; 01:13:05
   2:40'32"75 ; DC    ;  65,910 ;     mV ;       ; 01:13:05
   2:40'33"02 ; DC    ;  65,920 ;     mV ;       ; 01:13:05
   2:40'33"28 ; DC    ;  65,920 ;     mV ;       ; 01:13:05
   2:40'33"55 ; DC    ;  65,920 ;     mV ;       ; 01:13:06
   2:40'33"81 ; DC    ;  65,920 ;     mV ;       ; 01:13:06
   2:40'34"08 ; DC    ;  65,910 ;     mV ;       ; 01:13:06
   2:40'34"34 ; DC    ;  65,890 ;     mV ;       ; 01:13:07
   2:40'34"62 ; DC    ;  65,830 ;     mV ;       ; 01:13:07
   2:40'34"88 ; DC    ;  65,840 ;     mV ;       ; 01:13:07
   2:40'35"13 ; DC    ;  65,860 ;     mV ;       ; 01:13:07
   2:40'35"42 ; DC    ;  65,890 ;     mV ;       ; 01:13:08
   2:40'35"71 ; DC    ;  65,900 ;     mV ;       ; 01:13:08
   2:40'35"99 ; DC    ;  65,890 ;     mV ;       ; 01:13:08
   2:40'36"26 ; DC    ;  65,820 ;     mV ;       ; 01:13:08
   2:40'36"52 ; DC    ;  65,820 ;     mV ;       ; 01:13:09
   2:40'36"78 ; DC    ;  65,800 ;     mV ;       ; 01:13:09
   2:40'37"05 ; DC    ;  65,820 ;     mV ;       ; 01:13:09
   2:40'37"34 ; DC    ;  65,820 ;     mV ;       ; 01:13:10
   2:40'37"60 ; DC    ;  65,820 ;     mV ;       ; 01:13:10
   2:40'37"87 ; DC    ;  65,820 ;     mV ;       ; 01:13:10
   2:40'38"14 ; DC    ;  65,790 ;     mV ;       ; 01:13:10
   2:40'38"41 ; DC    ;  65,810 ;     mV ;       ; 01:13:11
   2:40'38"68 ; DC    ;  65,810 ;     mV ;       ; 01:13:11
   2:40'38"93 ; DC    ;  65,800 ;     mV ;       ; 01:13:11
   2:40'39"18 ; DC    ;  65,800 ;     mV ;       ; 01:13:11
   2:40'39"44 ; DC    ;  65,800 ;     mV ;       ; 01:13:12
   2:40'39"70 ; DC    ;  65,830 ;     mV ;       ; 01:13:12
   2:40'39"96 ; DC    ;  65,830 ;     mV ;       ; 01:13:12
   2:40'40"23 ; DC    ;  65,820 ;     mV ;       ; 01:13:12
   2:40'40"49 ; DC    ;  65,780 ;     mV ;       ; 01:13:13
   2:40'40"74 ; DC    ;  65,820 ;     mV ;       ; 01:13:13
   2:40'41"01 ; DC    ;  65,820 ;     mV ;       ; 01:13:13
   2:40'41"26 ; DC    ;  65,820 ;     mV ;       ; 01:13:13
   2:40'41"52 ; DC    ;  65,790 ;     mV ;       ; 01:13:14
   2:40'41"78 ; DC    ;  65,800 ;     mV ;       ; 01:13:14
   2:40'42"05 ; DC    ;  65,770 ;     mV ;       ; 01:13:14
   2:40'42"29 ; DC    ;  65,780 ;     mV ;       ; 01:13:14
   2:40'42"56 ; DC    ;  65,780 ;     mV ;       ; 01:13:15
   2:40'42"82 ; DC    ;  65,810 ;     mV ;       ; 01:13:15
   2:40'43"09 ; DC    ;  65,810 ;     mV ;       ; 01:13:15
   2:40'43"34 ; DC    ;  65,830 ;     mV ;       ; 01:13:16
   2:40'43"60 ; DC    ;  65,840 ;     mV ;       ; 01:13:16
   2:40'43"86 ; DC    ;  65,820 ;     mV ;       ; 01:13:16
   2:40'44"12 ; DC    ;  65,840 ;     mV ;       ; 01:13:16
   2:40'44"38 ; DC    ;  65,860 ;     mV ;       ; 01:13:17
   2:40'44"65 ; DC    ;  65,860 ;     mV ;       ; 01:13:17
   2:40'44"92 ; DC    ;  65,860 ;     mV ;       ; 01:13:17
   2:40'45"19 ; DC    ;  65,860 ;     mV ;       ; 01:13:17
   2:40'45"46 ; DC    ;  65,870 ;     mV ;       ; 01:13:18
   2:40'45"76 ; DC    ;  65,870 ;     mV ;       ; 01:13:18
   2:40'46"04 ; DC    ;  65,860 ;     mV ;       ; 01:13:18
   2:40'46"31 ; DC    ;  65,850 ;     mV ;       ; 01:13:18
   2:40'46"59 ; DC    ;  65,840 ;     mV ;       ; 01:13:19
   2:40'46"85 ; DC    ;  65,850 ;     mV ;       ; 01:13:19
   2:40'47"10 ; DC    ;  65,840 ;     mV ;       ; 01:13:19
   2:40'47"37 ; DC    ;  65,830 ;     mV ;       ; 01:13:20
   2:40'47"62 ; DC    ;  65,830 ;     mV ;       ; 01:13:20
   2:40'47"87 ; DC    ;  65,800 ;     mV ;       ; 01:13:20
   2:40'48"12 ; DC    ;  65,790 ;     mV ;       ; 01:13:20
   2:40'48"38 ; DC    ;  65,800 ;     mV ;       ; 01:13:21
   2:40'48"63 ; DC    ;  65,800 ;     mV ;       ; 01:13:21
   2:40'48"88 ; DC    ;  65,790 ;     mV ;       ; 01:13:21
   2:40'49"14 ; DC    ;  65,790 ;     mV ;       ; 01:13:21
   2:40'49"40 ; DC    ;  65,790 ;     mV ;       ; 01:13:22
   2:40'49"67 ; DC    ;  65,820 ;     mV ;       ; 01:13:22
   2:40'49"93 ; DC    ;  65,800 ;     mV ;       ; 01:13:22
   2:40'50"19 ; DC    ;  65,810 ;     mV ;       ; 01:13:22
   2:40'50"47 ; DC    ;  65,820 ;     mV ;       ; 01:13:23
   2:40'50"76 ; DC    ;  65,810 ;     mV ;       ; 01:13:23
   2:40'51"03 ; DC    ;  65,810 ;     mV ;       ; 01:13:23
   2:40'51"32 ; DC    ;  65,820 ;     mV ;       ; 01:13:23
   2:40'51"57 ; DC    ;  65,840 ;     mV ;       ; 01:13:24
   2:40'51"84 ; DC    ;  65,840 ;     mV ;       ; 01:13:24
   2:40'52"12 ; DC    ;  65,860 ;     mV ;       ; 01:13:24
   2:40'52"38 ; DC    ;  65,840 ;     mV ;       ; 01:13:25
   2:40'52"63 ; DC    ;  65,800 ;     mV ;       ; 01:13:25
   2:40'52"95 ; DC    ;  65,800 ;     mV ;       ; 01:13:25
   2:40'53"21 ; DC    ;  65,790 ;     mV ;       ; 01:13:25
   2:40'53"47 ; DC    ;  65,770 ;     mV ;       ; 01:13:26
   2:40'53"74 ; DC    ;  65,760 ;     mV ;       ; 01:13:26
   2:40'54"01 ; DC    ;  65,800 ;     mV ;       ; 01:13:26
   2:40'54"25 ; DC    ;  65,760 ;     mV ;       ; 01:13:26
   2:40'54"53 ; DC    ;  65,770 ;     mV ;       ; 01:13:27
   2:40'54"82 ; DC    ;  65,770 ;     mV ;       ; 01:13:27
   2:40'55"14 ; DC    ;  65,770 ;     mV ;       ; 01:13:27
   2:40'55"42 ; DC    ;  65,780 ;     mV ;       ; 01:13:28
   2:40'55"70 ; DC    ;  65,770 ;     mV ;       ; 01:13:28
   2:40'56"00 ; DC    ;  65,790 ;     mV ;       ; 01:13:28
   2:40'56"28 ; DC    ;  65,790 ;     mV ;       ; 01:13:28
   2:40'56"58 ; DC    ;  65,780 ;     mV ;       ; 01:13:29
   2:40'56"84 ; DC    ;  65,770 ;     mV ;       ; 01:13:29
   2:40'57"10 ; DC    ;  65,790 ;     mV ;       ; 01:13:29
   2:40'57"37 ; DC    ;  65,790 ;     mV ;       ; 01:13:30
   2:40'57"63 ; DC    ;  65,790 ;     mV ;       ; 01:13:30
   2:40'57"89 ; DC    ;  65,800 ;     mV ;       ; 01:13:30
   2:40'58"15 ; DC    ;  65,810 ;     mV ;       ; 01:13:30
   2:40'58"42 ; DC    ;  65,810 ;     mV ;       ; 01:13:31
   2:40'58"68 ; DC    ;  65,830 ;     mV ;       ; 01:13:31
   2:40'58"94 ; DC    ;  65,830 ;     mV ;       ; 01:13:31
   2:40'59"20 ; DC    ;  65,830 ;     mV ;       ; 01:13:31
   2:40'59"46 ; DC    ;  65,820 ;     mV ;       ; 01:13:32
   2:40'59"77 ; DC    ;  65,820 ;     mV ;       ; 01:13:32
   2:41'00"05 ; DC    ;  65,820 ;     mV ;       ; 01:13:32
   2:41'00"37 ; DC    ;  65,810 ;     mV ;       ; 01:13:33
   2:41'00"63 ; DC    ;  65,790 ;     mV ;       ; 01:13:33
   2:41'00"90 ; DC    ;  65,790 ;     mV ;       ; 01:13:33
   2:41'01"16 ; DC    ;  65,790 ;     mV ;       ; 01:13:33
   2:41'01"44 ; DC    ;  65,790 ;     mV ;       ; 01:13:34
   2:41'01"71 ; DC    ;  65,850 ;     mV ;       ; 01:13:34
   2:41'01"99 ; DC    ;  65,830 ;     mV ;       ; 01:13:34
   2:41'02"28 ; DC    ;  65,810 ;     mV ;       ; 01:13:34
   2:41'02"54 ; DC    ;  65,830 ;     mV ;       ; 01:13:35
   2:41'02"83 ; DC    ;  65,830 ;     mV ;       ; 01:13:35
   2:41'03"11 ; DC    ;  65,850 ;     mV ;       ; 01:13:35
   2:41'03"37 ; DC    ;  65,840 ;     mV ;       ; 01:13:36
   2:41'03"66 ; DC    ;  65,820 ;     mV ;       ; 01:13:36
   2:41'03"93 ; DC    ;  65,820 ;     mV ;       ; 01:13:36
   2:41'04"19 ; DC    ;  65,840 ;     mV ;       ; 01:13:36
   2:41'04"46 ; DC    ;  65,820 ;     mV ;       ; 01:13:37
   2:41'04"74 ; DC    ;  65,820 ;     mV ;       ; 01:13:37
   2:41'05"01 ; DC    ;  65,810 ;     mV ;       ; 01:13:37
   2:41'05"28 ; DC    ;  65,790 ;     mV ;       ; 01:13:37
   2:41'05"58 ; DC    ;  65,800 ;     mV ;       ; 01:13:38
   2:41'05"85 ; DC    ;  65,810 ;     mV ;       ; 01:13:38
   2:41'06"12 ; DC    ;  65,810 ;     mV ;       ; 01:13:38
   2:41'06"44 ; DC    ;  65,800 ;     mV ;       ; 01:13:39
   2:41'06"71 ; DC    ;  65,800 ;     mV ;       ; 01:13:39
   2:41'06"97 ; DC    ;  65,800 ;     mV ;       ; 01:13:39
   2:41'07"26 ; DC    ;  65,800 ;     mV ;       ; 01:13:39
   2:41'07"52 ; DC    ;  65,810 ;     mV ;       ; 01:13:40
   2:41'07"81 ; DC    ;  65,790 ;     mV ;       ; 01:13:40
   2:41'08"08 ; DC    ;  65,780 ;     mV ;       ; 01:13:40
   2:41'08"38 ; DC    ;  65,780 ;     mV ;       ; 01:13:41
   2:41'08"64 ; DC    ;  65,800 ;     mV ;       ; 01:13:41
   2:41'08"91 ; DC    ;  65,800 ;     mV ;       ; 01:13:41
   2:41'09"18 ; DC    ;  65,790 ;     mV ;       ; 01:13:41
   2:41'09"47 ; DC    ;  65,790 ;     mV ;       ; 01:13:42
   2:41'09"73 ; DC    ;  65,800 ;     mV ;       ; 01:13:42
   2:41'10"00 ; DC    ;  65,800 ;     mV ;       ; 01:13:42
   2:41'10"27 ; DC    ;  65,800 ;     mV ;       ; 01:13:42
   2:41'10"52 ; DC    ;  65,780 ;     mV ;       ; 01:13:43
   2:41'10"79 ; DC    ;  65,780 ;     mV ;       ; 01:13:43
   2:41'11"06 ; DC    ;  65,820 ;     mV ;       ; 01:13:43
   2:41'11"33 ; DC    ;  65,820 ;     mV ;       ; 01:13:43
   2:41'11"60 ; DC    ;  65,840 ;     mV ;       ; 01:13:44
   2:41'11"86 ; DC    ;  65,830 ;     mV ;       ; 01:13:44
   2:41'12"13 ; DC    ;  65,820 ;     mV ;       ; 01:13:44
   2:41'12"42 ; DC    ;  65,820 ;     mV ;       ; 01:13:45
   2:41'12"70 ; DC    ;  65,820 ;     mV ;       ; 01:13:45
   2:41'12"98 ; DC    ;  65,830 ;     mV ;       ; 01:13:45
   2:41'13"25 ; DC    ;  65,850 ;     mV ;       ; 01:13:45
   2:41'13"50 ; DC    ;  65,880 ;     mV ;       ; 01:13:46
   2:41'13"77 ; DC    ;  65,890 ;     mV ;       ; 01:13:46
   2:41'14"04 ; DC    ;  65,890 ;     mV ;       ; 01:13:46
   2:41'14"33 ; DC    ;  65,880 ;     mV ;       ; 01:13:46
   2:41'14"60 ; DC    ;  65,880 ;     mV ;       ; 01:13:47
   2:41'14"87 ; DC    ;  65,890 ;     mV ;       ; 01:13:47
   2:41'15"15 ; DC    ;  65,900 ;     mV ;       ; 01:13:47
   2:41'15"42 ; DC    ;  65,880 ;     mV ;       ; 01:13:48
   2:41'15"69 ; DC    ;  65,890 ;     mV ;       ; 01:13:48
   2:41'15"96 ; DC    ;  65,900 ;     mV ;       ; 01:13:48
   2:41'16"22 ; DC    ;  65,900 ;     mV ;       ; 01:13:48
   2:41'16"49 ; DC    ;  65,900 ;     mV ;       ; 01:13:49
   2:41'16"76 ; DC    ;  65,900 ;     mV ;       ; 01:13:49
   2:41'17"05 ; DC    ;  65,880 ;     mV ;       ; 01:13:49
   2:41'17"34 ; DC    ;  65,880 ;     mV ;       ; 01:13:50
   2:41'17"61 ; DC    ;  65,890 ;     mV ;       ; 01:13:50
   2:41'17"87 ; DC    ;  65,890 ;     mV ;       ; 01:13:50
   2:41'18"16 ; DC    ;  65,860 ;     mV ;       ; 01:13:50
   2:41'18"45 ; DC    ;  65,840 ;     mV ;       ; 01:13:51
   2:41'18"71 ; DC    ;  65,840 ;     mV ;       ; 01:13:51
   2:41'18"98 ; DC    ;  65,830 ;     mV ;       ; 01:13:51
   2:41'19"24 ; DC    ;  65,840 ;     mV ;       ; 01:13:51
   2:41'19"51 ; DC    ;  65,840 ;     mV ;       ; 01:13:52
   2:41'19"77 ; DC    ;  65,840 ;     mV ;       ; 01:13:52
   2:41'20"03 ; DC    ;  65,840 ;     mV ;       ; 01:13:52
   2:41'20"32 ; DC    ;  65,840 ;     mV ;       ; 01:13:52
   2:41'20"63 ; DC    ;  65,830 ;     mV ;       ; 01:13:53
   2:41'20"89 ; DC    ;  65,890 ;     mV ;       ; 01:13:53
   2:41'21"16 ; DC    ;  65,910 ;     mV ;       ; 01:13:53
   2:41'21"43 ; DC    ;  65,890 ;     mV ;       ; 01:13:54
   2:41'21"68 ; DC    ;  65,910 ;     mV ;       ; 01:13:54
   2:41'21"94 ; DC    ;  65,910 ;     mV ;       ; 01:13:54
   2:41'22"22 ; DC    ;  65,900 ;     mV ;       ; 01:13:54
   2:41'22"49 ; DC    ;  65,910 ;     mV ;       ; 01:13:55
   2:41'22"75 ; DC    ;  65,910 ;     mV ;       ; 01:13:55
   2:41'23"03 ; DC    ;  65,890 ;     mV ;       ; 01:13:55
   2:41'23"30 ; DC    ;  65,890 ;     mV ;       ; 01:13:55
   2:41'23"58 ; DC    ;  65,890 ;     mV ;       ; 01:13:56
   2:41'23"87 ; DC    ;  65,900 ;     mV ;       ; 01:13:56
   2:41'24"15 ; DC    ;  65,900 ;     mV ;       ; 01:13:56
   2:41'24"41 ; DC    ;  65,910 ;     mV ;       ; 01:13:57
   2:41'24"68 ; DC    ;  65,900 ;     mV ;       ; 01:13:57
   2:41'24"96 ; DC    ;  65,890 ;     mV ;       ; 01:13:57
   2:41'25"23 ; DC    ;  65,890 ;     mV ;       ; 01:13:57
   2:41'25"49 ; DC    ;  65,890 ;     mV ;       ; 01:13:58
   2:41'25"79 ; DC    ;  65,900 ;     mV ;       ; 01:13:58
   2:41'26"09 ; DC    ;  65,900 ;     mV ;       ; 01:13:58
   2:41'26"37 ; DC    ;  65,900 ;     mV ;       ; 01:13:59
   2:41'26"66 ; DC    ;  65,910 ;     mV ;       ; 01:13:59
   2:41'26"94 ; DC    ;  65,910 ;     mV ;       ; 01:13:59
   2:41'27"22 ; DC    ;  65,920 ;     mV ;       ; 01:13:59
   2:41'27"48 ; DC    ;  65,910 ;     mV ;       ; 01:14:00
   2:41'27"75 ; DC    ;  65,910 ;     mV ;       ; 01:14:00
   2:41'28"03 ; DC    ;  65,900 ;     mV ;       ; 01:14:00
   2:41'28"32 ; DC    ;  65,910 ;     mV ;       ; 01:14:00
   2:41'28"58 ; DC    ;  65,910 ;     mV ;       ; 01:14:01
   2:41'28"87 ; DC    ;  65,900 ;     mV ;       ; 01:14:01
   2:41'29"14 ; DC    ;  65,900 ;     mV ;       ; 01:14:01
   2:41'29"42 ; DC    ;  65,880 ;     mV ;       ; 01:14:02
   2:41'29"71 ; DC    ;  65,890 ;     mV ;       ; 01:14:02
   2:41'30"05 ; DC    ;  65,910 ;     mV ;       ; 01:14:02
   2:41'30"32 ; DC    ;  65,890 ;     mV ;       ; 01:14:02
   2:41'30"58 ; DC    ;  65,890 ;     mV ;       ; 01:14:03
   2:41'30"83 ; DC    ;  65,900 ;     mV ;       ; 01:14:03
   2:41'31"08 ; DC    ;  65,900 ;     mV ;       ; 01:14:03
   2:41'31"34 ; DC    ;  65,910 ;     mV ;       ; 01:14:04
   2:41'31"60 ; DC    ;  65,900 ;     mV ;       ; 01:14:04
   2:41'31"87 ; DC    ;  65,910 ;     mV ;       ; 01:14:04
   2:41'32"12 ; DC    ;  65,890 ;     mV ;       ; 01:14:04
   2:41'32"38 ; DC    ;  65,900 ;     mV ;       ; 01:14:05
   2:41'32"63 ; DC    ;  65,860 ;     mV ;       ; 01:14:05
   2:41'32"90 ; DC    ;  65,860 ;     mV ;       ; 01:14:05
   2:41'33"16 ; DC    ;  65,890 ;     mV ;       ; 01:14:05
   2:41'33"44 ; DC    ;  65,880 ;     mV ;       ; 01:14:06
   2:41'33"69 ; DC    ;  65,890 ;     mV ;       ; 01:14:06
   2:41'33"97 ; DC    ;  65,890 ;     mV ;       ; 01:14:06
   2:41'34"24 ; DC    ;  65,880 ;     mV ;       ; 01:14:06
   2:41'34"54 ; DC    ;  65,890 ;     mV ;       ; 01:14:07
   2:41'34"82 ; DC    ;  65,870 ;     mV ;       ; 01:14:07
   2:41'35"09 ; DC    ;  65,870 ;     mV ;       ; 01:14:07
   2:41'35"38 ; DC    ;  65,870 ;     mV ;       ; 01:14:08
   2:41'35"66 ; DC    ;  65,870 ;     mV ;       ; 01:14:08
   2:41'35"94 ; DC    ;  65,880 ;     mV ;       ; 01:14:08
   2:41'36"26 ; DC    ;  65,880 ;     mV ;       ; 01:14:08
   2:41'36"56 ; DC    ;  65,880 ;     mV ;       ; 01:14:09
   2:41'36"83 ; DC    ;  65,880 ;     mV ;       ; 01:14:09
   2:41'37"10 ; DC    ;  65,880 ;     mV ;       ; 01:14:09
   2:41'37"37 ; DC    ;  65,890 ;     mV ;       ; 01:14:10
   2:41'37"66 ; DC    ;  65,900 ;     mV ;       ; 01:14:10
   2:41'37"94 ; DC    ;  65,900 ;     mV ;       ; 01:14:10
   2:41'38"23 ; DC    ;  65,870 ;     mV ;       ; 01:14:10
   2:41'38"50 ; DC    ;  65,870 ;     mV ;       ; 01:14:11
   2:41'38"79 ; DC    ;  65,880 ;     mV ;       ; 01:14:11
   2:41'39"10 ; DC    ;  65,900 ;     mV ;       ; 01:14:11
   2:41'39"38 ; DC    ;  65,870 ;     mV ;       ; 01:14:12
   2:41'39"66 ; DC    ;  65,870 ;     mV ;       ; 01:14:12
   2:41'39"93 ; DC    ;  65,870 ;     mV ;       ; 01:14:12
   2:41'40"24 ; DC    ;  65,870 ;     mV ;       ; 01:14:12
   2:41'40"51 ; DC    ;  65,860 ;     mV ;       ; 01:14:13
   2:41'40"78 ; DC    ;  65,880 ;     mV ;       ; 01:14:13
   2:41'41"04 ; DC    ;  65,880 ;     mV ;       ; 01:14:13
   2:41'41"34 ; DC    ;  65,890 ;     mV ;       ; 01:14:14
   2:41'41"61 ; DC    ;  65,890 ;     mV ;       ; 01:14:14
   2:41'41"89 ; DC    ;  65,920 ;     mV ;       ; 01:14:14
   2:41'42"17 ; DC    ;  65,920 ;     mV ;       ; 01:14:14
   2:41'42"44 ; DC    ;  65,860 ;     mV ;       ; 01:14:15
   2:41'42"72 ; DC    ;  65,880 ;     mV ;       ; 01:14:15
   2:41'43"02 ; DC    ;  65,890 ;     mV ;       ; 01:14:15
   2:41'43"29 ; DC    ;  65,910 ;     mV ;       ; 01:14:15
   2:41'43"57 ; DC    ;  65,920 ;     mV ;       ; 01:14:16
   2:41'43"84 ; DC    ;  65,920 ;     mV ;       ; 01:14:16
   2:41'44"10 ; DC    ;  65,920 ;     mV ;       ; 01:14:16
   2:41'44"37 ; DC    ;  65,940 ;     mV ;       ; 01:14:17
   2:41'44"64 ; DC    ;  65,940 ;     mV ;       ; 01:14:17
   2:41'44"92 ; DC    ;  65,950 ;     mV ;       ; 01:14:17
   2:41'45"19 ; DC    ;  65,920 ;     mV ;       ; 01:14:17
   2:41'45"46 ; DC    ;  65,920 ;     mV ;       ; 01:14:18
   2:41'45"74 ; DC    ;  65,910 ;     mV ;       ; 01:14:18
   2:41'46"01 ; DC    ;  65,840 ;     mV ;       ; 01:14:18
   2:41'46"27 ; DC    ;  65,860 ;     mV ;       ; 01:14:18
   2:41'46"54 ; DC    ;  65,860 ;     mV ;       ; 01:14:19
   2:41'46"81 ; DC    ;  65,840 ;     mV ;       ; 01:14:19
   2:41'47"09 ; DC    ;  65,830 ;     mV ;       ; 01:14:19
   2:41'47"37 ; DC    ;  65,840 ;     mV ;       ; 01:14:20
   2:41'47"67 ; DC    ;  65,860 ;     mV ;       ; 01:14:20
   2:41'47"97 ; DC    ;  65,860 ;     mV ;       ; 01:14:20
   2:41'48"25 ; DC    ;  65,820 ;     mV ;       ; 01:14:20
   2:41'48"54 ; DC    ;  65,820 ;     mV ;       ; 01:14:21
   2:41'48"81 ; DC    ;  65,830 ;     mV ;       ; 01:14:21
   2:41'49"09 ; DC    ;  65,820 ;     mV ;       ; 01:14:21
   2:41'49"37 ; DC    ;  65,840 ;     mV ;       ; 01:14:22
   2:41'49"64 ; DC    ;  65,850 ;     mV ;       ; 01:14:22
   2:41'49"90 ; DC    ;  65,850 ;     mV ;       ; 01:14:22
   2:41'50"16 ; DC    ;  65,830 ;     mV ;       ; 01:14:22
   2:41'50"43 ; DC    ;  65,830 ;     mV ;       ; 01:14:23
   2:41'50"70 ; DC    ;  65,840 ;     mV ;       ; 01:14:23
   2:41'50"97 ; DC    ;  65,850 ;     mV ;       ; 01:14:23
   2:41'51"24 ; DC    ;  65,850 ;     mV ;       ; 01:14:23
   2:41'51"52 ; DC    ;  65,840 ;     mV ;       ; 01:14:24
   2:41'51"79 ; DC    ;  65,850 ;     mV ;       ; 01:14:24
   2:41'52"07 ; DC    ;  65,840 ;     mV ;       ; 01:14:24
   2:41'52"34 ; DC    ;  65,840 ;     mV ;       ; 01:14:25
   2:41'52"64 ; DC    ;  65,830 ;     mV ;       ; 01:14:25
   2:41'52"93 ; DC    ;  65,830 ;     mV ;       ; 01:14:25
   2:41'53"22 ; DC    ;  65,920 ;     mV ;       ; 01:14:25
   2:41'53"49 ; DC    ;  65,920 ;     mV ;       ; 01:14:26
   2:41'53"78 ; DC    ;  65,900 ;     mV ;       ; 01:14:26
   2:41'54"03 ; DC    ;  65,900 ;     mV ;       ; 01:14:26
   2:41'54"29 ; DC    ;  65,880 ;     mV ;       ; 01:14:26
   2:41'54"56 ; DC    ;  65,880 ;     mV ;       ; 01:14:27
   2:41'54"85 ; DC    ;  65,880 ;     mV ;       ; 01:14:27
   2:41'55"21 ; DC    ;  65,870 ;     mV ;       ; 01:14:27
   2:41'55"55 ; DC    ;  65,880 ;     mV ;       ; 01:14:28
   2:41'55"83 ; DC    ;  65,890 ;     mV ;       ; 01:14:28
   2:41'56"11 ; DC    ;  65,910 ;     mV ;       ; 01:14:28
   2:41'56"41 ; DC    ;  65,910 ;     mV ;       ; 01:14:29
   2:41'56"68 ; DC    ;  65,910 ;     mV ;       ; 01:14:29
   2:41'56"95 ; DC    ;  65,910 ;     mV ;       ; 01:14:29
   2:41'57"23 ; DC    ;  65,920 ;     mV ;       ; 01:14:29
   2:41'57"51 ; DC    ;  65,890 ;     mV ;       ; 01:14:30
   2:41'57"81 ; DC    ;  65,880 ;     mV ;       ; 01:14:30
   2:41'58"08 ; DC    ;  65,880 ;     mV ;       ; 01:14:30
   2:41'58"35 ; DC    ;  65,880 ;     mV ;       ; 01:14:31
   2:41'58"62 ; DC    ;  65,880 ;     mV ;       ; 01:14:31
   2:41'58"90 ; DC    ;  65,860 ;     mV ;       ; 01:14:31
   2:41'59"23 ; DC    ;  65,860 ;     mV ;       ; 01:14:31
   2:41'59"49 ; DC    ;  65,860 ;     mV ;       ; 01:14:32
   2:41'59"76 ; DC    ;  65,850 ;     mV ;       ; 01:14:32
   2:42'00"05 ; DC    ;  65,850 ;     mV ;       ; 01:14:32
   2:42'00"32 ; DC    ;  65,860 ;     mV ;       ; 01:14:32
   2:42'00"58 ; DC    ;  65,860 ;     mV ;       ; 01:14:33
   2:42'00"87 ; DC    ;  65,850 ;     mV ;       ; 01:14:33
   2:42'01"13 ; DC    ;  65,850 ;     mV ;       ; 01:14:33
   2:42'01"43 ; DC    ;  65,860 ;     mV ;       ; 01:14:34
   2:42'01"70 ; DC    ;  65,870 ;     mV ;       ; 01:14:34
   2:42'01"97 ; DC    ;  65,850 ;     mV ;       ; 01:14:34
   2:42'02"24 ; DC    ;  65,860 ;     mV ;       ; 01:14:34
   2:42'02"51 ; DC    ;  65,880 ;     mV ;       ; 01:14:35
   2:42'02"77 ; DC    ;  65,880 ;     mV ;       ; 01:14:35
   2:42'03"03 ; DC    ;  65,880 ;     mV ;       ; 01:14:35
   2:42'03"30 ; DC    ;  65,890 ;     mV ;       ; 01:14:35
   2:42'03"56 ; DC    ;  65,900 ;     mV ;       ; 01:14:36
   2:42'03"83 ; DC    ;  65,900 ;     mV ;       ; 01:14:36
   2:42'04"08 ; DC    ;  65,910 ;     mV ;       ; 01:14:36
   2:42'04"35 ; DC    ;  65,900 ;     mV ;       ; 01:14:37
   2:42'04"61 ; DC    ;  65,900 ;     mV ;       ; 01:14:37
   2:42'04"86 ; DC    ;  65,910 ;     mV ;       ; 01:14:37
   2:42'05"12 ; DC    ;  65,890 ;     mV ;       ; 01:14:37
   2:42'05"38 ; DC    ;  65,900 ;     mV ;       ; 01:14:38
   2:42'05"64 ; DC    ;  65,910 ;     mV ;       ; 01:14:38
   2:42'05"91 ; DC    ;  65,910 ;     mV ;       ; 01:14:38
   2:42'06"20 ; DC    ;  65,900 ;     mV ;       ; 01:14:38
   2:42'06"49 ; DC    ;  65,890 ;     mV ;       ; 01:14:39
   2:42'06"76 ; DC    ;  65,890 ;     mV ;       ; 01:14:39
   2:42'07"06 ; DC    ;  65,880 ;     mV ;       ; 01:14:39
   2:42'07"34 ; DC    ;  65,890 ;     mV ;       ; 01:14:40
   2:42'07"62 ; DC    ;  65,880 ;     mV ;       ; 01:14:40
   2:42'07"91 ; DC    ;  65,880 ;     mV ;       ; 01:14:40
   2:42'08"19 ; DC    ;  65,880 ;     mV ;       ; 01:14:40
   2:42'08"46 ; DC    ;  65,880 ;     mV ;       ; 01:14:41
   2:42'08"72 ; DC    ;  65,870 ;     mV ;       ; 01:14:41
   2:42'08"98 ; DC    ;  65,880 ;     mV ;       ; 01:14:41
   2:42'09"25 ; DC    ;  65,890 ;     mV ;       ; 01:14:41
   2:42'09"51 ; DC    ;  65,890 ;     mV ;       ; 01:14:42
   2:42'09"76 ; DC    ;  65,890 ;     mV ;       ; 01:14:42
   2:42'10"02 ; DC    ;  65,890 ;     mV ;       ; 01:14:42
   2:42'10"29 ; DC    ;  65,900 ;     mV ;       ; 01:14:42
   2:42'10"56 ; DC    ;  65,890 ;     mV ;       ; 01:14:43
   2:42'10"80 ; DC    ;  65,880 ;     mV ;       ; 01:14:43
   2:42'11"07 ; DC    ;  65,900 ;     mV ;       ; 01:14:43
   2:42'11"33 ; DC    ;  65,900 ;     mV ;       ; 01:14:43
   2:42'11"58 ; DC    ;  65,890 ;     mV ;       ; 01:14:44
   2:42'11"85 ; DC    ;  65,880 ;     mV ;       ; 01:14:44
   2:42'12"12 ; DC    ;  65,890 ;     mV ;       ; 01:14:44
   2:42'12"39 ; DC    ;  65,890 ;     mV ;       ; 01:14:45
   2:42'12"67 ; DC    ;  65,890 ;     mV ;       ; 01:14:45
   2:42'12"93 ; DC    ;  65,890 ;     mV ;       ; 01:14:45
   2:42'13"20 ; DC    ;  65,890 ;     mV ;       ; 01:14:45
   2:42'13"46 ; DC    ;  65,910 ;     mV ;       ; 01:14:46
   2:42'13"76 ; DC    ;  65,910 ;     mV ;       ; 01:14:46
   2:42'14"01 ; DC    ;  65,910 ;     mV ;       ; 01:14:46
   2:42'14"27 ; DC    ;  65,900 ;     mV ;       ; 01:14:46
   2:42'14"54 ; DC    ;  65,910 ;     mV ;       ; 01:14:47
   2:42'14"81 ; DC    ;  65,900 ;     mV ;       ; 01:14:47
   2:42'15"07 ; DC    ;  65,920 ;     mV ;       ; 01:14:47
   2:42'15"32 ; DC    ;  65,920 ;     mV ;       ; 01:14:47
   2:42'15"63 ; DC    ;  65,920 ;     mV ;       ; 01:14:48
   2:42'15"89 ; DC    ;  65,920 ;     mV ;       ; 01:14:48
   2:42'16"15 ; DC    ;  65,910 ;     mV ;       ; 01:14:48
   2:42'16"42 ; DC    ;  65,910 ;     mV ;       ; 01:14:49
   2:42'16"69 ; DC    ;  65,920 ;     mV ;       ; 01:14:49
   2:42'16"97 ; DC    ;  65,920 ;     mV ;       ; 01:14:49
   2:42'17"24 ; DC    ;  65,920 ;     mV ;       ; 01:14:49
   2:42'17"50 ; DC    ;  65,920 ;     mV ;       ; 01:14:50
   2:42'17"80 ; DC    ;  65,910 ;     mV ;       ; 01:14:50
   2:42'18"05 ; DC    ;  65,920 ;     mV ;       ; 01:14:50
   2:42'18"40 ; DC    ;  65,910 ;     mV ;       ; 01:14:51
   2:42'18"66 ; DC    ;  65,890 ;     mV ;       ; 01:14:51
   2:42'18"95 ; DC    ;  65,890 ;     mV ;       ; 01:14:51
   2:42'19"23 ; DC    ;  65,900 ;     mV ;       ; 01:14:51
   2:42'19"50 ; DC    ;  65,890 ;     mV ;       ; 01:14:52
   2:42'19"78 ; DC    ;  65,900 ;     mV ;       ; 01:14:52
   2:42'20"07 ; DC    ;  65,900 ;     mV ;       ; 01:14:52
   2:42'20"34 ; DC    ;  65,910 ;     mV ;       ; 01:14:53
   2:42'20"61 ; DC    ;  65,910 ;     mV ;       ; 01:14:53
   2:42'20"89 ; DC    ;  65,900 ;     mV ;       ; 01:14:53
   2:42'21"17 ; DC    ;  65,890 ;     mV ;       ; 01:14:53
   2:42'21"43 ; DC    ;  65,880 ;     mV ;       ; 01:14:54
   2:42'21"71 ; DC    ;  65,890 ;     mV ;       ; 01:14:54
   2:42'22"01 ; DC    ;  65,910 ;     mV ;       ; 01:14:54
   2:42'22"28 ; DC    ;  65,890 ;     mV ;       ; 01:14:54
   2:42'22"57 ; DC    ;  65,910 ;     mV ;       ; 01:14:55
   2:42'22"85 ; DC    ;  65,900 ;     mV ;       ; 01:14:55
   2:42'23"10 ; DC    ;  65,900 ;     mV ;       ; 01:14:55
   2:42'23"37 ; DC    ;  65,890 ;     mV ;       ; 01:14:56
   2:42'23"66 ; DC    ;  65,900 ;     mV ;       ; 01:14:56
   2:42'23"94 ; DC    ;  65,900 ;     mV ;       ; 01:14:56
   2:42'24"20 ; DC    ;  65,910 ;     mV ;       ; 01:14:56
   2:42'24"48 ; DC    ;  65,890 ;     mV ;       ; 01:14:57
   2:42'24"75 ; DC    ;  65,900 ;     mV ;       ; 01:14:57
   2:42'25"03 ; DC    ;  65,900 ;     mV ;       ; 01:14:57
   2:42'25"31 ; DC    ;  65,910 ;     mV ;       ; 01:14:57
   2:42'25"58 ; DC    ;  65,910 ;     mV ;       ; 01:14:58
   2:42'25"86 ; DC    ;  65,910 ;     mV ;       ; 01:14:58
   2:42'26"16 ; DC    ;  65,910 ;     mV ;       ; 01:14:58
   2:42'26"43 ; DC    ;  65,880 ;     mV ;       ; 01:14:59
   2:42'26"68 ; DC    ;  65,950 ;     mV ;       ; 01:14:59
   2:42'26"93 ; DC    ;  65,950 ;     mV ;       ; 01:14:59
   2:42'27"18 ; DC    ;  65,960 ;     mV ;       ; 01:14:59
   2:42'27"45 ; DC    ;  65,950 ;     mV ;       ; 01:15:00
   2:42'27"71 ; DC    ;  65,950 ;     mV ;       ; 01:15:00
   2:42'27"96 ; DC    ;  65,980 ;     mV ;       ; 01:15:00
   2:42'28"22 ; DC    ;  65,960 ;     mV ;       ; 01:15:00
   2:42'28"49 ; DC    ;  65,960 ;     mV ;       ; 01:15:01
   2:42'28"76 ; DC    ;  65,890 ;     mV ;       ; 01:15:01
   2:42'29"02 ; DC    ;  65,890 ;     mV ;       ; 01:15:01
   2:42'29"29 ; DC    ;  65,900 ;     mV ;       ; 01:15:01
   2:42'29"55 ; DC    ;  65,880 ;     mV ;       ; 01:15:02
   2:42'29"80 ; DC    ;  65,880 ;     mV ;       ; 01:15:02
   2:42'30"07 ; DC    ;  65,880 ;     mV ;       ; 01:15:02
   2:42'30"33 ; DC    ;  65,880 ;     mV ;       ; 01:15:02
   2:42'30"59 ; DC    ;  65,880 ;     mV ;       ; 01:15:03
   2:42'30"85 ; DC    ;  65,880 ;     mV ;       ; 01:15:03
   2:42'31"12 ; DC    ;  65,880 ;     mV ;       ; 01:15:03
   2:42'31"36 ; DC    ;  65,880 ;     mV ;       ; 01:15:04
   2:42'31"63 ; DC    ;  65,880 ;     mV ;       ; 01:15:04
   2:42'31"92 ; DC    ;  65,880 ;     mV ;       ; 01:15:04
   2:42'32"20 ; DC    ;  65,870 ;     mV ;       ; 01:15:04
   2:42'32"46 ; DC    ;  65,880 ;     mV ;       ; 01:15:05
   2:42'32"75 ; DC    ;  65,850 ;     mV ;       ; 01:15:05
   2:42'33"02 ; DC    ;  65,870 ;     mV ;       ; 01:15:05
   2:42'33"28 ; DC    ;  65,880 ;     mV ;       ; 01:15:05
   2:42'33"53 ; DC    ;  65,880 ;     mV ;       ; 01:15:06
   2:42'33"80 ; DC    ;  65,880 ;     mV ;       ; 01:15:06
   2:42'34"07 ; DC    ;  65,870 ;     mV ;       ; 01:15:06
   2:42'34"34 ; DC    ;  65,900 ;     mV ;       ; 01:15:07
   2:42'34"61 ; DC    ;  65,890 ;     mV ;       ; 01:15:07
   2:42'34"92 ; DC    ;  65,890 ;     mV ;       ; 01:15:07
   2:42'35"19 ; DC    ;  65,890 ;     mV ;       ; 01:15:07
   2:42'35"46 ; DC    ;  65,890 ;     mV ;       ; 01:15:08
   2:42'35"71 ; DC    ;  65,870 ;     mV ;       ; 01:15:08
   2:42'35"99 ; DC    ;  65,900 ;     mV ;       ; 01:15:08
   2:42'36"25 ; DC    ;  65,900 ;     mV ;       ; 01:15:08
   2:42'36"54 ; DC    ;  65,910 ;     mV ;       ; 01:15:09
   2:42'36"85 ; DC    ;  65,920 ;     mV ;       ; 01:15:09
   2:42'37"15 ; DC    ;  65,910 ;     mV ;       ; 01:15:09
   2:42'37"40 ; DC    ;  65,900 ;     mV ;       ; 01:15:10
   2:42'37"68 ; DC    ;  65,910 ;     mV ;       ; 01:15:10
   2:42'37"99 ; DC    ;  65,910 ;     mV ;       ; 01:15:10
   2:42'38"27 ; DC    ;  65,910 ;     mV ;       ; 01:15:10
   2:42'38"53 ; DC    ;  65,890 ;     mV ;       ; 01:15:11
   2:42'38"81 ; DC    ;  65,880 ;     mV ;       ; 01:15:11
   2:42'39"07 ; DC    ;  65,870 ;     mV ;       ; 01:15:11
   2:42'39"32 ; DC    ;  65,890 ;     mV ;       ; 01:15:11
   2:42'39"57 ; DC    ;  65,890 ;     mV ;       ; 01:15:12
   2:42'39"84 ; DC    ;  65,890 ;     mV ;       ; 01:15:12
   2:42'40"11 ; DC    ;  65,890 ;     mV ;       ; 01:15:12
   2:42'40"37 ; DC    ;  65,890 ;     mV ;       ; 01:15:13
   2:42'40"65 ; DC    ;  65,890 ;     mV ;       ; 01:15:13
   2:42'40"93 ; DC    ;  65,870 ;     mV ;       ; 01:15:13
   2:42'41"19 ; DC    ;  65,880 ;     mV ;       ; 01:15:13
   2:42'41"48 ; DC    ;  65,880 ;     mV ;       ; 01:15:14
   2:42'41"74 ; DC    ;  65,880 ;     mV ;       ; 01:15:14
   2:42'42"02 ; DC    ;  65,870 ;     mV ;       ; 01:15:14
   2:42'42"27 ; DC    ;  65,870 ;     mV ;       ; 01:15:14
   2:42'42"55 ; DC    ;  65,890 ;     mV ;       ; 01:15:15
   2:42'42"81 ; DC    ;  65,890 ;     mV ;       ; 01:15:15
   2:42'43"08 ; DC    ;  65,880 ;     mV ;       ; 01:15:15
   2:42'43"34 ; DC    ;  65,870 ;     mV ;       ; 01:15:16
   2:42'43"61 ; DC    ;  65,880 ;     mV ;       ; 01:15:16
   2:42'43"87 ; DC    ;  65,870 ;     mV ;       ; 01:15:16
   2:42'44"13 ; DC    ;  65,870 ;     mV ;       ; 01:15:16
   2:42'44"39 ; DC    ;  65,870 ;     mV ;       ; 01:15:17
   2:42'44"67 ; DC    ;  65,880 ;     mV ;       ; 01:15:17
   2:42'44"95 ; DC    ;  65,870 ;     mV ;       ; 01:15:17
   2:42'45"23 ; DC    ;  65,870 ;     mV ;       ; 01:15:17
   2:42'45"49 ; DC    ;  65,880 ;     mV ;       ; 01:15:18
   2:42'45"74 ; DC    ;  65,880 ;     mV ;       ; 01:15:18
   2:42'46"03 ; DC    ;  65,870 ;     mV ;       ; 01:15:18
   2:42'46"31 ; DC    ;  65,860 ;     mV ;       ; 01:15:18
   2:42'46"61 ; DC    ;  65,870 ;     mV ;       ; 01:15:19
   2:42'46"89 ; DC    ;  65,840 ;     mV ;       ; 01:15:19
   2:42'47"19 ; DC    ;  65,860 ;     mV ;       ; 01:15:19
   2:42'47"44 ; DC    ;  65,870 ;     mV ;       ; 01:15:20
   2:42'47"72 ; DC    ;  65,870 ;     mV ;       ; 01:15:20
   2:42'47"98 ; DC    ;  65,850 ;     mV ;       ; 01:15:20
   2:42'48"28 ; DC    ;  65,850 ;     mV ;       ; 01:15:20
   2:42'48"52 ; DC    ;  65,850 ;     mV ;       ; 01:15:21
   2:42'48"79 ; DC    ;  65,850 ;     mV ;       ; 01:15:21
   2:42'49"06 ; DC    ;  65,870 ;     mV ;       ; 01:15:21
   2:42'49"32 ; DC    ;  65,850 ;     mV ;       ; 01:15:21
   2:42'49"59 ; DC    ;  65,870 ;     mV ;       ; 01:15:22
   2:42'49"84 ; DC    ;  65,870 ;     mV ;       ; 01:15:22
   2:42'50"10 ; DC    ;  65,860 ;     mV ;       ; 01:15:22
   2:42'50"37 ; DC    ;  65,860 ;     mV ;       ; 01:15:23
   2:42'50"64 ; DC    ;  65,860 ;     mV ;       ; 01:15:23
   2:42'50"90 ; DC    ;  65,860 ;     mV ;       ; 01:15:23
   2:42'51"19 ; DC    ;  65,870 ;     mV ;       ; 01:15:23
   2:42'51"45 ; DC    ;  65,860 ;     mV ;       ; 01:15:24
   2:42'51"72 ; DC    ;  65,850 ;     mV ;       ; 01:15:24
   2:42'51"98 ; DC    ;  65,870 ;     mV ;       ; 01:15:24
   2:42'52"24 ; DC    ;  65,870 ;     mV ;       ; 01:15:24
   2:42'52"49 ; DC    ;  65,870 ;     mV ;       ; 01:15:25
   2:42'52"80 ; DC    ;  65,860 ;     mV ;       ; 01:15:25
   2:42'53"05 ; DC    ;  65,850 ;     mV ;       ; 01:15:25
   2:42'53"32 ; DC    ;  65,850 ;     mV ;       ; 01:15:25
   2:42'53"59 ; DC    ;  65,860 ;     mV ;       ; 01:15:26
   2:42'53"87 ; DC    ;  65,870 ;     mV ;       ; 01:15:26
   2:42'54"12 ; DC    ;  65,850 ;     mV ;       ; 01:15:26
   2:42'54"38 ; DC    ;  65,860 ;     mV ;       ; 01:15:27
   2:42'54"63 ; DC    ;  65,850 ;     mV ;       ; 01:15:27
   2:42'54"92 ; DC    ;  65,870 ;     mV ;       ; 01:15:27
   2:42'55"18 ; DC    ;  65,850 ;     mV ;       ; 01:15:27
   2:42'55"45 ; DC    ;  65,850 ;     mV ;       ; 01:15:28
   2:42'55"74 ; DC    ;  65,850 ;     mV ;       ; 01:15:28
   2:42'56"00 ; DC    ;  65,860 ;     mV ;       ; 01:15:28
   2:42'56"29 ; DC    ;  65,840 ;     mV ;       ; 01:15:28
   2:42'56"58 ; DC    ;  65,840 ;     mV ;       ; 01:15:29
   2:42'56"84 ; DC    ;  65,850 ;     mV ;       ; 01:15:29
   2:42'57"10 ; DC    ;  65,810 ;     mV ;       ; 01:15:29
   2:42'57"39 ; DC    ;  65,720 ;     mV ;       ; 01:15:30
   2:42'57"65 ; DC    ;  65,820 ;     mV ;       ; 01:15:30
   2:42'57"93 ; DC    ;  65,870 ;     mV ;       ; 01:15:30
   2:42'58"21 ; DC    ;  65,890 ;     mV ;       ; 01:15:30
   2:42'58"50 ; DC    ;  65,920 ;     mV ;       ; 01:15:31
   2:42'58"78 ; DC    ;  65,950 ;     mV ;       ; 01:15:31
   2:42'59"06 ; DC    ;  65,970 ;     mV ;       ; 01:15:31
   2:42'59"32 ; DC    ;  65,970 ;     mV ;       ; 01:15:31
   2:42'59"59 ; DC    ;  65,980 ;     mV ;       ; 01:15:32
   2:42'59"85 ; DC    ;  65,990 ;     mV ;       ; 01:15:32
   2:43'00"10 ; DC    ;  65,980 ;     mV ;       ; 01:15:32
   2:43'00"37 ; DC    ;  66,060 ;     mV ;       ; 01:15:33
   2:43'00"63 ; DC    ;  66,020 ;     mV ;       ; 01:15:33
   2:43'00"90 ; DC    ;  66,040 ;     mV ;       ; 01:15:33
   2:43'01"17 ; DC    ;  66,040 ;     mV ;       ; 01:15:33
   2:43'01"44 ; DC    ;  66,020 ;     mV ;       ; 01:15:34
   2:43'01"69 ; DC    ;  66,020 ;     mV ;       ; 01:15:34
   2:43'01"96 ; DC    ;  66,040 ;     mV ;       ; 01:15:34
   2:43'02"22 ; DC    ;  66,080 ;     mV ;       ; 01:15:34
   2:43'02"48 ; DC    ;  66,080 ;     mV ;       ; 01:15:35
   2:43'02"74 ; DC    ;  66,100 ;     mV ;       ; 01:15:35
   2:43'02"99 ; DC    ;  66,090 ;     mV ;       ; 01:15:35
   2:43'03"36 ; DC    ;  66,110 ;     mV ;       ; 01:15:36
   2:43'03"62 ; DC    ;  66,110 ;     mV ;       ; 01:15:36
   2:43'03"87 ; DC    ;  66,120 ;     mV ;       ; 01:15:36
   2:43'04"12 ; DC    ;  66,120 ;     mV ;       ; 01:15:36
   2:43'04"39 ; DC    ;  66,120 ;     mV ;       ; 01:15:37
   2:43'04"65 ; DC    ;  66,130 ;     mV ;       ; 01:15:37
   2:43'04"91 ; DC    ;  66,120 ;     mV ;       ; 01:15:37
   2:43'05"17 ; DC    ;  66,130 ;     mV ;       ; 01:15:37
   2:43'05"43 ; DC    ;  66,150 ;     mV ;       ; 01:15:38
   2:43'05"70 ; DC    ;  66,140 ;     mV ;       ; 01:15:38
   2:43'05"96 ; DC    ;  66,170 ;     mV ;       ; 01:15:38
   2:43'06"24 ; DC    ;  66,180 ;     mV ;       ; 01:15:38
   2:43'06"53 ; DC    ;  66,180 ;     mV ;       ; 01:15:39
   2:43'06"80 ; DC    ;  66,170 ;     mV ;       ; 01:15:39
   2:43'07"07 ; DC    ;  66,180 ;     mV ;       ; 01:15:39
   2:43'07"39 ; DC    ;  66,190 ;     mV ;       ; 01:15:40
   2:43'07"69 ; DC    ;  66,180 ;     mV ;       ; 01:15:40
   2:43'07"97 ; DC    ;  66,190 ;     mV ;       ; 01:15:40
   2:43'08"24 ; DC    ;  66,200 ;     mV ;       ; 01:15:40
   2:43'08"52 ; DC    ;  66,220 ;     mV ;       ; 01:15:41
   2:43'08"85 ; DC    ;  66,200 ;     mV ;       ; 01:15:41
   2:43'09"13 ; DC    ;  66,230 ;     mV ;       ; 01:15:41
   2:43'09"42 ; DC    ;  66,240 ;     mV ;       ; 01:15:42
   2:43'09"68 ; DC    ;  66,230 ;     mV ;       ; 01:15:42
   2:43'09"94 ; DC    ;  66,250 ;     mV ;       ; 01:15:42
   2:43'10"21 ; DC    ;  66,240 ;     mV ;       ; 01:15:42
   2:43'10"46 ; DC    ;  66,250 ;     mV ;       ; 01:15:43
   2:43'10"73 ; DC    ;  66,310 ;     mV ;       ; 01:15:43
   2:43'11"04 ; DC    ;  66,310 ;     mV ;       ; 01:15:43
   2:43'11"32 ; DC    ;  66,270 ;     mV ;       ; 01:15:43
   2:43'11"60 ; DC    ;  66,270 ;     mV ;       ; 01:15:44
   2:43'11"86 ; DC    ;  66,300 ;     mV ;       ; 01:15:44
   2:43'12"13 ; DC    ;  66,280 ;     mV ;       ; 01:15:44
   2:43'12"40 ; DC    ;  66,300 ;     mV ;       ; 01:15:45
   2:43'12"67 ; DC    ;  66,290 ;     mV ;       ; 01:15:45
   2:43'12"93 ; DC    ;  66,290 ;     mV ;       ; 01:15:45
   2:43'13"22 ; DC    ;  66,300 ;     mV ;       ; 01:15:45
   2:43'13"53 ; DC    ;  66,300 ;     mV ;       ; 01:15:46
   2:43'13"80 ; DC    ;  66,300 ;     mV ;       ; 01:15:46
   2:43'14"07 ; DC    ;  66,310 ;     mV ;       ; 01:15:46
   2:43'14"33 ; DC    ;  66,320 ;     mV ;       ; 01:15:47
   2:43'14"61 ; DC    ;  66,320 ;     mV ;       ; 01:15:47
   2:43'14"88 ; DC    ;  66,320 ;     mV ;       ; 01:15:47
   2:43'15"14 ; DC    ;  66,340 ;     mV ;       ; 01:15:47
   2:43'15"40 ; DC    ;  66,350 ;     mV ;       ; 01:15:48
   2:43'15"66 ; DC    ;  66,360 ;     mV ;       ; 01:15:48
   2:43'15"92 ; DC    ;  66,350 ;     mV ;       ; 01:15:48
   2:43'16"18 ; DC    ;  66,350 ;     mV ;       ; 01:15:48
   2:43'16"45 ; DC    ;  66,350 ;     mV ;       ; 01:15:49
   2:43'16"70 ; DC    ;  66,340 ;     mV ;       ; 01:15:49
   2:43'16"94 ; DC    ;  66,340 ;     mV ;       ; 01:15:49
   2:43'17"21 ; DC    ;  66,340 ;     mV ;       ; 01:15:49
   2:43'17"46 ; DC    ;  66,340 ;     mV ;       ; 01:15:50
   2:43'17"72 ; DC    ;  66,370 ;     mV ;       ; 01:15:50
   2:43'17"98 ; DC    ;  66,360 ;     mV ;       ; 01:15:50
   2:43'18"24 ; DC    ;  66,350 ;     mV ;       ; 01:15:50
   2:43'18"49 ; DC    ;  66,350 ;     mV ;       ; 01:15:51
   2:43'18"76 ; DC    ;  66,370 ;     mV ;       ; 01:15:51
   2:43'19"04 ; DC    ;  66,390 ;     mV ;       ; 01:15:51
   2:43'19"34 ; DC    ;  66,400 ;     mV ;       ; 01:15:52
   2:43'19"65 ; DC    ;  66,410 ;     mV ;       ; 01:15:52
   2:43'19"91 ; DC    ;  66,420 ;     mV ;       ; 01:15:52
   2:43'20"19 ; DC    ;  66,410 ;     mV ;       ; 01:15:52
   2:43'20"46 ; DC    ;  66,420 ;     mV ;       ; 01:15:53
   2:43'20"74 ; DC    ;  66,420 ;     mV ;       ; 01:15:53
   2:43'21"03 ; DC    ;  66,420 ;     mV ;       ; 01:15:53
   2:43'21"30 ; DC    ;  66,430 ;     mV ;       ; 01:15:53
   2:43'21"56 ; DC    ;  66,430 ;     mV ;       ; 01:15:54
   2:43'21"83 ; DC    ;  66,430 ;     mV ;       ; 01:15:54
   2:43'22"08 ; DC    ;  66,430 ;     mV ;       ; 01:15:54
   2:43'22"37 ; DC    ;  66,430 ;     mV ;       ; 01:15:55
   2:43'22"66 ; DC    ;  66,430 ;     mV ;       ; 01:15:55
   2:43'22"94 ; DC    ;  66,430 ;     mV ;       ; 01:15:55
   2:43'23"23 ; DC    ;  66,430 ;     mV ;       ; 01:15:55
   2:43'23"52 ; DC    ;  66,440 ;     mV ;       ; 01:15:56
   2:43'23"83 ; DC    ;  66,460 ;     mV ;       ; 01:15:56
   2:43'24"11 ; DC    ;  66,440 ;     mV ;       ; 01:15:56
   2:43'24"41 ; DC    ;  66,450 ;     mV ;       ; 01:15:57
   2:43'24"68 ; DC    ;  66,440 ;     mV ;       ; 01:15:57
   2:43'24"94 ; DC    ;  66,440 ;     mV ;       ; 01:15:57
   2:43'25"22 ; DC    ;  66,440 ;     mV ;       ; 01:15:57
   2:43'25"50 ; DC    ;  66,450 ;     mV ;       ; 01:15:58
   2:43'25"77 ; DC    ;  66,450 ;     mV ;       ; 01:15:58
   2:43'26"05 ; DC    ;  66,460 ;     mV ;       ; 01:15:58
   2:43'26"35 ; DC    ;  66,460 ;     mV ;       ; 01:15:59
   2:43'26"62 ; DC    ;  66,470 ;     mV ;       ; 01:15:59
   2:43'26"91 ; DC    ;  66,480 ;     mV ;       ; 01:15:59
   2:43'27"20 ; DC    ;  66,490 ;     mV ;       ; 01:15:59
   2:43'27"49 ; DC    ;  66,480 ;     mV ;       ; 01:16:00
   2:43'27"77 ; DC    ;  66,500 ;     mV ;       ; 01:16:00
   2:43'28"05 ; DC    ;  66,500 ;     mV ;       ; 01:16:00
   2:43'28"33 ; DC    ;  66,490 ;     mV ;       ; 01:16:01
   2:43'28"60 ; DC    ;  66,500 ;     mV ;       ; 01:16:01
   2:43'28"88 ; DC    ;  66,550 ;     mV ;       ; 01:16:01
   2:43'29"14 ; DC    ;  66,540 ;     mV ;       ; 01:16:01
   2:43'29"41 ; DC    ;  66,520 ;     mV ;       ; 01:16:02
   2:43'29"68 ; DC    ;  66,540 ;     mV ;       ; 01:16:02
   2:43'29"97 ; DC    ;  66,530 ;     mV ;       ; 01:16:02
   2:43'30"29 ; DC    ;  66,530 ;     mV ;       ; 01:16:02
   2:43'30"57 ; DC    ;  66,570 ;     mV ;       ; 01:16:03
   2:43'30"84 ; DC    ;  66,540 ;     mV ;       ; 01:16:03
   2:43'31"12 ; DC    ;  66,540 ;     mV ;       ; 01:16:03
   2:43'31"38 ; DC    ;  66,540 ;     mV ;       ; 01:16:04
   2:43'31"65 ; DC    ;  66,560 ;     mV ;       ; 01:16:04
   2:43'31"90 ; DC    ;  66,580 ;     mV ;       ; 01:16:04
   2:43'32"18 ; DC    ;  66,560 ;     mV ;       ; 01:16:04
   2:43'32"46 ; DC    ;  66,550 ;     mV ;       ; 01:16:05
   2:43'32"71 ; DC    ;  66,570 ;     mV ;       ; 01:16:05
   2:43'32"99 ; DC    ;  66,550 ;     mV ;       ; 01:16:05
   2:43'33"25 ; DC    ;  66,550 ;     mV ;       ; 01:16:05
   2:43'33"55 ; DC    ;  66,550 ;     mV ;       ; 01:16:06
   2:43'33"82 ; DC    ;  66,540 ;     mV ;       ; 01:16:06
   2:43'34"10 ; DC    ;  66,540 ;     mV ;       ; 01:16:06
   2:43'34"38 ; DC    ;  66,550 ;     mV ;       ; 01:16:07
   2:43'34"67 ; DC    ;  66,570 ;     mV ;       ; 01:16:07
   2:43'34"96 ; DC    ;  66,570 ;     mV ;       ; 01:16:07
   2:43'35"23 ; DC    ;  66,580 ;     mV ;       ; 01:16:07
   2:43'35"50 ; DC    ;  66,580 ;     mV ;       ; 01:16:08
   2:43'35"84 ; DC    ;  66,580 ;     mV ;       ; 01:16:08
   2:43'36"11 ; DC    ;  66,590 ;     mV ;       ; 01:16:08
   2:43'36"37 ; DC    ;  66,590 ;     mV ;       ; 01:16:09
   2:43'36"65 ; DC    ;  66,590 ;     mV ;       ; 01:16:09
   2:43'36"93 ; DC    ;  66,600 ;     mV ;       ; 01:16:09
   2:43'37"21 ; DC    ;  66,600 ;     mV ;       ; 01:16:09
   2:43'37"49 ; DC    ;  66,600 ;     mV ;       ; 01:16:10
   2:43'37"77 ; DC    ;  66,610 ;     mV ;       ; 01:16:10
   2:43'38"05 ; DC    ;  66,610 ;     mV ;       ; 01:16:10
   2:43'38"36 ; DC    ;  66,600 ;     mV ;       ; 01:16:11
   2:43'38"61 ; DC    ;  66,600 ;     mV ;       ; 01:16:11
   2:43'38"90 ; DC    ;  66,590 ;     mV ;       ; 01:16:11
   2:43'39"18 ; DC    ;  66,560 ;     mV ;       ; 01:16:11
   2:43'39"45 ; DC    ;  66,570 ;     mV ;       ; 01:16:12
   2:43'39"74 ; DC    ;  66,580 ;     mV ;       ; 01:16:12
   2:43'40"03 ; DC    ;  66,580 ;     mV ;       ; 01:16:12
   2:43'40"32 ; DC    ;  66,590 ;     mV ;       ; 01:16:12
   2:43'40"62 ; DC    ;  66,600 ;     mV ;       ; 01:16:13
   2:43'40"90 ; DC    ;  66,600 ;     mV ;       ; 01:16:13
   2:43'41"17 ; DC    ;  66,600 ;     mV ;       ; 01:16:13
   2:43'41"46 ; DC    ;  66,610 ;     mV ;       ; 01:16:14
   2:43'41"73 ; DC    ;  66,600 ;     mV ;       ; 01:16:14
   2:43'41"97 ; DC    ;  66,620 ;     mV ;       ; 01:16:14
   2:43'42"22 ; DC    ;  66,620 ;     mV ;       ; 01:16:14
   2:43'42"50 ; DC    ;  66,600 ;     mV ;       ; 01:16:15
   2:43'42"79 ; DC    ;  66,600 ;     mV ;       ; 01:16:15
   2:43'43"05 ; DC    ;  66,620 ;     mV ;       ; 01:16:15
   2:43'43"30 ; DC    ;  66,620 ;     mV ;       ; 01:16:15
   2:43'43"57 ; DC    ;  66,610 ;     mV ;       ; 01:16:16
   2:43'43"84 ; DC    ;  66,620 ;     mV ;       ; 01:16:16
   2:43'44"18 ; DC    ;  66,610 ;     mV ;       ; 01:16:16
   2:43'44"47 ; DC    ;  66,620 ;     mV ;       ; 01:16:17
   2:43'44"74 ; DC    ;  66,640 ;     mV ;       ; 01:16:17
   2:43'45"08 ; DC    ;  66,630 ;     mV ;       ; 01:16:17
   2:43'45"35 ; DC    ;  66,630 ;     mV ;       ; 01:16:18
   2:43'45"63 ; DC    ;  66,640 ;     mV ;       ; 01:16:18
   2:43'45"88 ; DC    ;  66,640 ;     mV ;       ; 01:16:18
   2:43'46"13 ; DC    ;  66,640 ;     mV ;       ; 01:16:18
   2:43'46"40 ; DC    ;  66,640 ;     mV ;       ; 01:16:19
   2:43'46"66 ; DC    ;  66,620 ;     mV ;       ; 01:16:19
   2:43'46"91 ; DC    ;  66,630 ;     mV ;       ; 01:16:19
   2:43'47"17 ; DC    ;  66,650 ;     mV ;       ; 01:16:19
   2:43'47"45 ; DC    ;  66,630 ;     mV ;       ; 01:16:20
   2:43'47"73 ; DC    ;  66,630 ;     mV ;       ; 01:16:20
   2:43'48"02 ; DC    ;  66,640 ;     mV ;       ; 01:16:20
   2:43'48"28 ; DC    ;  66,640 ;     mV ;       ; 01:16:20
   2:43'48"58 ; DC    ;  66,640 ;     mV ;       ; 01:16:21
   2:43'48"86 ; DC    ;  66,650 ;     mV ;       ; 01:16:21
   2:43'49"17 ; DC    ;  66,650 ;     mV ;       ; 01:16:21
   2:43'49"45 ; DC    ;  66,650 ;     mV ;       ; 01:16:22
   2:43'49"76 ; DC    ;  66,650 ;     mV ;       ; 01:16:22
   2:43'50"03 ; DC    ;  66,650 ;     mV ;       ; 01:16:22
   2:43'50"31 ; DC    ;  66,640 ;     mV ;       ; 01:16:22
   2:43'50"58 ; DC    ;  66,650 ;     mV ;       ; 01:16:23
   2:43'50"87 ; DC    ;  66,650 ;     mV ;       ; 01:16:23
   2:43'51"18 ; DC    ;  66,650 ;     mV ;       ; 01:16:23
   2:43'51"44 ; DC    ;  66,650 ;     mV ;       ; 01:16:24
   2:43'51"75 ; DC    ;  66,650 ;     mV ;       ; 01:16:24
   2:43'52"04 ; DC    ;  66,640 ;     mV ;       ; 01:16:24
   2:43'52"32 ; DC    ;  66,620 ;     mV ;       ; 01:16:24
   2:43'52"60 ; DC    ;  66,640 ;     mV ;       ; 01:16:25
   2:43'52"89 ; DC    ;  66,640 ;     mV ;       ; 01:16:25
   2:43'53"18 ; DC    ;  66,640 ;     mV ;       ; 01:16:25
   2:43'53"48 ; DC    ;  66,630 ;     mV ;       ; 01:16:26
   2:43'53"81 ; DC    ;  66,630 ;     mV ;       ; 01:16:26
   2:43'54"08 ; DC    ;  66,640 ;     mV ;       ; 01:16:26
   2:43'54"33 ; DC    ;  66,650 ;     mV ;       ; 01:16:27
   2:43'54"60 ; DC    ;  66,630 ;     mV ;       ; 01:16:27
   2:43'54"89 ; DC    ;  66,650 ;     mV ;       ; 01:16:27
   2:43'55"15 ; DC    ;  66,640 ;     mV ;       ; 01:16:27
   2:43'55"42 ; DC    ;  66,640 ;     mV ;       ; 01:16:28
   2:43'55"68 ; DC    ;  66,640 ;     mV ;       ; 01:16:28
   2:43'55"95 ; DC    ;  66,630 ;     mV ;       ; 01:16:28
   2:43'56"24 ; DC    ;  66,660 ;     mV ;       ; 01:16:28
   2:43'56"51 ; DC    ;  66,640 ;     mV ;       ; 01:16:29
   2:43'56"77 ; DC    ;  66,640 ;     mV ;       ; 01:16:29
   2:43'57"04 ; DC    ;  66,620 ;     mV ;       ; 01:16:29
   2:43'57"30 ; DC    ;  66,630 ;     mV ;       ; 01:16:29
   2:43'57"56 ; DC    ;  66,650 ;     mV ;       ; 01:16:30
   2:43'57"82 ; DC    ;  66,650 ;     mV ;       ; 01:16:30
   2:43'58"07 ; DC    ;  66,660 ;     mV ;       ; 01:16:30
   2:43'58"35 ; DC    ;  66,660 ;     mV ;       ; 01:16:31
   2:43'58"61 ; DC    ;  66,650 ;     mV ;       ; 01:16:31
   2:43'58"87 ; DC    ;  66,650 ;     mV ;       ; 01:16:31
   2:43'59"17 ; DC    ;  66,640 ;     mV ;       ; 01:16:31
   2:43'59"46 ; DC    ;  66,630 ;     mV ;       ; 01:16:32
   2:43'59"74 ; DC    ;  66,630 ;     mV ;       ; 01:16:32
   2:44'00"01 ; DC    ;  66,640 ;     mV ;       ; 01:16:32
   2:44'00"28 ; DC    ;  66,640 ;     mV ;       ; 01:16:32
   2:44'00"55 ; DC    ;  66,640 ;     mV ;       ; 01:16:33
   2:44'00"83 ; DC    ;  66,650 ;     mV ;       ; 01:16:33
   2:44'01"10 ; DC    ;  66,650 ;     mV ;       ; 01:16:33
   2:44'01"35 ; DC    ;  66,650 ;     mV ;       ; 01:16:34
   2:44'01"62 ; DC    ;  66,630 ;     mV ;       ; 01:16:34
   2:44'01"89 ; DC    ;  66,650 ;     mV ;       ; 01:16:34
   2:44'02"15 ; DC    ;  66,650 ;     mV ;       ; 01:16:34
   2:44'02"42 ; DC    ;  66,640 ;     mV ;       ; 01:16:35
   2:44'02"70 ; DC    ;  66,640 ;     mV ;       ; 01:16:35
   2:44'02"96 ; DC    ;  66,640 ;     mV ;       ; 01:16:35
   2:44'03"23 ; DC    ;  66,640 ;     mV ;       ; 01:16:35
   2:44'03"50 ; DC    ;  66,650 ;     mV ;       ; 01:16:36
   2:44'03"79 ; DC    ;  66,650 ;     mV ;       ; 01:16:36
   2:44'04"06 ; DC    ;  66,660 ;     mV ;       ; 01:16:36
   2:44'04"30 ; DC    ;  66,650 ;     mV ;       ; 01:16:36
   2:44'04"57 ; DC    ;  66,650 ;     mV ;       ; 01:16:37
   2:44'04"82 ; DC    ;  66,670 ;     mV ;       ; 01:16:37
   2:44'05"07 ; DC    ;  66,690 ;     mV ;       ; 01:16:37
   2:44'05"35 ; DC    ;  66,690 ;     mV ;       ; 01:16:38
   2:44'05"61 ; DC    ;  66,690 ;     mV ;       ; 01:16:38
   2:44'05"85 ; DC    ;  66,680 ;     mV ;       ; 01:16:38
   2:44'06"12 ; DC    ;  66,670 ;     mV ;       ; 01:16:38
   2:44'06"38 ; DC    ;  66,680 ;     mV ;       ; 01:16:39
   2:44'06"65 ; DC    ;  66,680 ;     mV ;       ; 01:16:39
   2:44'06"89 ; DC    ;  66,690 ;     mV ;       ; 01:16:39
   2:44'07"16 ; DC    ;  66,690 ;     mV ;       ; 01:16:39
   2:44'07"41 ; DC    ;  66,690 ;     mV ;       ; 01:16:40
   2:44'07"67 ; DC    ;  66,680 ;     mV ;       ; 01:16:40
   2:44'07"93 ; DC    ;  66,690 ;     mV ;       ; 01:16:40
   2:44'08"21 ; DC    ;  66,690 ;     mV ;       ; 01:16:40
   2:44'08"48 ; DC    ;  66,680 ;     mV ;       ; 01:16:41
   2:44'08"77 ; DC    ;  66,690 ;     mV ;       ; 01:16:41
   2:44'09"04 ; DC    ;  66,670 ;     mV ;       ; 01:16:41
   2:44'09"29 ; DC    ;  66,690 ;     mV ;       ; 01:16:41
   2:44'09"55 ; DC    ;  66,690 ;     mV ;       ; 01:16:42
   2:44'09"82 ; DC    ;  66,690 ;     mV ;       ; 01:16:42
   2:44'10"07 ; DC    ;  66,690 ;     mV ;       ; 01:16:42
   2:44'10"35 ; DC    ;  66,700 ;     mV ;       ; 01:16:43
   2:44'10"61 ; DC    ;  66,700 ;     mV ;       ; 01:16:43
   2:44'10"87 ; DC    ;  66,690 ;     mV ;       ; 01:16:43
   2:44'11"12 ; DC    ;  66,700 ;     mV ;       ; 01:16:43
   2:44'11"38 ; DC    ;  66,690 ;     mV ;       ; 01:16:44
   2:44'11"64 ; DC    ;  66,690 ;     mV ;       ; 01:16:44
   2:44'11"92 ; DC    ;  66,710 ;     mV ;       ; 01:16:44
   2:44'12"19 ; DC    ;  66,710 ;     mV ;       ; 01:16:44
   2:44'12"45 ; DC    ;  66,720 ;     mV ;       ; 01:16:45
   2:44'12"74 ; DC    ;  66,730 ;     mV ;       ; 01:16:45
   2:44'13"03 ; DC    ;  66,720 ;     mV ;       ; 01:16:45
   2:44'13"32 ; DC    ;  66,730 ;     mV ;       ; 01:16:45
   2:44'13"61 ; DC    ;  66,730 ;     mV ;       ; 01:16:46
   2:44'13"87 ; DC    ;  66,730 ;     mV ;       ; 01:16:46
   2:44'14"18 ; DC    ;  66,730 ;     mV ;       ; 01:16:46
   2:44'14"43 ; DC    ;  66,730 ;     mV ;       ; 01:16:47
   2:44'14"72 ; DC    ;  66,730 ;     mV ;       ; 01:16:47
   2:44'15"00 ; DC    ;  66,730 ;     mV ;       ; 01:16:47
   2:44'15"28 ; DC    ;  66,740 ;     mV ;       ; 01:16:47
   2:44'15"55 ; DC    ;  66,720 ;     mV ;       ; 01:16:48
   2:44'15"86 ; DC    ;  66,720 ;     mV ;       ; 01:16:48
   2:44'16"12 ; DC    ;  66,740 ;     mV ;       ; 01:16:48
   2:44'16"38 ; DC    ;  66,740 ;     mV ;       ; 01:16:49
   2:44'16"65 ; DC    ;  66,740 ;     mV ;       ; 01:16:49
   2:44'16"94 ; DC    ;  66,760 ;     mV ;       ; 01:16:49
   2:44'17"24 ; DC    ;  66,760 ;     mV ;       ; 01:16:49
   2:44'17"54 ; DC    ;  66,770 ;     mV ;       ; 01:16:50
   2:44'17"80 ; DC    ;  66,760 ;     mV ;       ; 01:16:50
   2:44'18"07 ; DC    ;  66,760 ;     mV ;       ; 01:16:50
   2:44'18"32 ; DC    ;  66,750 ;     mV ;       ; 01:16:50
   2:44'18"59 ; DC    ;  66,750 ;     mV ;       ; 01:16:51
   2:44'18"86 ; DC    ;  66,740 ;     mV ;       ; 01:16:51
   2:44'19"16 ; DC    ;  66,740 ;     mV ;       ; 01:16:51
   2:44'19"41 ; DC    ;  66,740 ;     mV ;       ; 01:16:52
   2:44'19"67 ; DC    ;  66,760 ;     mV ;       ; 01:16:52
   2:44'19"94 ; DC    ;  66,750 ;     mV ;       ; 01:16:52
   2:44'20"22 ; DC    ;  66,760 ;     mV ;       ; 01:16:52
   2:44'20"49 ; DC    ;  66,760 ;     mV ;       ; 01:16:53
   2:44'20"76 ; DC    ;  66,760 ;     mV ;       ; 01:16:53
   2:44'21"02 ; DC    ;  66,760 ;     mV ;       ; 01:16:53
   2:44'21"29 ; DC    ;  66,760 ;     mV ;       ; 01:16:53
   2:44'21"54 ; DC    ;  66,730 ;     mV ;       ; 01:16:54
   2:44'21"81 ; DC    ;  66,730 ;     mV ;       ; 01:16:54
   2:44'22"07 ; DC    ;  66,720 ;     mV ;       ; 01:16:54
   2:44'22"35 ; DC    ;  66,720 ;     mV ;       ; 01:16:55
   2:44'22"64 ; DC    ;  66,710 ;     mV ;       ; 01:16:55
   2:44'22"92 ; DC    ;  66,690 ;     mV ;       ; 01:16:55
   2:44'23"21 ; DC    ;  66,710 ;     mV ;       ; 01:16:55
   2:44'23"49 ; DC    ;  66,710 ;     mV ;       ; 01:16:56
   2:44'23"76 ; DC    ;  66,690 ;     mV ;       ; 01:16:56
   2:44'24"02 ; DC    ;  66,700 ;     mV ;       ; 01:16:56
   2:44'24"29 ; DC    ;  66,700 ;     mV ;       ; 01:16:56
   2:44'24"54 ; DC    ;  66,700 ;     mV ;       ; 01:16:57
   2:44'24"83 ; DC    ;  66,710 ;     mV ;       ; 01:16:57
   2:44'25"09 ; DC    ;  66,710 ;     mV ;       ; 01:16:57
   2:44'25"35 ; DC    ;  66,720 ;     mV ;       ; 01:16:58
   2:44'25"60 ; DC    ;  66,720 ;     mV ;       ; 01:16:58
   2:44'25"88 ; DC    ;  66,730 ;     mV ;       ; 01:16:58
   2:44'26"15 ; DC    ;  66,730 ;     mV ;       ; 01:16:58
   2:44'26"42 ; DC    ;  66,720 ;     mV ;       ; 01:16:59
   2:44'26"69 ; DC    ;  66,730 ;     mV ;       ; 01:16:59
   2:44'26"95 ; DC    ;  66,720 ;     mV ;       ; 01:16:59
   2:44'27"23 ; DC    ;  66,720 ;     mV ;       ; 01:16:59
   2:44'27"50 ; DC    ;  66,720 ;     mV ;       ; 01:17:00
   2:44'27"77 ; DC    ;  66,710 ;     mV ;       ; 01:17:00
   2:44'28"04 ; DC    ;  66,720 ;     mV ;       ; 01:17:00
   2:44'28"37 ; DC    ;  66,720 ;     mV ;       ; 01:17:01
   2:44'28"65 ; DC    ;  66,710 ;     mV ;       ; 01:17:01
   2:44'28"97 ; DC    ;  66,720 ;     mV ;       ; 01:17:01
   2:44'29"26 ; DC    ;  66,720 ;     mV ;       ; 01:17:01
   2:44'29"57 ; DC    ;  66,700 ;     mV ;       ; 01:17:02
   2:44'29"85 ; DC    ;  66,720 ;     mV ;       ; 01:17:02
   2:44'30"13 ; DC    ;  66,720 ;     mV ;       ; 01:17:02
   2:44'30"42 ; DC    ;  66,720 ;     mV ;       ; 01:17:03
   2:44'30"69 ; DC    ;  66,730 ;     mV ;       ; 01:17:03
   2:44'30"99 ; DC    ;  66,730 ;     mV ;       ; 01:17:03
   2:44'31"27 ; DC    ;  66,730 ;     mV ;       ; 01:17:03
   2:44'31"56 ; DC    ;  66,740 ;     mV ;       ; 01:17:04
   2:44'31"82 ; DC    ;  66,720 ;     mV ;       ; 01:17:04
   2:44'32"08 ; DC    ;  66,730 ;     mV ;       ; 01:17:04
   2:44'32"32 ; DC    ;  66,730 ;     mV ;       ; 01:17:04
   2:44'32"59 ; DC    ;  66,750 ;     mV ;       ; 01:17:05
   2:44'32"85 ; DC    ;  66,730 ;     mV ;       ; 01:17:05
   2:44'33"10 ; DC    ;  66,740 ;     mV ;       ; 01:17:05
   2:44'33"39 ; DC    ;  66,780 ;     mV ;       ; 01:17:06
   2:44'33"69 ; DC    ;  66,770 ;     mV ;       ; 01:17:06
   2:44'33"96 ; DC    ;  66,740 ;     mV ;       ; 01:17:06
   2:44'34"24 ; DC    ;  66,760 ;     mV ;       ; 01:17:06
   2:44'34"51 ; DC    ;  66,740 ;     mV ;       ; 01:17:07
   2:44'34"78 ; DC    ;  66,720 ;     mV ;       ; 01:17:07
   2:44'35"05 ; DC    ;  66,720 ;     mV ;       ; 01:17:07
   2:44'35"33 ; DC    ;  66,720 ;     mV ;       ; 01:17:07
   2:44'35"60 ; DC    ;  66,710 ;     mV ;       ; 01:17:08
   2:44'35"89 ; DC    ;  66,740 ;     mV ;       ; 01:17:08
   2:44'36"19 ; DC    ;  66,740 ;     mV ;       ; 01:17:08
   2:44'36"47 ; DC    ;  66,720 ;     mV ;       ; 01:17:09
   2:44'36"78 ; DC    ;  66,730 ;     mV ;       ; 01:17:09
   2:44'37"07 ; DC    ;  66,710 ;     mV ;       ; 01:17:09
   2:44'37"34 ; DC    ;  66,700 ;     mV ;       ; 01:17:10
   2:44'37"62 ; DC    ;  66,700 ;     mV ;       ; 01:17:10
   2:44'37"93 ; DC    ;  66,700 ;     mV ;       ; 01:17:10
   2:44'38"20 ; DC    ;  66,700 ;     mV ;       ; 01:17:10
   2:44'38"47 ; DC    ;  66,690 ;     mV ;       ; 01:17:11
   2:44'38"74 ; DC    ;  66,680 ;     mV ;       ; 01:17:11
   2:44'39"00 ; DC    ;  66,690 ;     mV ;       ; 01:17:11
   2:44'39"27 ; DC    ;  66,720 ;     mV ;       ; 01:17:11
   2:44'39"52 ; DC    ;  66,720 ;     mV ;       ; 01:17:12
   2:44'39"79 ; DC    ;  66,720 ;     mV ;       ; 01:17:12
   2:44'40"04 ; DC    ;  66,730 ;     mV ;       ; 01:17:12
   2:44'40"29 ; DC    ;  66,730 ;     mV ;       ; 01:17:12
   2:44'40"55 ; DC    ;  66,740 ;     mV ;       ; 01:17:13
   2:44'40"84 ; DC    ;  66,720 ;     mV ;       ; 01:17:13
   2:44'41"11 ; DC    ;  66,710 ;     mV ;       ; 01:17:13
   2:44'41"39 ; DC    ;  66,730 ;     mV ;       ; 01:17:14
   2:44'41"66 ; DC    ;  66,740 ;     mV ;       ; 01:17:14
   2:44'41"93 ; DC    ;  66,740 ;     mV ;       ; 01:17:14
   2:44'42"18 ; DC    ;  66,740 ;     mV ;       ; 01:17:14
   2:44'42"44 ; DC    ;  66,750 ;     mV ;       ; 01:17:15
   2:44'42"70 ; DC    ;  66,760 ;     mV ;       ; 01:17:15
   2:44'42"97 ; DC    ;  66,750 ;     mV ;       ; 01:17:15
   2:44'43"22 ; DC    ;  66,760 ;     mV ;       ; 01:17:15
   2:44'43"48 ; DC    ;  66,770 ;     mV ;       ; 01:17:16
   2:44'43"73 ; DC    ;  66,760 ;     mV ;       ; 01:17:16
   2:44'44"00 ; DC    ;  66,760 ;     mV ;       ; 01:17:16
   2:44'44"25 ; DC    ;  66,760 ;     mV ;       ; 01:17:16
   2:44'44"54 ; DC    ;  66,790 ;     mV ;       ; 01:17:17
   2:44'44"80 ; DC    ;  66,780 ;     mV ;       ; 01:17:17
   2:44'45"07 ; DC    ;  66,780 ;     mV ;       ; 01:17:17
   2:44'45"32 ; DC    ;  66,770 ;     mV ;       ; 01:17:17
   2:44'45"59 ; DC    ;  66,770 ;     mV ;       ; 01:17:18
   2:44'45"84 ; DC    ;  66,770 ;     mV ;       ; 01:17:18
   2:44'46"10 ; DC    ;  66,770 ;     mV ;       ; 01:17:18
   2:44'46"35 ; DC    ;  66,770 ;     mV ;       ; 01:17:19
   2:44'46"60 ; DC    ;  66,770 ;     mV ;       ; 01:17:19
   2:44'46"85 ; DC    ;  66,780 ;     mV ;       ; 01:17:19
   2:44'47"12 ; DC    ;  66,780 ;     mV ;       ; 01:17:19
   2:44'47"39 ; DC    ;  66,780 ;     mV ;       ; 01:17:20
   2:44'47"66 ; DC    ;  66,780 ;     mV ;       ; 01:17:20
   2:44'47"92 ; DC    ;  66,780 ;     mV ;       ; 01:17:20
   2:44'48"18 ; DC    ;  66,780 ;     mV ;       ; 01:17:20
   2:44'48"43 ; DC    ;  66,780 ;     mV ;       ; 01:17:21
   2:44'48"68 ; DC    ;  66,770 ;     mV ;       ; 01:17:21
   2:44'48"96 ; DC    ;  66,790 ;     mV ;       ; 01:17:21
   2:44'49"21 ; DC    ;  66,790 ;     mV ;       ; 01:17:21
   2:44'49"48 ; DC    ;  66,790 ;     mV ;       ; 01:17:22
   2:44'49"75 ; DC    ;  66,800 ;     mV ;       ; 01:17:22
   2:44'50"03 ; DC    ;  66,800 ;     mV ;       ; 01:17:22
   2:44'50"32 ; DC    ;  66,790 ;     mV ;       ; 01:17:22
   2:44'50"60 ; DC    ;  66,790 ;     mV ;       ; 01:17:23
   2:44'50"87 ; DC    ;  66,790 ;     mV ;       ; 01:17:23
   2:44'51"13 ; DC    ;  66,780 ;     mV ;       ; 01:17:23
   2:44'51"40 ; DC    ;  66,780 ;     mV ;       ; 01:17:24
   2:44'51"66 ; DC    ;  66,790 ;     mV ;       ; 01:17:24
   2:44'51"91 ; DC    ;  66,790 ;     mV ;       ; 01:17:24
   2:44'52"17 ; DC    ;  66,790 ;     mV ;       ; 01:17:24
   2:44'52"44 ; DC    ;  66,790 ;     mV ;       ; 01:17:25
   2:44'52"69 ; DC    ;  66,790 ;     mV ;       ; 01:17:25
   2:44'52"96 ; DC    ;  66,790 ;     mV ;       ; 01:17:25
   2:44'53"22 ; DC    ;  66,780 ;     mV ;       ; 01:17:25
   2:44'53"49 ; DC    ;  66,810 ;     mV ;       ; 01:17:26
   2:44'53"76 ; DC    ;  66,800 ;     mV ;       ; 01:17:26
   2:44'54"05 ; DC    ;  66,790 ;     mV ;       ; 01:17:26
   2:44'54"32 ; DC    ;  66,800 ;     mV ;       ; 01:17:26
   2:44'54"57 ; DC    ;  66,810 ;     mV ;       ; 01:17:27
   2:44'54"87 ; DC    ;  66,800 ;     mV ;       ; 01:17:27
   2:44'55"15 ; DC    ;  66,800 ;     mV ;       ; 01:17:27
   2:44'55"42 ; DC    ;  66,810 ;     mV ;       ; 01:17:28
   2:44'55"68 ; DC    ;  66,810 ;     mV ;       ; 01:17:28
   2:44'55"93 ; DC    ;  66,810 ;     mV ;       ; 01:17:28
   2:44'56"20 ; DC    ;  66,820 ;     mV ;       ; 01:17:28
   2:44'56"44 ; DC    ;  66,820 ;     mV ;       ; 01:17:29
   2:44'56"71 ; DC    ;  66,820 ;     mV ;       ; 01:17:29
   2:44'56"97 ; DC    ;  66,820 ;     mV ;       ; 01:17:29
   2:44'57"25 ; DC    ;  66,830 ;     mV ;       ; 01:17:29
   2:44'57"51 ; DC    ;  66,830 ;     mV ;       ; 01:17:30
   2:44'57"78 ; DC    ;  66,820 ;     mV ;       ; 01:17:30
   2:44'58"04 ; DC    ;  66,810 ;     mV ;       ; 01:17:30
   2:44'58"30 ; DC    ;  66,820 ;     mV ;       ; 01:17:30
   2:44'58"55 ; DC    ;  66,820 ;     mV ;       ; 01:17:31
   2:44'58"82 ; DC    ;  66,790 ;     mV ;       ; 01:17:31
   2:44'59"09 ; DC    ;  66,830 ;     mV ;       ; 01:17:31
   2:44'59"35 ; DC    ;  66,840 ;     mV ;       ; 01:17:32
   2:44'59"62 ; DC    ;  66,830 ;     mV ;       ; 01:17:32
   2:44'59"91 ; DC    ;  66,830 ;     mV ;       ; 01:17:32
   2:45'00"19 ; DC    ;  66,840 ;     mV ;       ; 01:17:32
   2:45'00"49 ; DC    ;  66,830 ;     mV ;       ; 01:17:33
   2:45'00"77 ; DC    ;  66,840 ;     mV ;       ; 01:17:33
   2:45'01"02 ; DC    ;  66,830 ;     mV ;       ; 01:17:33
   2:45'01"28 ; DC    ;  66,830 ;     mV ;       ; 01:17:33
   2:45'01"54 ; DC    ;  66,830 ;     mV ;       ; 01:17:34
   2:45'01"85 ; DC    ;  66,830 ;     mV ;       ; 01:17:34
   2:45'02"11 ; DC    ;  66,830 ;     mV ;       ; 01:17:34
   2:45'02"38 ; DC    ;  66,820 ;     mV ;       ; 01:17:35
   2:45'02"63 ; DC    ;  66,830 ;     mV ;       ; 01:17:35
   2:45'02"90 ; DC    ;  66,810 ;     mV ;       ; 01:17:35
   2:45'03"17 ; DC    ;  66,810 ;     mV ;       ; 01:17:35
   2:45'03"45 ; DC    ;  66,830 ;     mV ;       ; 01:17:36
   2:45'03"71 ; DC    ;  66,830 ;     mV ;       ; 01:17:36
   2:45'03"98 ; DC    ;  66,840 ;     mV ;       ; 01:17:36
   2:45'04"26 ; DC    ;  66,840 ;     mV ;       ; 01:17:36
   2:45'04"56 ; DC    ;  66,840 ;     mV ;       ; 01:17:37
   2:45'04"83 ; DC    ;  66,830 ;     mV ;       ; 01:17:37
   2:45'05"11 ; DC    ;  66,850 ;     mV ;       ; 01:17:37
   2:45'05"39 ; DC    ;  66,860 ;     mV ;       ; 01:17:38
   2:45'05"66 ; DC    ;  66,840 ;     mV ;       ; 01:17:38
   2:45'05"93 ; DC    ;  66,840 ;     mV ;       ; 01:17:38
   2:45'06"21 ; DC    ;  66,850 ;     mV ;       ; 01:17:38
   2:45'06"51 ; DC    ;  66,840 ;     mV ;       ; 01:17:39
   2:45'06"78 ; DC    ;  66,830 ;     mV ;       ; 01:17:39
   2:45'07"10 ; DC    ;  66,840 ;     mV ;       ; 01:17:39
   2:45'07"38 ; DC    ;  66,840 ;     mV ;       ; 01:17:40
   2:45'07"66 ; DC    ;  66,840 ;     mV ;       ; 01:17:40
   2:45'07"94 ; DC    ;  66,850 ;     mV ;       ; 01:17:40
   2:45'08"22 ; DC    ;  66,840 ;     mV ;       ; 01:17:40
   2:45'08"50 ; DC    ;  66,830 ;     mV ;       ; 01:17:41
   2:45'08"78 ; DC    ;  66,840 ;     mV ;       ; 01:17:41
   2:45'09"05 ; DC    ;  66,850 ;     mV ;       ; 01:17:41
   2:45'09"32 ; DC    ;  66,840 ;     mV ;       ; 01:17:41
   2:45'09"60 ; DC    ;  66,860 ;     mV ;       ; 01:17:42
   2:45'09"88 ; DC    ;  66,860 ;     mV ;       ; 01:17:42
   2:45'10"16 ; DC    ;  66,860 ;     mV ;       ; 01:17:42
   2:45'10"46 ; DC    ;  66,860 ;     mV ;       ; 01:17:43
   2:45'10"72 ; DC    ;  66,850 ;     mV ;       ; 01:17:43
   2:45'10"99 ; DC    ;  66,840 ;     mV ;       ; 01:17:43
   2:45'11"25 ; DC    ;  66,860 ;     mV ;       ; 01:17:43
   2:45'11"52 ; DC    ;  66,910 ;     mV ;       ; 01:17:44
   2:45'11"83 ; DC    ;  66,900 ;     mV ;       ; 01:17:44
   2:45'12"11 ; DC    ;  66,870 ;     mV ;       ; 01:17:44
   2:45'12"37 ; DC    ;  66,900 ;     mV ;       ; 01:17:45
   2:45'12"64 ; DC    ;  66,880 ;     mV ;       ; 01:17:45
   2:45'12"88 ; DC    ;  66,880 ;     mV ;       ; 01:17:45
   2:45'13"14 ; DC    ;  66,870 ;     mV ;       ; 01:17:45
   2:45'13"41 ; DC    ;  66,880 ;     mV ;       ; 01:17:46
   2:45'13"69 ; DC    ;  66,880 ;     mV ;       ; 01:17:46
   2:45'13"96 ; DC    ;  66,880 ;     mV ;       ; 01:17:46
   2:45'14"26 ; DC    ;  66,880 ;     mV ;       ; 01:17:46
   2:45'14"54 ; DC    ;  66,880 ;     mV ;       ; 01:17:47
   2:45'14"84 ; DC    ;  66,880 ;     mV ;       ; 01:17:47
   2:45'15"13 ; DC    ;  66,900 ;     mV ;       ; 01:17:47
   2:45'15"42 ; DC    ;  66,880 ;     mV ;       ; 01:17:48
   2:45'15"70 ; DC    ;  66,880 ;     mV ;       ; 01:17:48
   2:45'15"99 ; DC    ;  66,900 ;     mV ;       ; 01:17:48
   2:45'16"27 ; DC    ;  66,910 ;     mV ;       ; 01:17:48
   2:45'16"53 ; DC    ;  66,900 ;     mV ;       ; 01:17:49
   2:45'16"79 ; DC    ;  66,880 ;     mV ;       ; 01:17:49
   2:45'17"05 ; DC    ;  66,870 ;     mV ;       ; 01:17:49
   2:45'17"32 ; DC    ;  66,870 ;     mV ;       ; 01:17:49
   2:45'17"58 ; DC    ;  66,910 ;     mV ;       ; 01:17:50
   2:45'17"86 ; DC    ;  66,910 ;     mV ;       ; 01:17:50
   2:45'18"12 ; DC    ;  66,900 ;     mV ;       ; 01:17:50
   2:45'18"42 ; DC    ;  66,880 ;     mV ;       ; 01:17:51
   2:45'18"69 ; DC    ;  66,870 ;     mV ;       ; 01:17:51
   2:45'18"94 ; DC    ;  66,880 ;     mV ;       ; 01:17:51
   2:45'19"21 ; DC    ;  66,900 ;     mV ;       ; 01:17:51
   2:45'19"47 ; DC    ;  66,870 ;     mV ;       ; 01:17:52
   2:45'19"73 ; DC    ;  66,860 ;     mV ;       ; 01:17:52
   2:45'19"99 ; DC    ;  66,860 ;     mV ;       ; 01:17:52
   2:45'20"25 ; DC    ;  66,880 ;     mV ;       ; 01:17:52
   2:45'20"52 ; DC    ;  66,860 ;     mV ;       ; 01:17:53
   2:45'20"78 ; DC    ;  66,850 ;     mV ;       ; 01:17:53
   2:45'21"06 ; DC    ;  66,860 ;     mV ;       ; 01:17:53
   2:45'21"32 ; DC    ;  66,870 ;     mV ;       ; 01:17:53
   2:45'21"58 ; DC    ;  66,860 ;     mV ;       ; 01:17:54
   2:45'21"85 ; DC    ;  66,860 ;     mV ;       ; 01:17:54
   2:45'22"11 ; DC    ;  66,850 ;     mV ;       ; 01:17:54
   2:45'22"36 ; DC    ;  66,850 ;     mV ;       ; 01:17:55
   2:45'22"62 ; DC    ;  66,860 ;     mV ;       ; 01:17:55
   2:45'22"88 ; DC    ;  66,850 ;     mV ;       ; 01:17:55
   2:45'23"15 ; DC    ;  66,840 ;     mV ;       ; 01:17:55
   2:45'23"43 ; DC    ;  66,840 ;     mV ;       ; 01:17:56
   2:45'23"69 ; DC    ;  66,850 ;     mV ;       ; 01:17:56
   2:45'23"96 ; DC    ;  66,840 ;     mV ;       ; 01:17:56
   2:45'24"25 ; DC    ;  66,840 ;     mV ;       ; 01:17:56
   2:45'24"56 ; DC    ;  66,850 ;     mV ;       ; 01:17:57
   2:45'24"84 ; DC    ;  66,820 ;     mV ;       ; 01:17:57
   2:45'25"11 ; DC    ;  66,820 ;     mV ;       ; 01:17:57
   2:45'25"40 ; DC    ;  66,790 ;     mV ;       ; 01:17:58
   2:45'25"86 ; DC    ;  66,840 ;     mV ;       ; 01:17:58
   2:45'26"19 ; DC    ;  66,810 ;     mV ;       ; 01:17:58
   2:45'26"48 ; DC    ;  66,810 ;     mV ;       ; 01:17:59
   2:45'26"74 ; DC    ;  66,790 ;     mV ;       ; 01:17:59
   2:45'27"02 ; DC    ;  66,790 ;     mV ;       ; 01:17:59
   2:45'27"29 ; DC    ;  66,810 ;     mV ;       ; 01:17:59
   2:45'27"60 ; DC    ;  66,810 ;     mV ;       ; 01:18:00
   2:45'27"93 ; DC    ;  66,800 ;     mV ;       ; 01:18:00
   2:45'28"20 ; DC    ;  66,810 ;     mV ;       ; 01:18:00
   2:45'28"46 ; DC    ;  66,820 ;     mV ;       ; 01:18:01
   2:45'28"73 ; DC    ;  66,820 ;     mV ;       ; 01:18:01
   2:45'28"99 ; DC    ;  66,800 ;     mV ;       ; 01:18:01
   2:45'29"25 ; DC    ;  66,810 ;     mV ;       ; 01:18:01
   2:45'29"51 ; DC    ;  66,820 ;     mV ;       ; 01:18:02
   2:45'29"78 ; DC    ;  66,840 ;     mV ;       ; 01:18:02
   2:45'30"04 ; DC    ;  66,850 ;     mV ;       ; 01:18:02
   2:45'30"29 ; DC    ;  66,880 ;     mV ;       ; 01:18:02
   2:45'30"56 ; DC    ;  66,860 ;     mV ;       ; 01:18:03
   2:45'30"83 ; DC    ;  66,860 ;     mV ;       ; 01:18:03
   2:45'31"09 ; DC    ;  66,860 ;     mV ;       ; 01:18:03
   2:45'31"36 ; DC    ;  66,850 ;     mV ;       ; 01:18:04
   2:45'31"64 ; DC    ;  66,840 ;     mV ;       ; 01:18:04
   2:45'31"90 ; DC    ;  66,850 ;     mV ;       ; 01:18:04
   2:45'32"15 ; DC    ;  66,830 ;     mV ;       ; 01:18:04
   2:45'32"41 ; DC    ;  66,810 ;     mV ;       ; 01:18:05
   2:45'32"68 ; DC    ;  66,810 ;     mV ;       ; 01:18:05
   2:45'32"95 ; DC    ;  66,790 ;     mV ;       ; 01:18:05
   2:45'33"21 ; DC    ;  66,790 ;     mV ;       ; 01:18:05
   2:45'33"47 ; DC    ;  66,800 ;     mV ;       ; 01:18:06
   2:45'33"75 ; DC    ;  66,800 ;     mV ;       ; 01:18:06
   2:45'34"00 ; DC    ;  66,800 ;     mV ;       ; 01:18:06
   2:45'34"27 ; DC    ;  66,810 ;     mV ;       ; 01:18:06
   2:45'34"54 ; DC    ;  66,800 ;     mV ;       ; 01:18:07
   2:45'34"82 ; DC    ;  66,820 ;     mV ;       ; 01:18:07
   2:45'35"08 ; DC    ;  66,830 ;     mV ;       ; 01:18:07
   2:45'35"35 ; DC    ;  66,820 ;     mV ;       ; 01:18:08
   2:45'35"60 ; DC    ;  66,820 ;     mV ;       ; 01:18:08
   2:45'35"89 ; DC    ;  66,840 ;     mV ;       ; 01:18:08
   2:45'36"15 ; DC    ;  66,830 ;     mV ;       ; 01:18:08
   2:45'36"43 ; DC    ;  66,820 ;     mV ;       ; 01:18:09
   2:45'36"69 ; DC    ;  66,840 ;     mV ;       ; 01:18:09
   2:45'36"97 ; DC    ;  66,840 ;     mV ;       ; 01:18:09
   2:45'37"23 ; DC    ;  66,830 ;     mV ;       ; 01:18:09
   2:45'37"53 ; DC    ;  66,830 ;     mV ;       ; 01:18:10
   2:45'37"80 ; DC    ;  66,830 ;     mV ;       ; 01:18:10
   2:45'38"06 ; DC    ;  66,830 ;     mV ;       ; 01:18:10
   2:45'38"35 ; DC    ;  66,830 ;     mV ;       ; 01:18:11
   2:45'38"64 ; DC    ;  66,810 ;     mV ;       ; 01:18:11
   2:45'38"93 ; DC    ;  66,810 ;     mV ;       ; 01:18:11
   2:45'39"22 ; DC    ;  66,810 ;     mV ;       ; 01:18:11
   2:45'39"49 ; DC    ;  66,790 ;     mV ;       ; 01:18:12
   2:45'39"75 ; DC    ;  66,810 ;     mV ;       ; 01:18:12
   2:45'40"01 ; DC    ;  66,820 ;     mV ;       ; 01:18:12
   2:45'40"28 ; DC    ;  66,820 ;     mV ;       ; 01:18:12
   2:45'40"52 ; DC    ;  66,830 ;     mV ;       ; 01:18:13
   2:45'40"79 ; DC    ;  66,830 ;     mV ;       ; 01:18:13
   2:45'41"06 ; DC    ;  66,840 ;     mV ;       ; 01:18:13
   2:45'41"34 ; DC    ;  66,840 ;     mV ;       ; 01:18:14
   2:45'41"60 ; DC    ;  66,840 ;     mV ;       ; 01:18:14
   2:45'41"88 ; DC    ;  66,850 ;     mV ;       ; 01:18:14
   2:45'42"14 ; DC    ;  66,840 ;     mV ;       ; 01:18:14
   2:45'42"42 ; DC    ;  66,840 ;     mV ;       ; 01:18:15
   2:45'42"68 ; DC    ;  66,850 ;     mV ;       ; 01:18:15
   2:45'42"94 ; DC    ;  66,860 ;     mV ;       ; 01:18:15
   2:45'43"20 ; DC    ;  66,850 ;     mV ;       ; 01:18:15
   2:45'43"47 ; DC    ;  66,840 ;     mV ;       ; 01:18:16
   2:45'43"73 ; DC    ;  66,850 ;     mV ;       ; 01:18:16
   2:45'43"99 ; DC    ;  66,850 ;     mV ;       ; 01:18:16
   2:45'44"26 ; DC    ;  66,840 ;     mV ;       ; 01:18:16
   2:45'44"52 ; DC    ;  66,830 ;     mV ;       ; 01:18:17
   2:45'44"91 ; DC    ;  66,830 ;     mV ;       ; 01:18:17
   2:45'45"17 ; DC    ;  66,840 ;     mV ;       ; 01:18:17
   2:45'45"43 ; DC    ;  66,840 ;     mV ;       ; 01:18:18
   2:45'45"70 ; DC    ;  66,850 ;     mV ;       ; 01:18:18
   2:45'45"96 ; DC    ;  66,860 ;     mV ;       ; 01:18:18
   2:45'46"23 ; DC    ;  66,840 ;     mV ;       ; 01:18:18
   2:45'46"52 ; DC    ;  66,870 ;     mV ;       ; 01:18:19
   2:45'46"78 ; DC    ;  66,870 ;     mV ;       ; 01:18:19
   2:45'47"04 ; DC    ;  66,880 ;     mV ;       ; 01:18:19
   2:45'47"32 ; DC    ;  66,880 ;     mV ;       ; 01:18:19
   2:45'47"59 ; DC    ;  66,860 ;     mV ;       ; 01:18:20
   2:45'47"86 ; DC    ;  66,860 ;     mV ;       ; 01:18:20
   2:45'48"15 ; DC    ;  66,850 ;     mV ;       ; 01:18:20
   2:45'48"41 ; DC    ;  66,850 ;     mV ;       ; 01:18:21
   2:45'48"71 ; DC    ;  66,860 ;     mV ;       ; 01:18:21
   2:45'48"96 ; DC    ;  66,860 ;     mV ;       ; 01:18:21
   2:45'49"26 ; DC    ;  66,860 ;     mV ;       ; 01:18:21
   2:45'49"52 ; DC    ;  66,850 ;     mV ;       ; 01:18:22
   2:45'49"79 ; DC    ;  66,860 ;     mV ;       ; 01:18:22
   2:45'50"08 ; DC    ;  66,850 ;     mV ;       ; 01:18:22
   2:45'50"35 ; DC    ;  66,850 ;     mV ;       ; 01:18:23
   2:45'50"65 ; DC    ;  66,840 ;     mV ;       ; 01:18:23
   2:45'50"92 ; DC    ;  66,840 ;     mV ;       ; 01:18:23
   2:45'51"24 ; DC    ;  66,840 ;     mV ;       ; 01:18:23
   2:45'51"52 ; DC    ;  66,850 ;     mV ;       ; 01:18:24
   2:45'51"82 ; DC    ;  66,850 ;     mV ;       ; 01:18:24
   2:45'52"08 ; DC    ;  66,870 ;     mV ;       ; 01:18:24
   2:45'52"34 ; DC    ;  66,850 ;     mV ;       ; 01:18:25
   2:45'52"60 ; DC    ;  66,850 ;     mV ;       ; 01:18:25
   2:45'52"87 ; DC    ;  66,840 ;     mV ;       ; 01:18:25
   2:45'53"13 ; DC    ;  66,870 ;     mV ;       ; 01:18:25
   2:45'53"39 ; DC    ;  66,840 ;     mV ;       ; 01:18:26
   2:45'53"65 ; DC    ;  66,850 ;     mV ;       ; 01:18:26
   2:45'53"92 ; DC    ;  66,860 ;     mV ;       ; 01:18:26
   2:45'54"19 ; DC    ;  66,860 ;     mV ;       ; 01:18:26
   2:45'54"46 ; DC    ;  66,830 ;     mV ;       ; 01:18:27
   2:45'54"73 ; DC    ;  66,840 ;     mV ;       ; 01:18:27
   2:45'55"03 ; DC    ;  66,850 ;     mV ;       ; 01:18:27
   2:45'55"39 ; DC    ;  66,850 ;     mV ;       ; 01:18:28
   2:45'55"66 ; DC    ;  66,870 ;     mV ;       ; 01:18:28
   2:45'55"92 ; DC    ;  66,880 ;     mV ;       ; 01:18:28
   2:45'56"18 ; DC    ;  66,880 ;     mV ;       ; 01:18:28
   2:45'56"44 ; DC    ;  66,880 ;     mV ;       ; 01:18:29
   2:45'56"70 ; DC    ;  66,870 ;     mV ;       ; 01:18:29
   2:45'56"96 ; DC    ;  66,860 ;     mV ;       ; 01:18:29
   2:45'57"23 ; DC    ;  66,860 ;     mV ;       ; 01:18:29
   2:45'57"47 ; DC    ;  66,860 ;     mV ;       ; 01:18:30
   2:45'57"72 ; DC    ;  66,850 ;     mV ;       ; 01:18:30
   2:45'57"98 ; DC    ;  66,850 ;     mV ;       ; 01:18:30
   2:45'58"24 ; DC    ;  66,840 ;     mV ;       ; 01:18:30
   2:45'58"51 ; DC    ;  66,870 ;     mV ;       ; 01:18:31
   2:45'58"76 ; DC    ;  66,870 ;     mV ;       ; 01:18:31
   2:45'59"00 ; DC    ;  66,860 ;     mV ;       ; 01:18:31
   2:45'59"26 ; DC    ;  66,860 ;     mV ;       ; 01:18:31
   2:45'59"54 ; DC    ;  66,880 ;     mV ;       ; 01:18:32
   2:45'59"82 ; DC    ;  66,870 ;     mV ;       ; 01:18:32
   2:46'00"10 ; DC    ;  66,880 ;     mV ;       ; 01:18:32
   2:46'00"37 ; DC    ;  66,870 ;     mV ;       ; 01:18:33
   2:46'00"64 ; DC    ;  66,860 ;     mV ;       ; 01:18:33
   2:46'00"88 ; DC    ;  66,850 ;     mV ;       ; 01:18:33
   2:46'01"27 ; DC    ;  66,860 ;     mV ;       ; 01:18:33
   2:46'01"55 ; DC    ;  66,860 ;     mV ;       ; 01:18:34
   2:46'01"81 ; DC    ;  66,880 ;     mV ;       ; 01:18:34
   2:46'02"07 ; DC    ;  66,880 ;     mV ;       ; 01:18:34
   2:46'02"32 ; DC    ;  66,880 ;     mV ;       ; 01:18:34
   2:46'02"59 ; DC    ;  66,900 ;     mV ;       ; 01:18:35
   2:46'02"85 ; DC    ;  66,870 ;     mV ;       ; 01:18:35
   2:46'03"12 ; DC    ;  66,880 ;     mV ;       ; 01:18:35
   2:46'03"38 ; DC    ;  66,870 ;     mV ;       ; 01:18:36
   2:46'03"64 ; DC    ;  66,880 ;     mV ;       ; 01:18:36
   2:46'03"91 ; DC    ;  66,900 ;     mV ;       ; 01:18:36
   2:46'04"17 ; DC    ;  66,880 ;     mV ;       ; 01:18:36
   2:46'04"43 ; DC    ;  66,860 ;     mV ;       ; 01:18:37
   2:46'04"68 ; DC    ;  66,860 ;     mV ;       ; 01:18:37
   2:46'04"95 ; DC    ;  66,870 ;     mV ;       ; 01:18:37
   2:46'05"24 ; DC    ;  66,860 ;     mV ;       ; 01:18:37
   2:46'05"51 ; DC    ;  66,870 ;     mV ;       ; 01:18:38
   2:46'05"75 ; DC    ;  66,880 ;     mV ;       ; 01:18:38
   2:46'06"00 ; DC    ;  66,910 ;     mV ;       ; 01:18:38
   2:46'06"27 ; DC    ;  66,880 ;     mV ;       ; 01:18:38
   2:46'06"53 ; DC    ;  66,880 ;     mV ;       ; 01:18:39
   2:46'06"79 ; DC    ;  66,900 ;     mV ;       ; 01:18:39
   2:46'07"04 ; DC    ;  66,880 ;     mV ;       ; 01:18:39
   2:46'07"30 ; DC    ;  66,900 ;     mV ;       ; 01:18:39
   2:46'07"56 ; DC    ;  66,880 ;     mV ;       ; 01:18:40
   2:46'07"82 ; DC    ;  66,910 ;     mV ;       ; 01:18:40
   2:46'08"07 ; DC    ;  66,910 ;     mV ;       ; 01:18:40
   2:46'08"33 ; DC    ;  66,910 ;     mV ;       ; 01:18:40
   2:46'08"60 ; DC    ;  66,910 ;     mV ;       ; 01:18:41
   2:46'08"86 ; DC    ;  66,920 ;     mV ;       ; 01:18:41
   2:46'09"13 ; DC    ;  66,920 ;     mV ;       ; 01:18:41
   2:46'09"39 ; DC    ;  66,900 ;     mV ;       ; 01:18:42
   2:46'09"65 ; DC    ;  66,900 ;     mV ;       ; 01:18:42
   2:46'09"93 ; DC    ;  66,880 ;     mV ;       ; 01:18:42
   2:46'10"18 ; DC    ;  66,900 ;     mV ;       ; 01:18:42
   2:46'10"49 ; DC    ;  66,910 ;     mV ;       ; 01:18:43
   2:46'10"76 ; DC    ;  66,900 ;     mV ;       ; 01:18:43
   2:46'11"05 ; DC    ;  66,870 ;     mV ;       ; 01:18:43
   2:46'11"33 ; DC    ;  66,870 ;     mV ;       ; 01:18:43
   2:46'11"63 ; DC    ;  66,920 ;     mV ;       ; 01:18:44
   2:46'11"91 ; DC    ;  66,920 ;     mV ;       ; 01:18:44
   2:46'12"18 ; DC    ;  66,910 ;     mV ;       ; 01:18:44
   2:46'12"45 ; DC    ;  66,930 ;     mV ;       ; 01:18:45
   2:46'12"71 ; DC    ;  66,900 ;     mV ;       ; 01:18:45
   2:46'12"96 ; DC    ;  66,910 ;     mV ;       ; 01:18:45
   2:46'13"22 ; DC    ;  66,930 ;     mV ;       ; 01:18:45
   2:46'13"48 ; DC    ;  66,930 ;     mV ;       ; 01:18:46
   2:46'13"74 ; DC    ;  66,910 ;     mV ;       ; 01:18:46
   2:46'14"01 ; DC    ;  66,910 ;     mV ;       ; 01:18:46
   2:46'14"25 ; DC    ;  66,910 ;     mV ;       ; 01:18:46
   2:46'14"51 ; DC    ;  66,920 ;     mV ;       ; 01:18:47
   2:46'14"77 ; DC    ;  66,900 ;     mV ;       ; 01:18:47
   2:46'15"04 ; DC    ;  66,870 ;     mV ;       ; 01:18:47
   2:46'15"30 ; DC    ;  66,910 ;     mV ;       ; 01:18:47
   2:46'15"56 ; DC    ;  66,880 ;     mV ;       ; 01:18:48
   2:46'15"83 ; DC    ;  66,900 ;     mV ;       ; 01:18:48
   2:46'16"09 ; DC    ;  66,900 ;     mV ;       ; 01:18:48
   2:46'16"36 ; DC    ;  66,910 ;     mV ;       ; 01:18:49
   2:46'16"62 ; DC    ;  66,920 ;     mV ;       ; 01:18:49
   2:46'16"88 ; DC    ;  66,930 ;     mV ;       ; 01:18:49
   2:46'17"15 ; DC    ;  66,920 ;     mV ;       ; 01:18:49
   2:46'17"44 ; DC    ;  66,920 ;     mV ;       ; 01:18:50
   2:46'17"70 ; DC    ;  66,920 ;     mV ;       ; 01:18:50
   2:46'17"98 ; DC    ;  66,940 ;     mV ;       ; 01:18:50
   2:46'18"24 ; DC    ;  66,940 ;     mV ;       ; 01:18:50
   2:46'18"55 ; DC    ;  66,940 ;     mV ;       ; 01:18:51
   2:46'18"80 ; DC    ;  66,940 ;     mV ;       ; 01:18:51
   2:46'19"07 ; DC    ;  66,930 ;     mV ;       ; 01:18:51
   2:46'19"34 ; DC    ;  66,930 ;     mV ;       ; 01:18:52
   2:46'19"59 ; DC    ;  66,930 ;     mV ;       ; 01:18:52
   2:46'19"85 ; DC    ;  66,940 ;     mV ;       ; 01:18:52
   2:46'20"14 ; DC    ;  66,930 ;     mV ;       ; 01:18:52
   2:46'20"40 ; DC    ;  66,940 ;     mV ;       ; 01:18:53
   2:46'20"67 ; DC    ;  66,940 ;     mV ;       ; 01:18:53
   2:46'20"94 ; DC    ;  66,960 ;     mV ;       ; 01:18:53
   2:46'21"21 ; DC    ;  66,960 ;     mV ;       ; 01:18:53
   2:46'21"50 ; DC    ;  66,970 ;     mV ;       ; 01:18:54
   2:46'21"77 ; DC    ;  66,970 ;     mV ;       ; 01:18:54
   2:46'22"05 ; DC    ;  66,980 ;     mV ;       ; 01:18:54
   2:46'22"32 ; DC    ;  66,980 ;     mV ;       ; 01:18:54
   2:46'22"59 ; DC    ;  66,960 ;     mV ;       ; 01:18:55
   2:46'22"84 ; DC    ;  66,950 ;     mV ;       ; 01:18:55
   2:46'23"10 ; DC    ;  66,930 ;     mV ;       ; 01:18:55
   2:46'23"37 ; DC    ;  66,920 ;     mV ;       ; 01:18:56
   2:46'23"66 ; DC    ;  66,920 ;     mV ;       ; 01:18:56
   2:46'23"91 ; DC    ;  66,920 ;     mV ;       ; 01:18:56
   2:46'24"22 ; DC    ;  66,900 ;     mV ;       ; 01:18:56
   2:46'24"50 ; DC    ;  66,880 ;     mV ;       ; 01:18:57
   2:46'24"77 ; DC    ;  66,860 ;     mV ;       ; 01:18:57
   2:46'25"04 ; DC    ;  66,850 ;     mV ;       ; 01:18:57
   2:46'25"30 ; DC    ;  66,860 ;     mV ;       ; 01:18:57
   2:46'25"56 ; DC    ;  66,840 ;     mV ;       ; 01:18:58
   2:46'25"82 ; DC    ;  66,870 ;     mV ;       ; 01:18:58
   2:46'26"07 ; DC    ;  66,850 ;     mV ;       ; 01:18:58
   2:46'26"32 ; DC    ;  66,860 ;     mV ;       ; 01:18:58
   2:46'26"58 ; DC    ;  66,860 ;     mV ;       ; 01:18:59
   2:46'26"84 ; DC    ;  66,850 ;     mV ;       ; 01:18:59
   2:46'27"10 ; DC    ;  66,870 ;     mV ;       ; 01:18:59
   2:46'27"37 ; DC    ;  66,860 ;     mV ;       ; 01:19:00
   2:46'27"64 ; DC    ;  66,860 ;     mV ;       ; 01:19:00
   2:46'27"90 ; DC    ;  66,870 ;     mV ;       ; 01:19:00
   2:46'28"15 ; DC    ;  66,880 ;     mV ;       ; 01:19:00
   2:46'28"42 ; DC    ;  66,880 ;     mV ;       ; 01:19:01
   2:46'28"70 ; DC    ;  66,870 ;     mV ;       ; 01:19:01
   2:46'28"98 ; DC    ;  66,870 ;     mV ;       ; 01:19:01
   2:46'29"24 ; DC    ;  66,880 ;     mV ;       ; 01:19:01
   2:46'29"51 ; DC    ;  66,850 ;     mV ;       ; 01:19:02
   2:46'29"79 ; DC    ;  66,860 ;     mV ;       ; 01:19:02
   2:46'30"09 ; DC    ;  66,880 ;     mV ;       ; 01:19:02
   2:46'30"38 ; DC    ;  66,870 ;     mV ;       ; 01:19:03
   2:46'30"63 ; DC    ;  66,860 ;     mV ;       ; 01:19:03
   2:46'30"90 ; DC    ;  66,860 ;     mV ;       ; 01:19:03
   2:46'31"16 ; DC    ;  66,850 ;     mV ;       ; 01:19:03
   2:46'31"41 ; DC    ;  66,900 ;     mV ;       ; 01:19:04
   2:46'31"66 ; DC    ;  66,900 ;     mV ;       ; 01:19:04
   2:46'31"94 ; DC    ;  66,880 ;     mV ;       ; 01:19:04
   2:46'32"20 ; DC    ;  66,900 ;     mV ;       ; 01:19:04
   2:46'32"46 ; DC    ;  66,900 ;     mV ;       ; 01:19:05
   2:46'32"73 ; DC    ;  66,920 ;     mV ;       ; 01:19:05
   2:46'33"00 ; DC    ;  66,910 ;     mV ;       ; 01:19:05
   2:46'33"26 ; DC    ;  66,910 ;     mV ;       ; 01:19:05
   2:46'33"52 ; DC    ;  66,940 ;     mV ;       ; 01:19:06
   2:46'33"78 ; DC    ;  66,940 ;     mV ;       ; 01:19:06
   2:46'34"04 ; DC    ;  66,950 ;     mV ;       ; 01:19:06
   2:46'34"29 ; DC    ;  66,950 ;     mV ;       ; 01:19:06
   2:46'34"55 ; DC    ;  66,940 ;     mV ;       ; 01:19:07
   2:46'34"83 ; DC    ;  66,950 ;     mV ;       ; 01:19:07
   2:46'35"10 ; DC    ;  66,940 ;     mV ;       ; 01:19:07
   2:46'35"37 ; DC    ;  66,930 ;     mV ;       ; 01:19:08
   2:46'35"63 ; DC    ;  66,930 ;     mV ;       ; 01:19:08
   2:46'35"90 ; DC    ;  66,930 ;     mV ;       ; 01:19:08
   2:46'36"17 ; DC    ;  66,940 ;     mV ;       ; 01:19:08
   2:46'36"45 ; DC    ;  66,940 ;     mV ;       ; 01:19:09
   2:46'36"75 ; DC    ;  66,930 ;     mV ;       ; 01:19:09
   2:46'37"03 ; DC    ;  66,910 ;     mV ;       ; 01:19:09
   2:46'37"30 ; DC    ;  66,910 ;     mV ;       ; 01:19:09
   2:46'37"60 ; DC    ;  66,870 ;     mV ;       ; 01:19:10
   2:46'37"86 ; DC    ;  66,860 ;     mV ;       ; 01:19:10
   2:46'38"16 ; DC    ;  66,880 ;     mV ;       ; 01:19:10
   2:46'38"44 ; DC    ;  66,880 ;     mV ;       ; 01:19:11
   2:46'38"70 ; DC    ;  66,870 ;     mV ;       ; 01:19:11
   2:46'38"99 ; DC    ;  66,870 ;     mV ;       ; 01:19:11
   2:46'39"26 ; DC    ;  66,860 ;     mV ;       ; 01:19:11
   2:46'39"52 ; DC    ;  66,870 ;     mV ;       ; 01:19:12
   2:46'39"88 ; DC    ;  66,870 ;     mV ;       ; 01:19:12
   2:46'40"22 ; DC    ;  66,860 ;     mV ;       ; 01:19:12
   2:46'40"48 ; DC    ;  66,860 ;     mV ;       ; 01:19:13
   2:46'40"75 ; DC    ;  66,850 ;     mV ;       ; 01:19:13
   2:46'41"01 ; DC    ;  66,850 ;     mV ;       ; 01:19:13
   2:46'41"27 ; DC    ;  66,860 ;     mV ;       ; 01:19:13
   2:46'41"55 ; DC    ;  66,870 ;     mV ;       ; 01:19:14
   2:46'41"88 ; DC    ;  66,850 ;     mV ;       ; 01:19:14
   2:46'42"14 ; DC    ;  66,850 ;     mV ;       ; 01:19:14
   2:46'42"40 ; DC    ;  66,830 ;     mV ;       ; 01:19:15
   2:46'42"67 ; DC    ;  66,830 ;     mV ;       ; 01:19:15
   2:46'42"94 ; DC    ;  66,870 ;     mV ;       ; 01:19:15
   2:46'43"20 ; DC    ;  66,870 ;     mV ;       ; 01:19:15
   2:46'43"49 ; DC    ;  66,870 ;     mV ;       ; 01:19:16
   2:46'43"77 ; DC    ;  66,850 ;     mV ;       ; 01:19:16
   2:46'44"03 ; DC    ;  66,840 ;     mV ;       ; 01:19:16
   2:46'44"30 ; DC    ;  66,840 ;     mV ;       ; 01:19:16
   2:46'44"55 ; DC    ;  66,800 ;     mV ;       ; 01:19:17
   2:46'44"81 ; DC    ;  66,790 ;     mV ;       ; 01:19:17
   2:46'45"07 ; DC    ;  66,790 ;     mV ;       ; 01:19:17
   2:46'45"33 ; DC    ;  66,790 ;     mV ;       ; 01:19:18
   2:46'45"59 ; DC    ;  66,790 ;     mV ;       ; 01:19:18
   2:46'45"86 ; DC    ;  66,800 ;     mV ;       ; 01:19:18
   2:46'46"12 ; DC    ;  66,800 ;     mV ;       ; 01:19:18
   2:46'46"39 ; DC    ;  66,800 ;     mV ;       ; 01:19:19
   2:46'46"65 ; DC    ;  66,810 ;     mV ;       ; 01:19:19
   2:46'46"92 ; DC    ;  66,820 ;     mV ;       ; 01:19:19
   2:46'47"17 ; DC    ;  66,820 ;     mV ;       ; 01:19:19
   2:46'47"43 ; DC    ;  66,800 ;     mV ;       ; 01:19:20
   2:46'47"69 ; DC    ;  66,800 ;     mV ;       ; 01:19:20
   2:46'47"95 ; DC    ;  66,810 ;     mV ;       ; 01:19:20
   2:46'48"22 ; DC    ;  66,850 ;     mV ;       ; 01:19:20
   2:46'48"48 ; DC    ;  66,850 ;     mV ;       ; 01:19:21
   2:46'48"74 ; DC    ;  66,860 ;     mV ;       ; 01:19:21
   2:46'49"00 ; DC    ;  66,840 ;     mV ;       ; 01:19:21
   2:46'49"27 ; DC    ;  66,810 ;     mV ;       ; 01:19:21
   2:46'49"53 ; DC    ;  66,860 ;     mV ;       ; 01:19:22
   2:46'49"81 ; DC    ;  66,910 ;     mV ;       ; 01:19:22
   2:46'50"11 ; DC    ;  66,930 ;     mV ;       ; 01:19:22
   2:46'50"41 ; DC    ;  66,930 ;     mV ;       ; 01:19:23
   2:46'50"73 ; DC    ;  66,830 ;     mV ;       ; 01:19:23
   2:46'51"02 ; DC    ;  66,810 ;     mV ;       ; 01:19:23
   2:46'51"30 ; DC    ;  66,810 ;     mV ;       ; 01:19:23
   2:46'51"59 ; DC    ;  66,820 ;     mV ;       ; 01:19:24
   2:46'51"87 ; DC    ;  66,840 ;     mV ;       ; 01:19:24
   2:46'52"14 ; DC    ;  66,900 ;     mV ;       ; 01:19:24
   2:46'52"42 ; DC    ;  66,900 ;     mV ;       ; 01:19:25
   2:46'52"69 ; DC    ;  66,900 ;     mV ;       ; 01:19:25
   2:46'52"95 ; DC    ;  66,900 ;     mV ;       ; 01:19:25
   2:46'53"21 ; DC    ;  66,860 ;     mV ;       ; 01:19:25
   2:46'53"48 ; DC    ;  66,850 ;     mV ;       ; 01:19:26
   2:46'53"77 ; DC    ;  66,840 ;     mV ;       ; 01:19:26
   2:46'54"03 ; DC    ;  66,830 ;     mV ;       ; 01:19:26
   2:46'54"29 ; DC    ;  66,830 ;     mV ;       ; 01:19:26
   2:46'54"57 ; DC    ;  66,870 ;     mV ;       ; 01:19:27
   2:46'54"84 ; DC    ;  66,870 ;     mV ;       ; 01:19:27
   2:46'55"12 ; DC    ;  66,910 ;     mV ;       ; 01:19:27
   2:46'55"36 ; DC    ;  66,910 ;     mV ;       ; 01:19:28
   2:46'55"64 ; DC    ;  66,900 ;     mV ;       ; 01:19:28
   2:46'55"90 ; DC    ;  66,900 ;     mV ;       ; 01:19:28
   2:46'56"19 ; DC    ;  66,860 ;     mV ;       ; 01:19:28
   2:46'56"45 ; DC    ;  66,870 ;     mV ;       ; 01:19:29
   2:46'56"72 ; DC    ;  66,870 ;     mV ;       ; 01:19:29
   2:46'56"98 ; DC    ;  66,850 ;     mV ;       ; 01:19:29
   2:46'57"26 ; DC    ;  66,850 ;     mV ;       ; 01:19:29
   2:46'57"50 ; DC    ;  66,850 ;     mV ;       ; 01:19:30
   2:46'57"77 ; DC    ;  66,850 ;     mV ;       ; 01:19:30
   2:46'58"05 ; DC    ;  66,870 ;     mV ;       ; 01:19:30
   2:46'58"36 ; DC    ;  66,870 ;     mV ;       ; 01:19:31
   2:46'58"65 ; DC    ;  66,900 ;     mV ;       ; 01:19:31
   2:46'58"92 ; DC    ;  66,900 ;     mV ;       ; 01:19:31
   2:46'59"24 ; DC    ;  66,920 ;     mV ;       ; 01:19:31
   2:46'59"52 ; DC    ;  66,940 ;     mV ;       ; 01:19:32
   2:46'59"87 ; DC    ;  66,880 ;     mV ;       ; 01:19:32
   2:47'00"18 ; DC    ;  66,880 ;     mV ;       ; 01:19:32
   2:47'00"47 ; DC    ;  66,880 ;     mV ;       ; 01:19:33
   2:47'00"76 ; DC    ;  66,880 ;     mV ;       ; 01:19:33
   2:47'01"03 ; DC    ;  66,910 ;     mV ;       ; 01:19:33
   2:47'01"32 ; DC    ;  66,900 ;     mV ;       ; 01:19:33
   2:47'01"58 ; DC    ;  66,920 ;     mV ;       ; 01:19:34
   2:47'01"85 ; DC    ;  66,900 ;     mV ;       ; 01:19:34
   2:47'02"14 ; DC    ;  66,870 ;     mV ;       ; 01:19:34
   2:47'02"42 ; DC    ;  66,870 ;     mV ;       ; 01:19:35
   2:47'02"72 ; DC    ;  66,900 ;     mV ;       ; 01:19:35
   2:47'03"01 ; DC    ;  66,900 ;     mV ;       ; 01:19:35
   2:47'03"29 ; DC    ;  66,900 ;     mV ;       ; 01:19:35
   2:47'03"57 ; DC    ;  66,880 ;     mV ;       ; 01:19:36
   2:47'03"88 ; DC    ;  66,880 ;     mV ;       ; 01:19:36
   2:47'04"14 ; DC    ;  66,860 ;     mV ;       ; 01:19:36
   2:47'04"44 ; DC    ;  66,860 ;     mV ;       ; 01:19:37
   2:47'04"72 ; DC    ;  66,880 ;     mV ;       ; 01:19:37
   2:47'05"02 ; DC    ;  66,870 ;     mV ;       ; 01:19:37
   2:47'05"33 ; DC    ;  66,860 ;     mV ;       ; 01:19:38
   2:47'05"58 ; DC    ;  66,860 ;     mV ;       ; 01:19:38
   2:47'05"86 ; DC    ;  66,850 ;     mV ;       ; 01:19:38
   2:47'06"12 ; DC    ;  66,850 ;     mV ;       ; 01:19:38
   2:47'06"41 ; DC    ;  66,850 ;     mV ;       ; 01:19:39
   2:47'06"66 ; DC    ;  66,860 ;     mV ;       ; 01:19:39
   2:47'06"94 ; DC    ;  66,830 ;     mV ;       ; 01:19:39
   2:47'07"21 ; DC    ;  66,840 ;     mV ;       ; 01:19:39
   2:47'07"49 ; DC    ;  66,840 ;     mV ;       ; 01:19:40
   2:47'07"78 ; DC    ;  66,840 ;     mV ;       ; 01:19:40
   2:47'08"05 ; DC    ;  66,840 ;     mV ;       ; 01:19:40
   2:47'08"32 ; DC    ;  66,840 ;     mV ;       ; 01:19:40
   2:47'08"61 ; DC    ;  66,840 ;     mV ;       ; 01:19:41
   2:47'08"86 ; DC    ;  66,820 ;     mV ;       ; 01:19:41
   2:47'09"12 ; DC    ;  66,840 ;     mV ;       ; 01:19:41
   2:47'09"38 ; DC    ;  66,820 ;     mV ;       ; 01:19:42
   2:47'09"65 ; DC    ;  66,810 ;     mV ;       ; 01:19:42
   2:47'09"92 ; DC    ;  66,820 ;     mV ;       ; 01:19:42
   2:47'10"20 ; DC    ;  66,820 ;     mV ;       ; 01:19:42
   2:47'10"49 ; DC    ;  66,830 ;     mV ;       ; 01:19:43
   2:47'10"76 ; DC    ;  66,830 ;     mV ;       ; 01:19:43
   2:47'11"04 ; DC    ;  66,840 ;     mV ;       ; 01:19:43
   2:47'11"30 ; DC    ;  66,840 ;     mV ;       ; 01:19:43
   2:47'11"58 ; DC    ;  66,810 ;     mV ;       ; 01:19:44
   2:47'11"83 ; DC    ;  66,800 ;     mV ;       ; 01:19:44
   2:47'12"12 ; DC    ;  66,810 ;     mV ;       ; 01:19:44
   2:47'12"39 ; DC    ;  66,810 ;     mV ;       ; 01:19:45
   2:47'12"67 ; DC    ;  66,810 ;     mV ;       ; 01:19:45
   2:47'12"95 ; DC    ;  66,820 ;     mV ;       ; 01:19:45
   2:47'13"25 ; DC    ;  66,830 ;     mV ;       ; 01:19:45
   2:47'13"53 ; DC    ;  66,830 ;     mV ;       ; 01:19:46
   2:47'13"80 ; DC    ;  66,820 ;     mV ;       ; 01:19:46
   2:47'14"07 ; DC    ;  66,830 ;     mV ;       ; 01:19:46
   2:47'14"32 ; DC    ;  66,810 ;     mV ;       ; 01:19:46
   2:47'14"58 ; DC    ;  66,810 ;     mV ;       ; 01:19:47
   2:47'14"87 ; DC    ;  66,810 ;     mV ;       ; 01:19:47
   2:47'15"17 ; DC    ;  66,820 ;     mV ;       ; 01:19:47
   2:47'15"44 ; DC    ;  66,810 ;     mV ;       ; 01:19:48
   2:47'15"71 ; DC    ;  66,810 ;     mV ;       ; 01:19:48
   2:47'15"96 ; DC    ;  66,800 ;     mV ;       ; 01:19:48
   2:47'16"26 ; DC    ;  66,820 ;     mV ;       ; 01:19:48
   2:47'16"54 ; DC    ;  66,790 ;     mV ;       ; 01:19:49
   2:47'16"80 ; DC    ;  66,790 ;     mV ;       ; 01:19:49
   2:47'17"07 ; DC    ;  66,810 ;     mV ;       ; 01:19:49
   2:47'17"33 ; DC    ;  66,830 ;     mV ;       ; 01:19:50
   2:47'17"60 ; DC    ;  66,830 ;     mV ;       ; 01:19:50
   2:47'17"87 ; DC    ;  66,810 ;     mV ;       ; 01:19:50
   2:47'18"13 ; DC    ;  66,810 ;     mV ;       ; 01:19:50
   2:47'18"38 ; DC    ;  66,810 ;     mV ;       ; 01:19:51
   2:47'18"65 ; DC    ;  66,780 ;     mV ;       ; 01:19:51
   2:47'18"92 ; DC    ;  66,780 ;     mV ;       ; 01:19:51
   2:47'19"18 ; DC    ;  66,760 ;     mV ;       ; 01:19:51
   2:47'19"45 ; DC    ;  66,760 ;     mV ;       ; 01:19:52
   2:47'19"72 ; DC    ;  66,760 ;     mV ;       ; 01:19:52
   2:47'19"99 ; DC    ;  66,760 ;     mV ;       ; 01:19:52
   2:47'20"26 ; DC    ;  66,760 ;     mV ;       ; 01:19:52
   2:47'20"53 ; DC    ;  66,760 ;     mV ;       ; 01:19:53
   2:47'20"80 ; DC    ;  66,760 ;     mV ;       ; 01:19:53
   2:47'21"07 ; DC    ;  66,760 ;     mV ;       ; 01:19:53
   2:47'21"33 ; DC    ;  66,750 ;     mV ;       ; 01:19:54
   2:47'21"59 ; DC    ;  66,740 ;     mV ;       ; 01:19:54
   2:47'21"85 ; DC    ;  66,740 ;     mV ;       ; 01:19:54
   2:47'22"13 ; DC    ;  66,730 ;     mV ;       ; 01:19:54
   2:47'22"42 ; DC    ;  66,730 ;     mV ;       ; 01:19:55
   2:47'22"70 ; DC    ;  66,750 ;     mV ;       ; 01:19:55
   2:47'23"02 ; DC    ;  66,720 ;     mV ;       ; 01:19:55
   2:47'23"30 ; DC    ;  66,750 ;     mV ;       ; 01:19:55
   2:47'23"57 ; DC    ;  66,740 ;     mV ;       ; 01:19:56
   2:47'23"83 ; DC    ;  66,720 ;     mV ;       ; 01:19:56
   2:47'24"10 ; DC    ;  66,710 ;     mV ;       ; 01:19:56
   2:47'24"39 ; DC    ;  66,720 ;     mV ;       ; 01:19:57
   2:47'24"66 ; DC    ;  66,760 ;     mV ;       ; 01:19:57
   2:47'24"93 ; DC    ;  66,750 ;     mV ;       ; 01:19:57
   2:47'25"20 ; DC    ;  66,750 ;     mV ;       ; 01:19:57
   2:47'25"46 ; DC    ;  66,760 ;     mV ;       ; 01:19:58
   2:47'25"75 ; DC    ;  66,730 ;     mV ;       ; 01:19:58
   2:47'26"01 ; DC    ;  66,730 ;     mV ;       ; 01:19:58
   2:47'26"28 ; DC    ;  66,770 ;     mV ;       ; 01:19:58
   2:47'26"56 ; DC    ;  66,900 ;     mV ;       ; 01:19:59
   2:47'26"82 ; DC    ;  66,910 ;     mV ;       ; 01:19:59
   2:47'27"11 ; DC    ;  66,900 ;     mV ;       ; 01:19:59
   2:47'27"39 ; DC    ;  66,930 ;     mV ;       ; 01:20:00
   2:47'27"67 ; DC    ;  66,910 ;     mV ;       ; 01:20:00
   2:47'27"93 ; DC    ;  66,920 ;     mV ;       ; 01:20:00
   2:47'28"22 ; DC    ;  66,940 ;     mV ;       ; 01:20:00
   2:47'28"49 ; DC    ;  66,830 ;     mV ;       ; 01:20:01
   2:47'28"77 ; DC    ;  66,800 ;     mV ;       ; 01:20:01
   2:47'29"04 ; DC    ;  66,810 ;     mV ;       ; 01:20:01
   2:47'29"30 ; DC    ;  66,810 ;     mV ;       ; 01:20:01
   2:47'29"55 ; DC    ;  66,780 ;     mV ;       ; 01:20:02
   2:47'29"82 ; DC    ;  66,770 ;     mV ;       ; 01:20:02
   2:47'30"08 ; DC    ;  66,790 ;     mV ;       ; 01:20:02
   2:47'30"35 ; DC    ;  66,770 ;     mV ;       ; 01:20:03
   2:47'30"64 ; DC    ;  66,780 ;     mV ;       ; 01:20:03
   2:47'30"91 ; DC    ;  66,780 ;     mV ;       ; 01:20:03
   2:47'31"19 ; DC    ;  66,770 ;     mV ;       ; 01:20:03
   2:47'31"45 ; DC    ;  66,780 ;     mV ;       ; 01:20:04
   2:47'31"72 ; DC    ;  66,780 ;     mV ;       ; 01:20:04
   2:47'31"99 ; DC    ;  66,780 ;     mV ;       ; 01:20:04
   2:47'32"27 ; DC    ;  66,790 ;     mV ;       ; 01:20:04
   2:47'32"52 ; DC    ;  66,780 ;     mV ;       ; 01:20:05
   2:47'32"81 ; DC    ;  66,790 ;     mV ;       ; 01:20:05
   2:47'33"10 ; DC    ;  66,880 ;     mV ;       ; 01:20:05
   2:47'33"40 ; DC    ;  66,870 ;     mV ;       ; 01:20:06
   2:47'33"66 ; DC    ;  66,810 ;     mV ;       ; 01:20:06
   2:47'33"93 ; DC    ;  66,820 ;     mV ;       ; 01:20:06
   2:47'34"20 ; DC    ;  66,850 ;     mV ;       ; 01:20:06
   2:47'34"48 ; DC    ;  66,810 ;     mV ;       ; 01:20:07
   2:47'34"76 ; DC    ;  66,820 ;     mV ;       ; 01:20:07
   2:47'35"03 ; DC    ;  66,800 ;     mV ;       ; 01:20:07
   2:47'35"31 ; DC    ;  66,800 ;     mV ;       ; 01:20:07
   2:47'35"58 ; DC    ;  66,810 ;     mV ;       ; 01:20:08
   2:47'35"88 ; DC    ;  66,810 ;     mV ;       ; 01:20:08
   2:47'36"15 ; DC    ;  66,860 ;     mV ;       ; 01:20:08
   2:47'36"43 ; DC    ;  66,870 ;     mV ;       ; 01:20:09
   2:47'36"72 ; DC    ;  66,870 ;     mV ;       ; 01:20:09
   2:47'36"99 ; DC    ;  66,870 ;     mV ;       ; 01:20:09
   2:47'37"25 ; DC    ;  66,860 ;     mV ;       ; 01:20:09
   2:47'37"52 ; DC    ;  66,840 ;     mV ;       ; 01:20:10
   2:47'37"79 ; DC    ;  66,850 ;     mV ;       ; 01:20:10
   2:47'38"05 ; DC    ;  66,840 ;     mV ;       ; 01:20:10
   2:47'38"33 ; DC    ;  66,840 ;     mV ;       ; 01:20:11
   2:47'38"60 ; DC    ;  66,820 ;     mV ;       ; 01:20:11
   2:47'38"88 ; DC    ;  66,750 ;     mV ;       ; 01:20:11
   2:47'39"17 ; DC    ;  66,770 ;     mV ;       ; 01:20:11
   2:47'39"47 ; DC    ;  66,700 ;     mV ;       ; 01:20:12
   2:47'39"75 ; DC    ;  66,710 ;     mV ;       ; 01:20:12
   2:47'40"05 ; DC    ;  66,710 ;     mV ;       ; 01:20:12
   2:47'40"32 ; DC    ;  66,690 ;     mV ;       ; 01:20:12
   2:47'40"61 ; DC    ;  66,680 ;     mV ;       ; 01:20:13
   2:47'40"90 ; DC    ;  66,660 ;     mV ;       ; 01:20:13
   2:47'41"17 ; DC    ;  66,680 ;     mV ;       ; 01:20:13
   2:47'41"45 ; DC    ;  66,700 ;     mV ;       ; 01:20:14
   2:47'41"71 ; DC    ;  66,720 ;     mV ;       ; 01:20:14
   2:47'41"98 ; DC    ;  66,720 ;     mV ;       ; 01:20:14
   2:47'42"26 ; DC    ;  66,710 ;     mV ;       ; 01:20:14
   2:47'42"56 ; DC    ;  66,710 ;     mV ;       ; 01:20:15
   2:47'42"86 ; DC    ;  66,720 ;     mV ;       ; 01:20:15
   2:47'43"16 ; DC    ;  66,720 ;     mV ;       ; 01:20:15
   2:47'43"45 ; DC    ;  66,720 ;     mV ;       ; 01:20:16
   2:47'43"75 ; DC    ;  66,680 ;     mV ;       ; 01:20:16
   2:47'44"02 ; DC    ;  66,660 ;     mV ;       ; 01:20:16
   2:47'44"30 ; DC    ;  66,660 ;     mV ;       ; 01:20:16
   2:47'44"57 ; DC    ;  66,660 ;     mV ;       ; 01:20:17
   2:47'44"86 ; DC    ;  66,640 ;     mV ;       ; 01:20:17
   2:47'45"17 ; DC    ;  66,670 ;     mV ;       ; 01:20:17
   2:47'45"45 ; DC    ;  66,730 ;     mV ;       ; 01:20:18
   2:47'45"72 ; DC    ;  66,670 ;     mV ;       ; 01:20:18
   2:47'46"02 ; DC    ;  66,670 ;     mV ;       ; 01:20:18
   2:47'46"33 ; DC    ;  66,660 ;     mV ;       ; 01:20:18
   2:47'46"60 ; DC    ;  66,650 ;     mV ;       ; 01:20:19
   2:47'46"86 ; DC    ;  66,640 ;     mV ;       ; 01:20:19
   2:47'47"17 ; DC    ;  66,640 ;     mV ;       ; 01:20:19
   2:47'47"45 ; DC    ;  66,620 ;     mV ;       ; 01:20:20
   2:47'47"75 ; DC    ;  66,640 ;     mV ;       ; 01:20:20
   2:47'48"02 ; DC    ;  66,650 ;     mV ;       ; 01:20:20
   2:47'48"30 ; DC    ;  66,650 ;     mV ;       ; 01:20:20
   2:47'48"58 ; DC    ;  66,670 ;     mV ;       ; 01:20:21
   2:47'48"87 ; DC    ;  66,670 ;     mV ;       ; 01:20:21
   2:47'49"15 ; DC    ;  66,670 ;     mV ;       ; 01:20:21
   2:47'49"43 ; DC    ;  66,670 ;     mV ;       ; 01:20:22
   2:47'49"72 ; DC    ;  66,670 ;     mV ;       ; 01:20:22
   2:47'50"00 ; DC    ;  66,690 ;     mV ;       ; 01:20:22
   2:47'50"30 ; DC    ;  66,680 ;     mV ;       ; 01:20:22
   2:47'50"59 ; DC    ;  66,680 ;     mV ;       ; 01:20:23
   2:47'50"86 ; DC    ;  66,690 ;     mV ;       ; 01:20:23
   2:47'51"13 ; DC    ;  66,680 ;     mV ;       ; 01:20:23
   2:47'51"40 ; DC    ;  66,690 ;     mV ;       ; 01:20:24
   2:47'51"71 ; DC    ;  66,690 ;     mV ;       ; 01:20:24
   2:47'52"06 ; DC    ;  66,690 ;     mV ;       ; 01:20:24
   2:47'52"33 ; DC    ;  66,690 ;     mV ;       ; 01:20:25
   2:47'52"60 ; DC    ;  66,670 ;     mV ;       ; 01:20:25
   2:47'52"89 ; DC    ;  66,680 ;     mV ;       ; 01:20:25
   2:47'53"16 ; DC    ;  66,710 ;     mV ;       ; 01:20:25
   2:47'53"42 ; DC    ;  66,710 ;     mV ;       ; 01:20:26
   2:47'53"68 ; DC    ;  66,700 ;     mV ;       ; 01:20:26
   2:47'53"93 ; DC    ;  66,690 ;     mV ;       ; 01:20:26
   2:47'54"18 ; DC    ;  66,690 ;     mV ;       ; 01:20:26
   2:47'54"43 ; DC    ;  66,680 ;     mV ;       ; 01:20:27
   2:47'54"69 ; DC    ;  66,670 ;     mV ;       ; 01:20:27
   2:47'54"96 ; DC    ;  66,680 ;     mV ;       ; 01:20:27
   2:47'55"21 ; DC    ;  66,690 ;     mV ;       ; 01:20:27
   2:47'55"48 ; DC    ;  66,690 ;     mV ;       ; 01:20:28
   2:47'55"76 ; DC    ;  66,740 ;     mV ;       ; 01:20:28
   2:47'56"03 ; DC    ;  66,730 ;     mV ;       ; 01:20:28
   2:47'56"30 ; DC    ;  66,730 ;     mV ;       ; 01:20:28
   2:47'56"56 ; DC    ;  66,710 ;     mV ;       ; 01:20:29
   2:47'56"83 ; DC    ;  66,710 ;     mV ;       ; 01:20:29
   2:47'57"10 ; DC    ;  66,700 ;     mV ;       ; 01:20:29
   2:47'57"38 ; DC    ;  66,700 ;     mV ;       ; 01:20:30
   2:47'57"63 ; DC    ;  66,700 ;     mV ;       ; 01:20:30
   2:47'57"88 ; DC    ;  66,730 ;     mV ;       ; 01:20:30
   2:47'58"13 ; DC    ;  66,710 ;     mV ;       ; 01:20:30
   2:47'58"38 ; DC    ;  66,710 ;     mV ;       ; 01:20:31
   2:47'58"63 ; DC    ;  66,710 ;     mV ;       ; 01:20:31
   2:47'58"95 ; DC    ;  66,710 ;     mV ;       ; 01:20:31
   2:47'59"21 ; DC    ;  66,710 ;     mV ;       ; 01:20:31
   2:47'59"49 ; DC    ;  66,710 ;     mV ;       ; 01:20:32
   2:47'59"77 ; DC    ;  66,720 ;     mV ;       ; 01:20:32
   2:48'00"06 ; DC    ;  66,710 ;     mV ;       ; 01:20:32
   2:48'00"32 ; DC    ;  66,730 ;     mV ;       ; 01:20:32
   2:48'00"58 ; DC    ;  66,740 ;     mV ;       ; 01:20:33
   2:48'00"83 ; DC    ;  66,750 ;     mV ;       ; 01:20:33
   2:48'01"11 ; DC    ;  66,750 ;     mV ;       ; 01:20:33
   2:48'01"39 ; DC    ;  66,750 ;     mV ;       ; 01:20:34
   2:48'01"69 ; DC    ;  66,750 ;     mV ;       ; 01:20:34
   2:48'01"97 ; DC    ;  66,730 ;     mV ;       ; 01:20:34
   2:48'02"25 ; DC    ;  66,710 ;     mV ;       ; 01:20:34
   2:48'03"08 ; DC    ;  66,700 ;     mV ;       ; 01:20:35
   2:48'03"44 ; DC    ;  66,700 ;     mV ;       ; 01:20:36
   2:48'03"69 ; DC    ;  66,700 ;     mV ;       ; 01:20:36
   2:48'03"96 ; DC    ;  66,690 ;     mV ;       ; 01:20:36
   2:48'04"25 ; DC    ;  66,690 ;     mV ;       ; 01:20:36
   2:48'04"51 ; DC    ;  66,700 ;     mV ;       ; 01:20:37
   2:48'04"76 ; DC    ;  66,670 ;     mV ;       ; 01:20:37
   2:48'05"06 ; DC    ;  66,670 ;     mV ;       ; 01:20:37
   2:48'05"34 ; DC    ;  66,700 ;     mV ;       ; 01:20:38
   2:48'05"60 ; DC    ;  66,700 ;     mV ;       ; 01:20:38
   2:48'05"86 ; DC    ;  66,680 ;     mV ;       ; 01:20:38
   2:48'06"11 ; DC    ;  66,670 ;     mV ;       ; 01:20:38
   2:48'06"38 ; DC    ;  66,700 ;     mV ;       ; 01:20:39
   2:48'06"63 ; DC    ;  66,680 ;     mV ;       ; 01:20:39
   2:48'06"90 ; DC    ;  66,680 ;     mV ;       ; 01:20:39
   2:48'07"18 ; DC    ;  66,670 ;     mV ;       ; 01:20:39
   2:48'07"47 ; DC    ;  66,660 ;     mV ;       ; 01:20:40
   2:48'07"77 ; DC    ;  66,660 ;     mV ;       ; 01:20:40
   2:48'08"04 ; DC    ;  66,680 ;     mV ;       ; 01:20:40
   2:48'08"31 ; DC    ;  66,680 ;     mV ;       ; 01:20:40
   2:48'08"57 ; DC    ;  66,680 ;     mV ;       ; 01:20:41
   2:48'08"84 ; DC    ;  66,660 ;     mV ;       ; 01:20:41
   2:48'09"11 ; DC    ;  66,660 ;     mV ;       ; 01:20:41
   2:48'09"38 ; DC    ;  66,670 ;     mV ;       ; 01:20:42
   2:48'09"64 ; DC    ;  66,640 ;     mV ;       ; 01:20:42
   2:48'09"90 ; DC    ;  66,650 ;     mV ;       ; 01:20:42
   2:48'10"15 ; DC    ;  66,640 ;     mV ;       ; 01:20:42
   2:48'10"40 ; DC    ;  66,610 ;     mV ;       ; 01:20:43
   2:48'10"67 ; DC    ;  66,610 ;     mV ;       ; 01:20:43
   2:48'10"95 ; DC    ;  66,620 ;     mV ;       ; 01:20:43
   2:48'11"20 ; DC    ;  66,620 ;     mV ;       ; 01:20:43
   2:48'11"47 ; DC    ;  66,760 ;     mV ;       ; 01:20:44
   2:48'11"72 ; DC    ;  66,770 ;     mV ;       ; 01:20:44
   2:48'12"01 ; DC    ;  66,760 ;     mV ;       ; 01:20:44
   2:48'12"30 ; DC    ;  66,750 ;     mV ;       ; 01:20:44
   2:48'12"57 ; DC    ;  66,770 ;     mV ;       ; 01:20:45
   2:48'12"84 ; DC    ;  66,770 ;     mV ;       ; 01:20:45
   2:48'13"10 ; DC    ;  66,770 ;     mV ;       ; 01:20:45
   2:48'13"36 ; DC    ;  66,790 ;     mV ;       ; 01:20:46
   2:48'13"62 ; DC    ;  66,790 ;     mV ;       ; 01:20:46
   2:48'13"88 ; DC    ;  66,770 ;     mV ;       ; 01:20:46
   2:48'14"13 ; DC    ;  66,760 ;     mV ;       ; 01:20:46
   2:48'14"42 ; DC    ;  66,750 ;     mV ;       ; 01:20:47
   2:48'14"69 ; DC    ;  66,760 ;     mV ;       ; 01:20:47
   2:48'14"99 ; DC    ;  66,750 ;     mV ;       ; 01:20:47
   2:48'15"25 ; DC    ;  66,750 ;     mV ;       ; 01:20:47
   2:48'15"53 ; DC    ;  66,780 ;     mV ;       ; 01:20:48
   2:48'15"81 ; DC    ;  66,780 ;     mV ;       ; 01:20:48
   2:48'16"09 ; DC    ;  66,790 ;     mV ;       ; 01:20:48
   2:48'16"36 ; DC    ;  66,780 ;     mV ;       ; 01:20:49
   2:48'16"62 ; DC    ;  66,780 ;     mV ;       ; 01:20:49
   2:48'16"87 ; DC    ;  66,770 ;     mV ;       ; 01:20:49
   2:48'17"14 ; DC    ;  66,770 ;     mV ;       ; 01:20:49
   2:48'17"42 ; DC    ;  66,790 ;     mV ;       ; 01:20:50
   2:48'17"71 ; DC    ;  66,790 ;     mV ;       ; 01:20:50
   2:48'17"97 ; DC    ;  66,800 ;     mV ;       ; 01:20:50
   2:48'18"24 ; DC    ;  66,810 ;     mV ;       ; 01:20:50
   2:48'18"51 ; DC    ;  66,810 ;     mV ;       ; 01:20:51
   2:48'18"78 ; DC    ;  66,820 ;     mV ;       ; 01:20:51
   2:48'19"06 ; DC    ;  66,820 ;     mV ;       ; 01:20:51
   2:48'19"34 ; DC    ;  66,820 ;     mV ;       ; 01:20:52
   2:48'19"63 ; DC    ;  66,830 ;     mV ;       ; 01:20:52
   2:48'19"94 ; DC    ;  66,810 ;     mV ;       ; 01:20:52
   2:48'20"23 ; DC    ;  66,820 ;     mV ;       ; 01:20:52
   2:48'20"49 ; DC    ;  66,810 ;     mV ;       ; 01:20:53
   2:48'20"76 ; DC    ;  66,810 ;     mV ;       ; 01:20:53
   2:48'21"01 ; DC    ;  66,810 ;     mV ;       ; 01:20:53
   2:48'21"28 ; DC    ;  66,810 ;     mV ;       ; 01:20:53
   2:48'21"55 ; DC    ;  66,810 ;     mV ;       ; 01:20:54
   2:48'21"83 ; DC    ;  66,810 ;     mV ;       ; 01:20:54
   2:48'22"11 ; DC    ;  66,810 ;     mV ;       ; 01:20:54
   2:48'22"39 ; DC    ;  66,810 ;     mV ;       ; 01:20:55
   2:48'22"68 ; DC    ;  66,800 ;     mV ;       ; 01:20:55
   2:48'22"95 ; DC    ;  66,800 ;     mV ;       ; 01:20:55
   2:48'23"24 ; DC    ;  66,800 ;     mV ;       ; 01:20:55
   2:48'23"52 ; DC    ;  66,780 ;     mV ;       ; 01:20:56
   2:48'23"81 ; DC    ;  66,760 ;     mV ;       ; 01:20:56
   2:48'24"07 ; DC    ;  66,760 ;     mV ;       ; 01:20:56
   2:48'24"44 ; DC    ;  66,780 ;     mV ;       ; 01:20:57
   2:48'24"73 ; DC    ;  66,780 ;     mV ;       ; 01:20:57
   2:48'24"99 ; DC    ;  66,790 ;     mV ;       ; 01:20:57
   2:48'25"30 ; DC    ;  66,790 ;     mV ;       ; 01:20:57
   2:48'25"55 ; DC    ;  66,770 ;     mV ;       ; 01:20:58
   2:48'25"84 ; DC    ;  66,780 ;     mV ;       ; 01:20:58
   2:48'26"12 ; DC    ;  66,780 ;     mV ;       ; 01:20:58
   2:48'26"40 ; DC    ;  66,760 ;     mV ;       ; 01:20:59
   2:48'26"68 ; DC    ;  66,770 ;     mV ;       ; 01:20:59
   2:48'26"95 ; DC    ;  66,770 ;     mV ;       ; 01:20:59
   2:48'27"22 ; DC    ;  66,770 ;     mV ;       ; 01:20:59
   2:48'27"51 ; DC    ;  66,800 ;     mV ;       ; 01:21:00
   2:48'27"79 ; DC    ;  66,800 ;     mV ;       ; 01:21:00
   2:48'28"06 ; DC    ;  66,800 ;     mV ;       ; 01:21:00
   2:48'28"34 ; DC    ;  66,800 ;     mV ;       ; 01:21:01
   2:48'28"60 ; DC    ;  66,800 ;     mV ;       ; 01:21:01
   2:48'28"88 ; DC    ;  66,800 ;     mV ;       ; 01:21:01
   2:48'29"13 ; DC    ;  66,790 ;     mV ;       ; 01:21:01
   2:48'29"41 ; DC    ;  66,800 ;     mV ;       ; 01:21:02
   2:48'29"67 ; DC    ;  66,800 ;     mV ;       ; 01:21:02
   2:48'29"93 ; DC    ;  66,800 ;     mV ;       ; 01:21:02
   2:48'30"21 ; DC    ;  66,790 ;     mV ;       ; 01:21:02
   2:48'30"50 ; DC    ;  66,790 ;     mV ;       ; 01:21:03
   2:48'30"77 ; DC    ;  66,790 ;     mV ;       ; 01:21:03
   2:48'31"04 ; DC    ;  66,800 ;     mV ;       ; 01:21:03
   2:48'31"32 ; DC    ;  66,780 ;     mV ;       ; 01:21:03
   2:48'31"58 ; DC    ;  66,770 ;     mV ;       ; 01:21:04
   2:48'31"87 ; DC    ;  66,780 ;     mV ;       ; 01:21:04
   2:48'32"17 ; DC    ;  66,770 ;     mV ;       ; 01:21:04
   2:48'32"47 ; DC    ;  66,770 ;     mV ;       ; 01:21:05
   2:48'32"74 ; DC    ;  66,790 ;     mV ;       ; 01:21:05
   2:48'33"01 ; DC    ;  66,790 ;     mV ;       ; 01:21:05
   2:48'33"28 ; DC    ;  66,780 ;     mV ;       ; 01:21:05
   2:48'33"56 ; DC    ;  66,770 ;     mV ;       ; 01:21:06
   2:48'33"84 ; DC    ;  66,770 ;     mV ;       ; 01:21:06
   2:48'34"12 ; DC    ;  66,770 ;     mV ;       ; 01:21:06
   2:48'34"42 ; DC    ;  66,790 ;     mV ;       ; 01:21:07
   2:48'34"69 ; DC    ;  66,790 ;     mV ;       ; 01:21:07
   2:48'34"97 ; DC    ;  66,770 ;     mV ;       ; 01:21:07
   2:48'35"25 ; DC    ;  66,790 ;     mV ;       ; 01:21:07
   2:48'35"52 ; DC    ;  66,790 ;     mV ;       ; 01:21:08
   2:48'35"80 ; DC    ;  66,790 ;     mV ;       ; 01:21:08
   2:48'36"07 ; DC    ;  66,770 ;     mV ;       ; 01:21:08
   2:48'36"35 ; DC    ;  66,770 ;     mV ;       ; 01:21:09
   2:48'36"63 ; DC    ;  66,790 ;     mV ;       ; 01:21:09
   2:48'36"90 ; DC    ;  66,780 ;     mV ;       ; 01:21:09
   2:48'37"18 ; DC    ;  66,770 ;     mV ;       ; 01:21:09
   2:48'37"47 ; DC    ;  66,780 ;     mV ;       ; 01:21:10
   2:48'37"75 ; DC    ;  66,780 ;     mV ;       ; 01:21:10
   2:48'38"03 ; DC    ;  66,760 ;     mV ;       ; 01:21:10
   2:48'38"30 ; DC    ;  66,760 ;     mV ;       ; 01:21:10
   2:48'38"59 ; DC    ;  66,760 ;     mV ;       ; 01:21:11
   2:48'38"86 ; DC    ;  66,770 ;     mV ;       ; 01:21:11
   2:48'39"16 ; DC    ;  66,770 ;     mV ;       ; 01:21:11
   2:48'39"43 ; DC    ;  66,760 ;     mV ;       ; 01:21:12
   2:48'39"71 ; DC    ;  66,760 ;     mV ;       ; 01:21:12
   2:48'39"98 ; DC    ;  66,760 ;     mV ;       ; 01:21:12
   2:48'40"27 ; DC    ;  66,750 ;     mV ;       ; 01:21:12
   2:48'40"52 ; DC    ;  66,760 ;     mV ;       ; 01:21:13
   2:48'40"79 ; DC    ;  66,750 ;     mV ;       ; 01:21:13
   2:48'41"04 ; DC    ;  66,760 ;     mV ;       ; 01:21:13
   2:48'41"32 ; DC    ;  66,760 ;     mV ;       ; 01:21:13
   2:48'41"61 ; DC    ;  66,760 ;     mV ;       ; 01:21:14
   2:48'41"95 ; DC    ;  66,750 ;     mV ;       ; 01:21:14
   2:48'42"23 ; DC    ;  66,750 ;     mV ;       ; 01:21:14
   2:48'42"50 ; DC    ;  66,760 ;     mV ;       ; 01:21:15
   2:48'42"79 ; DC    ;  66,760 ;     mV ;       ; 01:21:15
   2:48'43"07 ; DC    ;  66,760 ;     mV ;       ; 01:21:15
   2:48'43"37 ; DC    ;  66,760 ;     mV ;       ; 01:21:16
   2:48'43"63 ; DC    ;  66,760 ;     mV ;       ; 01:21:16
   2:48'43"90 ; DC    ;  66,750 ;     mV ;       ; 01:21:16
   2:48'44"15 ; DC    ;  66,750 ;     mV ;       ; 01:21:16
   2:48'44"41 ; DC    ;  66,760 ;     mV ;       ; 01:21:17
   2:48'44"66 ; DC    ;  66,760 ;     mV ;       ; 01:21:17
   2:48'44"94 ; DC    ;  66,770 ;     mV ;       ; 01:21:17
   2:48'45"20 ; DC    ;  66,770 ;     mV ;       ; 01:21:17
   2:48'45"45 ; DC    ;  66,770 ;     mV ;       ; 01:21:18
   2:48'45"72 ; DC    ;  66,770 ;     mV ;       ; 01:21:18
   2:48'45"98 ; DC    ;  66,760 ;     mV ;       ; 01:21:18
   2:48'46"24 ; DC    ;  66,780 ;     mV ;       ; 01:21:18
   2:48'46"50 ; DC    ;  66,760 ;     mV ;       ; 01:21:19
   2:48'46"76 ; DC    ;  66,770 ;     mV ;       ; 01:21:19
   2:48'47"03 ; DC    ;  66,780 ;     mV ;       ; 01:21:19
   2:48'47"29 ; DC    ;  66,800 ;     mV ;       ; 01:21:19
   2:48'47"54 ; DC    ;  66,800 ;     mV ;       ; 01:21:20
   2:48'47"79 ; DC    ;  66,780 ;     mV ;       ; 01:21:20
   2:48'48"05 ; DC    ;  66,780 ;     mV ;       ; 01:21:20
   2:48'48"32 ; DC    ;  66,780 ;     mV ;       ; 01:21:20
   2:48'48"61 ; DC    ;  66,780 ;     mV ;       ; 01:21:21
   2:48'48"89 ; DC    ;  66,800 ;     mV ;       ; 01:21:21
   2:48'49"15 ; DC    ;  66,770 ;     mV ;       ; 01:21:21
   2:48'49"42 ; DC    ;  66,780 ;     mV ;       ; 01:21:22
   2:48'49"70 ; DC    ;  66,780 ;     mV ;       ; 01:21:22
   2:48'49"99 ; DC    ;  66,790 ;     mV ;       ; 01:21:22
   2:48'50"25 ; DC    ;  66,770 ;     mV ;       ; 01:21:22
   2:48'50"54 ; DC    ;  66,760 ;     mV ;       ; 01:21:23
   2:48'50"82 ; DC    ;  66,740 ;     mV ;       ; 01:21:23
   2:48'51"11 ; DC    ;  66,740 ;     mV ;       ; 01:21:23
   2:48'51"38 ; DC    ;  66,750 ;     mV ;       ; 01:21:24
   2:48'51"64 ; DC    ;  66,740 ;     mV ;       ; 01:21:24
   2:48'51"94 ; DC    ;  66,750 ;     mV ;       ; 01:21:24
   2:48'52"33 ; DC    ;  66,740 ;     mV ;       ; 01:21:24
   2:48'52"63 ; DC    ;  66,730 ;     mV ;       ; 01:21:25
   2:48'52"91 ; DC    ;  66,730 ;     mV ;       ; 01:21:25
   2:48'53"18 ; DC    ;  66,740 ;     mV ;       ; 01:21:25
   2:48'53"45 ; DC    ;  66,740 ;     mV ;       ; 01:21:26
   2:48'53"71 ; DC    ;  66,730 ;     mV ;       ; 01:21:26
   2:48'53"99 ; DC    ;  66,750 ;     mV ;       ; 01:21:26
   2:48'54"29 ; DC    ;  66,730 ;     mV ;       ; 01:21:26
   2:48'54"55 ; DC    ;  66,740 ;     mV ;       ; 01:21:27
   2:48'54"80 ; DC    ;  66,730 ;     mV ;       ; 01:21:27
   2:48'55"05 ; DC    ;  66,730 ;     mV ;       ; 01:21:27
   2:48'55"32 ; DC    ;  66,720 ;     mV ;       ; 01:21:27
   2:48'55"58 ; DC    ;  66,730 ;     mV ;       ; 01:21:28
   2:48'55"84 ; DC    ;  66,730 ;     mV ;       ; 01:21:28
   2:48'56"11 ; DC    ;  66,720 ;     mV ;       ; 01:21:28
   2:48'56"37 ; DC    ;  66,720 ;     mV ;       ; 01:21:29
   2:48'56"64 ; DC    ;  66,740 ;     mV ;       ; 01:21:29
   2:48'56"90 ; DC    ;  66,740 ;     mV ;       ; 01:21:29
   2:48'57"17 ; DC    ;  66,740 ;     mV ;       ; 01:21:29
   2:48'57"43 ; DC    ;  66,740 ;     mV ;       ; 01:21:30
   2:48'57"70 ; DC    ;  66,750 ;     mV ;       ; 01:21:30
   2:48'57"97 ; DC    ;  66,730 ;     mV ;       ; 01:21:30
   2:48'58"25 ; DC    ;  66,730 ;     mV ;       ; 01:21:30
   2:48'58"51 ; DC    ;  66,720 ;     mV ;       ; 01:21:31
   2:48'58"78 ; DC    ;  66,730 ;     mV ;       ; 01:21:31
   2:48'59"04 ; DC    ;  66,710 ;     mV ;       ; 01:21:31
   2:48'59"31 ; DC    ;  66,720 ;     mV ;       ; 01:21:31
   2:48'59"57 ; DC    ;  66,720 ;     mV ;       ; 01:21:32
   2:48'59"85 ; DC    ;  66,720 ;     mV ;       ; 01:21:32
   2:49'00"17 ; DC    ;  66,710 ;     mV ;       ; 01:21:32
   2:49'00"43 ; DC    ;  66,710 ;     mV ;       ; 01:21:33
   2:49'00"69 ; DC    ;  66,720 ;     mV ;       ; 01:21:33
   2:49'00"94 ; DC    ;  66,730 ;     mV ;       ; 01:21:33
   2:49'01"20 ; DC    ;  66,740 ;     mV ;       ; 01:21:33
   2:49'01"47 ; DC    ;  66,740 ;     mV ;       ; 01:21:34
   2:49'01"73 ; DC    ;  66,740 ;     mV ;       ; 01:21:34
   2:49'01"99 ; DC    ;  66,720 ;     mV ;       ; 01:21:34
   2:49'02"29 ; DC    ;  66,720 ;     mV ;       ; 01:21:34
   2:49'02"55 ; DC    ;  66,720 ;     mV ;       ; 01:21:35
   2:49'02"83 ; DC    ;  66,710 ;     mV ;       ; 01:21:35
   2:49'03"13 ; DC    ;  66,720 ;     mV ;       ; 01:21:35
   2:49'03"45 ; DC    ;  66,710 ;     mV ;       ; 01:21:36
   2:49'03"73 ; DC    ;  66,740 ;     mV ;       ; 01:21:36
   2:49'04"01 ; DC    ;  66,730 ;     mV ;       ; 01:21:36
   2:49'04"29 ; DC    ;  66,730 ;     mV ;       ; 01:21:36
   2:49'04"57 ; DC    ;  66,740 ;     mV ;       ; 01:21:37
   2:49'04"86 ; DC    ;  66,730 ;     mV ;       ; 01:21:37
   2:49'05"13 ; DC    ;  66,740 ;     mV ;       ; 01:21:37
   2:49'05"48 ; DC    ;  66,740 ;     mV ;       ; 01:21:38
   2:49'05"79 ; DC    ;  66,710 ;     mV ;       ; 01:21:38
   2:49'06"07 ; DC    ;  66,710 ;     mV ;       ; 01:21:38
   2:49'06"35 ; DC    ;  66,710 ;     mV ;       ; 01:21:39
   2:49'06"65 ; DC    ;  66,710 ;     mV ;       ; 01:21:39
   2:49'06"93 ; DC    ;  66,720 ;     mV ;       ; 01:21:39
   2:49'07"23 ; DC    ;  66,720 ;     mV ;       ; 01:21:39
   2:49'07"53 ; DC    ;  66,710 ;     mV ;       ; 01:21:40
   2:49'07"83 ; DC    ;  66,700 ;     mV ;       ; 01:21:40
   2:49'08"14 ; DC    ;  66,690 ;     mV ;       ; 01:21:40
   2:49'08"43 ; DC    ;  66,690 ;     mV ;       ; 01:21:41
   2:49'08"74 ; DC    ;  66,700 ;     mV ;       ; 01:21:41
   2:49'09"05 ; DC    ;  66,700 ;     mV ;       ; 01:21:41
   2:49'09"35 ; DC    ;  66,710 ;     mV ;       ; 01:21:42
   2:49'09"67 ; DC    ;  66,700 ;     mV ;       ; 01:21:42
   2:49'09"95 ; DC    ;  66,710 ;     mV ;       ; 01:21:42
   2:49'10"25 ; DC    ;  66,700 ;     mV ;       ; 01:21:42
   2:49'10"54 ; DC    ;  66,710 ;     mV ;       ; 01:21:43
   2:49'10"82 ; DC    ;  66,700 ;     mV ;       ; 01:21:43
   2:49'11"13 ; DC    ;  66,720 ;     mV ;       ; 01:21:43
   2:49'11"41 ; DC    ;  66,720 ;     mV ;       ; 01:21:44
   2:49'11"72 ; DC    ;  66,690 ;     mV ;       ; 01:21:44
   2:49'12"01 ; DC    ;  66,720 ;     mV ;       ; 01:21:44
   2:49'12"31 ; DC    ;  66,720 ;     mV ;       ; 01:21:44
   2:49'12"59 ; DC    ;  66,730 ;     mV ;       ; 01:21:45
   2:49'12"87 ; DC    ;  66,710 ;     mV ;       ; 01:21:45
   2:49'13"16 ; DC    ;  66,700 ;     mV ;       ; 01:21:45
   2:49'13"44 ; DC    ;  66,700 ;     mV ;       ; 01:21:46
   2:49'13"74 ; DC    ;  66,700 ;     mV ;       ; 01:21:46
   2:49'14"02 ; DC    ;  66,700 ;     mV ;       ; 01:21:46
   2:49'14"35 ; DC    ;  66,700 ;     mV ;       ; 01:21:47
   2:49'14"63 ; DC    ;  66,720 ;     mV ;       ; 01:21:47
   2:49'14"93 ; DC    ;  66,720 ;     mV ;       ; 01:21:47
   2:49'15"21 ; DC    ;  66,700 ;     mV ;       ; 01:21:47
   2:49'15"51 ; DC    ;  66,720 ;     mV ;       ; 01:21:48
   2:49'15"81 ; DC    ;  66,720 ;     mV ;       ; 01:21:48
   2:49'16"15 ; DC    ;  66,710 ;     mV ;       ; 01:21:48
   2:49'16"45 ; DC    ;  66,720 ;     mV ;       ; 01:21:49
   2:49'16"71 ; DC    ;  66,720 ;     mV ;       ; 01:21:49
   2:49'16"98 ; DC    ;  66,720 ;     mV ;       ; 01:21:49
   2:49'17"26 ; DC    ;  66,710 ;     mV ;       ; 01:21:49
   2:49'17"53 ; DC    ;  66,740 ;     mV ;       ; 01:21:50
   2:49'17"83 ; DC    ;  66,740 ;     mV ;       ; 01:21:50
   2:49'18"10 ; DC    ;  66,730 ;     mV ;       ; 01:21:50
   2:49'18"65 ; DC    ;  66,730 ;     mV ;       ; 01:21:51
   2:49'18"92 ; DC    ;  66,730 ;     mV ;       ; 01:21:51
   2:49'19"19 ; DC    ;  66,730 ;     mV ;       ; 01:21:51
   2:49'19"49 ; DC    ;  66,730 ;     mV ;       ; 01:21:52
   2:49'19"78 ; DC    ;  66,720 ;     mV ;       ; 01:21:52
   2:49'20"05 ; DC    ;  66,720 ;     mV ;       ; 01:21:52
   2:49'20"32 ; DC    ;  66,710 ;     mV ;       ; 01:21:52
   2:49'20"63 ; DC    ;  66,710 ;     mV ;       ; 01:21:53
   2:49'20"93 ; DC    ;  66,720 ;     mV ;       ; 01:21:53
   2:49'21"22 ; DC    ;  66,740 ;     mV ;       ; 01:21:53
   2:49'21"52 ; DC    ;  66,740 ;     mV ;       ; 01:21:54
   2:49'21"80 ; DC    ;  66,720 ;     mV ;       ; 01:21:54
   2:49'22"09 ; DC    ;  66,700 ;     mV ;       ; 01:21:54
   2:49'22"37 ; DC    ;  66,710 ;     mV ;       ; 01:21:55
   2:49'22"65 ; DC    ;  66,710 ;     mV ;       ; 01:21:55
   2:49'22"93 ; DC    ;  66,720 ;     mV ;       ; 01:21:55
   2:49'23"20 ; DC    ;  66,710 ;     mV ;       ; 01:21:55
   2:49'23"49 ; DC    ;  66,710 ;     mV ;       ; 01:21:56
   2:49'23"81 ; DC    ;  66,700 ;     mV ;       ; 01:21:56
   2:49'24"10 ; DC    ;  66,710 ;     mV ;       ; 01:21:56
   2:49'24"40 ; DC    ;  66,720 ;     mV ;       ; 01:21:57
   2:49'24"71 ; DC    ;  66,720 ;     mV ;       ; 01:21:57
   2:49'24"99 ; DC    ;  66,730 ;     mV ;       ; 01:21:57
   2:49'25"26 ; DC    ;  66,730 ;     mV ;       ; 01:21:57
   2:49'25"53 ; DC    ;  66,720 ;     mV ;       ; 01:21:58
   2:49'25"81 ; DC    ;  66,720 ;     mV ;       ; 01:21:58
   2:49'26"09 ; DC    ;  66,720 ;     mV ;       ; 01:21:58
   2:49'26"37 ; DC    ;  66,720 ;     mV ;       ; 01:21:59
   2:49'26"65 ; DC    ;  66,720 ;     mV ;       ; 01:21:59
   2:49'26"92 ; DC    ;  66,720 ;     mV ;       ; 01:21:59
   2:49'27"21 ; DC    ;  66,720 ;     mV ;       ; 01:21:59
   2:49'27"50 ; DC    ;  66,730 ;     mV ;       ; 01:22:00
   2:49'27"84 ; DC    ;  66,720 ;     mV ;       ; 01:22:00
   2:49'28"12 ; DC    ;  66,730 ;     mV ;       ; 01:22:00
   2:49'28"40 ; DC    ;  66,740 ;     mV ;       ; 01:22:01
   2:49'28"67 ; DC    ;  66,740 ;     mV ;       ; 01:22:01
   2:49'28"93 ; DC    ;  66,720 ;     mV ;       ; 01:22:01
   2:49'29"21 ; DC    ;  66,720 ;     mV ;       ; 01:22:01
   2:49'29"48 ; DC    ;  66,740 ;     mV ;       ; 01:22:02
   2:49'29"77 ; DC    ;  66,740 ;     mV ;       ; 01:22:02
   2:49'30"07 ; DC    ;  66,710 ;     mV ;       ; 01:22:02
   2:49'30"36 ; DC    ;  66,730 ;     mV ;       ; 01:22:03
   2:49'30"66 ; DC    ;  66,730 ;     mV ;       ; 01:22:03
   2:49'30"93 ; DC    ;  66,730 ;     mV ;       ; 01:22:03
   2:49'31"21 ; DC    ;  66,710 ;     mV ;       ; 01:22:03
   2:49'31"51 ; DC    ;  66,720 ;     mV ;       ; 01:22:04
   2:49'31"82 ; DC    ;  66,720 ;     mV ;       ; 01:22:04
   2:49'32"10 ; DC    ;  66,700 ;     mV ;       ; 01:22:04
   2:49'32"41 ; DC    ;  66,690 ;     mV ;       ; 01:22:05
   2:49'32"70 ; DC    ;  66,690 ;     mV ;       ; 01:22:05
   2:49'32"98 ; DC    ;  66,700 ;     mV ;       ; 01:22:05
   2:49'33"26 ; DC    ;  66,700 ;     mV ;       ; 01:22:05
   2:49'33"53 ; DC    ;  66,710 ;     mV ;       ; 01:22:06
   2:49'33"81 ; DC    ;  66,710 ;     mV ;       ; 01:22:06
   2:49'34"09 ; DC    ;  66,710 ;     mV ;       ; 01:22:06
   2:49'34"38 ; DC    ;  66,710 ;     mV ;       ; 01:22:07
   2:49'34"66 ; DC    ;  66,710 ;     mV ;       ; 01:22:07
   2:49'34"94 ; DC    ;  66,710 ;     mV ;       ; 01:22:07
   2:49'35"22 ; DC    ;  66,700 ;     mV ;       ; 01:22:07
   2:49'35"50 ; DC    ;  66,690 ;     mV ;       ; 01:22:08
   2:49'35"78 ; DC    ;  66,680 ;     mV ;       ; 01:22:08
   2:49'36"06 ; DC    ;  66,690 ;     mV ;       ; 01:22:08
   2:49'36"38 ; DC    ;  66,700 ;     mV ;       ; 01:22:09
   2:49'36"66 ; DC    ;  66,710 ;     mV ;       ; 01:22:09
   2:49'36"95 ; DC    ;  66,710 ;     mV ;       ; 01:22:09
   2:49'37"24 ; DC    ;  66,710 ;     mV ;       ; 01:22:09
   2:49'37"53 ; DC    ;  66,720 ;     mV ;       ; 01:22:10
   2:49'37"80 ; DC    ;  66,700 ;     mV ;       ; 01:22:10
   2:49'38"09 ; DC    ;  66,710 ;     mV ;       ; 01:22:10
   2:49'38"35 ; DC    ;  66,710 ;     mV ;       ; 01:22:11
   2:49'38"63 ; DC    ;  66,710 ;     mV ;       ; 01:22:11
   2:49'38"91 ; DC    ;  66,700 ;     mV ;       ; 01:22:11
   2:49'39"19 ; DC    ;  66,700 ;     mV ;       ; 01:22:11
   2:49'39"47 ; DC    ;  66,680 ;     mV ;       ; 01:22:12
   2:49'39"75 ; DC    ;  66,690 ;     mV ;       ; 01:22:12
   2:49'40"03 ; DC    ;  66,700 ;     mV ;       ; 01:22:12
   2:49'40"35 ; DC    ;  66,700 ;     mV ;       ; 01:22:13
   2:49'40"67 ; DC    ;  66,700 ;     mV ;       ; 01:22:13
   2:49'40"98 ; DC    ;  66,700 ;     mV ;       ; 01:22:13
   2:49'41"28 ; DC    ;  66,690 ;     mV ;       ; 01:22:13
   2:49'41"58 ; DC    ;  66,690 ;     mV ;       ; 01:22:14
   2:49'41"88 ; DC    ;  66,710 ;     mV ;       ; 01:22:14
   2:49'42"16 ; DC    ;  66,710 ;     mV ;       ; 01:22:14
   2:49'42"43 ; DC    ;  66,700 ;     mV ;       ; 01:22:15
   2:49'42"73 ; DC    ;  66,720 ;     mV ;       ; 01:22:15
   2:49'43"01 ; DC    ;  66,710 ;     mV ;       ; 01:22:15
   2:49'43"28 ; DC    ;  66,720 ;     mV ;       ; 01:22:15
   2:49'43"58 ; DC    ;  66,700 ;     mV ;       ; 01:22:16
   2:49'43"86 ; DC    ;  66,720 ;     mV ;       ; 01:22:16
   2:49'44"13 ; DC    ;  66,720 ;     mV ;       ; 01:22:16
   2:49'44"40 ; DC    ;  66,700 ;     mV ;       ; 01:22:17
   2:49'44"70 ; DC    ;  66,710 ;     mV ;       ; 01:22:17
   2:49'44"97 ; DC    ;  66,710 ;     mV ;       ; 01:22:17
   2:49'45"27 ; DC    ;  66,720 ;     mV ;       ; 01:22:17
   2:49'45"54 ; DC    ;  66,710 ;     mV ;       ; 01:22:18
   2:49'45"82 ; DC    ;  66,710 ;     mV ;       ; 01:22:18
   2:49'46"10 ; DC    ;  66,710 ;     mV ;       ; 01:22:18
   2:49'46"38 ; DC    ;  66,710 ;     mV ;       ; 01:22:19
   2:49'46"65 ; DC    ;  66,710 ;     mV ;       ; 01:22:19
   2:49'46"93 ; DC    ;  66,700 ;     mV ;       ; 01:22:19
   2:49'47"21 ; DC    ;  66,710 ;     mV ;       ; 01:22:19
   2:49'47"49 ; DC    ;  66,720 ;     mV ;       ; 01:22:20
   2:49'47"78 ; DC    ;  66,720 ;     mV ;       ; 01:22:20
   2:49'48"05 ; DC    ;  66,720 ;     mV ;       ; 01:22:20
   2:49'48"34 ; DC    ;  66,700 ;     mV ;       ; 01:22:21
   2:49'48"60 ; DC    ;  66,710 ;     mV ;       ; 01:22:21
   2:49'48"88 ; DC    ;  66,740 ;     mV ;       ; 01:22:21
   2:49'49"16 ; DC    ;  66,720 ;     mV ;       ; 01:22:21
   2:49'49"45 ; DC    ;  66,700 ;     mV ;       ; 01:22:22
   2:49'49"75 ; DC    ;  66,710 ;     mV ;       ; 01:22:22
   2:49'50"04 ; DC    ;  66,720 ;     mV ;       ; 01:22:22
   2:49'50"32 ; DC    ;  66,720 ;     mV ;       ; 01:22:22
   2:49'50"64 ; DC    ;  66,720 ;     mV ;       ; 01:22:23
   2:49'50"95 ; DC    ;  66,720 ;     mV ;       ; 01:22:23
   2:49'51"24 ; DC    ;  66,710 ;     mV ;       ; 01:22:23
   2:49'51"55 ; DC    ;  66,720 ;     mV ;       ; 01:22:24
   2:49'51"88 ; DC    ;  66,720 ;     mV ;       ; 01:22:24
   2:49'52"19 ; DC    ;  66,720 ;     mV ;       ; 01:22:24
   2:49'52"49 ; DC    ;  66,710 ;     mV ;       ; 01:22:25
   2:49'52"77 ; DC    ;  66,710 ;     mV ;       ; 01:22:25
   2:49'53"06 ; DC    ;  66,710 ;     mV ;       ; 01:22:25
   2:49'53"34 ; DC    ;  66,690 ;     mV ;       ; 01:22:26
   2:49'53"71 ; DC    ;  66,690 ;     mV ;       ; 01:22:26
   2:49'54"05 ; DC    ;  66,710 ;     mV ;       ; 01:22:26
   2:49'54"35 ; DC    ;  66,700 ;     mV ;       ; 01:22:27
   2:49'54"64 ; DC    ;  66,700 ;     mV ;       ; 01:22:27
   2:49'54"92 ; DC    ;  66,710 ;     mV ;       ; 01:22:27
   2:49'55"19 ; DC    ;  66,710 ;     mV ;       ; 01:22:27
   2:49'55"55 ; DC    ;  66,710 ;     mV ;       ; 01:22:28
   2:49'55"85 ; DC    ;  66,700 ;     mV ;       ; 01:22:28
   2:49'56"11 ; DC    ;  66,700 ;     mV ;       ; 01:22:28
   2:49'56"38 ; DC    ;  66,700 ;     mV ;       ; 01:22:29
   2:49'56"67 ; DC    ;  66,710 ;     mV ;       ; 01:22:29
   2:49'56"94 ; DC    ;  66,700 ;     mV ;       ; 01:22:29
   2:49'57"25 ; DC    ;  66,700 ;     mV ;       ; 01:22:29
   2:49'57"55 ; DC    ;  66,710 ;     mV ;       ; 01:22:30
   2:49'57"82 ; DC    ;  66,700 ;     mV ;       ; 01:22:30
   2:49'58"13 ; DC    ;  66,690 ;     mV ;       ; 01:22:30
   2:49'58"41 ; DC    ;  66,690 ;     mV ;       ; 01:22:31
   2:49'58"70 ; DC    ;  66,690 ;     mV ;       ; 01:22:31
   2:49'58"97 ; DC    ;  66,690 ;     mV ;       ; 01:22:31
   2:49'59"27 ; DC    ;  66,700 ;     mV ;       ; 01:22:31
   2:49'59"55 ; DC    ;  66,700 ;     mV ;       ; 01:22:32
   2:49'59"84 ; DC    ;  66,720 ;     mV ;       ; 01:22:32
   2:50'00"15 ; DC    ;  66,700 ;     mV ;       ; 01:22:32
   2:50'00"45 ; DC    ;  66,700 ;     mV ;       ; 01:22:33
   2:50'00"76 ; DC    ;  66,690 ;     mV ;       ; 01:22:33
   2:50'01"03 ; DC    ;  66,700 ;     mV ;       ; 01:22:33
   2:50'01"47 ; DC    ;  66,680 ;     mV ;       ; 01:22:34
   2:50'01"76 ; DC    ;  66,680 ;     mV ;       ; 01:22:34
   2:50'02"04 ; DC    ;  66,680 ;     mV ;       ; 01:22:34
   2:50'02"32 ; DC    ;  66,680 ;     mV ;       ; 01:22:34
   2:50'02"59 ; DC    ;  66,680 ;     mV ;       ; 01:22:35
   2:50'02"87 ; DC    ;  66,680 ;     mV ;       ; 01:22:35
   2:50'03"15 ; DC    ;  66,690 ;     mV ;       ; 01:22:35
   2:50'03"44 ; DC    ;  66,700 ;     mV ;       ; 01:22:36
   2:50'03"71 ; DC    ;  66,700 ;     mV ;       ; 01:22:36
   2:50'03"99 ; DC    ;  66,690 ;     mV ;       ; 01:22:36
   2:50'04"29 ; DC    ;  66,710 ;     mV ;       ; 01:22:36
   2:50'04"55 ; DC    ;  66,710 ;     mV ;       ; 01:22:37
   2:50'04"83 ; DC    ;  66,700 ;     mV ;       ; 01:22:37
   2:50'05"10 ; DC    ;  66,710 ;     mV ;       ; 01:22:37
   2:50'05"37 ; DC    ;  66,680 ;     mV ;       ; 01:22:38
   2:50'05"65 ; DC    ;  66,690 ;     mV ;       ; 01:22:38
   2:50'05"93 ; DC    ;  66,680 ;     mV ;       ; 01:22:38
   2:50'06"19 ; DC    ;  66,690 ;     mV ;       ; 01:22:38
   2:50'06"47 ; DC    ;  66,690 ;     mV ;       ; 01:22:39
   2:50'06"74 ; DC    ;  66,690 ;     mV ;       ; 01:22:39
   2:50'07"01 ; DC    ;  66,690 ;     mV ;       ; 01:22:39
   2:50'07"30 ; DC    ;  66,680 ;     mV ;       ; 01:22:39
   2:50'07"59 ; DC    ;  66,670 ;     mV ;       ; 01:22:40
   2:50'07"87 ; DC    ;  66,660 ;     mV ;       ; 01:22:40
   2:50'08"14 ; DC    ;  66,670 ;     mV ;       ; 01:22:40
   2:50'08"45 ; DC    ;  66,650 ;     mV ;       ; 01:22:41
   2:50'08"75 ; DC    ;  66,630 ;     mV ;       ; 01:22:41
   2:50'09"03 ; DC    ;  66,660 ;     mV ;       ; 01:22:41
   2:50'09"33 ; DC    ;  66,650 ;     mV ;       ; 01:22:41
   2:50'09"60 ; DC    ;  66,660 ;     mV ;       ; 01:22:42
   2:50'09"89 ; DC    ;  66,640 ;     mV ;       ; 01:22:42
   2:50'10"16 ; DC    ;  66,650 ;     mV ;       ; 01:22:42
   2:50'10"45 ; DC    ;  66,640 ;     mV ;       ; 01:22:43
   2:50'10"71 ; DC    ;  66,620 ;     mV ;       ; 01:22:43
   2:50'10"97 ; DC    ;  66,620 ;     mV ;       ; 01:22:43
   2:50'11"26 ; DC    ;  66,630 ;     mV ;       ; 01:22:43
   2:50'11"54 ; DC    ;  66,620 ;     mV ;       ; 01:22:44
   2:50'11"83 ; DC    ;  66,630 ;     mV ;       ; 01:22:44
   2:50'12"11 ; DC    ;  66,650 ;     mV ;       ; 01:22:44
   2:50'12"39 ; DC    ;  66,650 ;     mV ;       ; 01:22:45
   2:50'12"67 ; DC    ;  66,660 ;     mV ;       ; 01:22:45
   2:50'12"95 ; DC    ;  66,660 ;     mV ;       ; 01:22:45
   2:50'13"23 ; DC    ;  66,640 ;     mV ;       ; 01:22:45
   2:50'13"51 ; DC    ;  66,660 ;     mV ;       ; 01:22:46
   2:50'13"77 ; DC    ;  66,650 ;     mV ;       ; 01:22:46
   2:50'14"05 ; DC    ;  66,660 ;     mV ;       ; 01:22:46
   2:50'14"33 ; DC    ;  66,650 ;     mV ;       ; 01:22:46
   2:50'14"59 ; DC    ;  66,650 ;     mV ;       ; 01:22:47
   2:50'14"88 ; DC    ;  66,650 ;     mV ;       ; 01:22:47
   2:50'15"16 ; DC    ;  66,660 ;     mV ;       ; 01:22:47
   2:50'15"43 ; DC    ;  66,660 ;     mV ;       ; 01:22:48
   2:50'15"69 ; DC    ;  66,670 ;     mV ;       ; 01:22:48
   2:50'15"96 ; DC    ;  66,650 ;     mV ;       ; 01:22:48
   2:50'16"23 ; DC    ;  66,650 ;     mV ;       ; 01:22:48
   2:50'16"51 ; DC    ;  66,660 ;     mV ;       ; 01:22:49
   2:50'16"80 ; DC    ;  66,660 ;     mV ;       ; 01:22:49
   2:50'17"12 ; DC    ;  66,640 ;     mV ;       ; 01:22:49
   2:50'17"42 ; DC    ;  66,660 ;     mV ;       ; 01:22:50
   2:50'17"69 ; DC    ;  66,640 ;     mV ;       ; 01:22:50
   2:50'18"00 ; DC    ;  66,630 ;     mV ;       ; 01:22:50
   2:50'18"30 ; DC    ;  66,650 ;     mV ;       ; 01:22:50
   2:50'18"59 ; DC    ;  66,660 ;     mV ;       ; 01:22:51
   2:50'18"88 ; DC    ;  66,640 ;     mV ;       ; 01:22:51
   2:50'19"17 ; DC    ;  66,640 ;     mV ;       ; 01:22:51
   2:50'19"47 ; DC    ;  66,650 ;     mV ;       ; 01:22:52
   2:50'19"77 ; DC    ;  66,640 ;     mV ;       ; 01:22:52
   2:50'20"04 ; DC    ;  66,650 ;     mV ;       ; 01:22:52
   2:50'20"32 ; DC    ;  66,670 ;     mV ;       ; 01:22:52
   2:50'20"60 ; DC    ;  66,670 ;     mV ;       ; 01:22:53
   2:50'20"88 ; DC    ;  66,660 ;     mV ;       ; 01:22:53
   2:50'21"17 ; DC    ;  66,660 ;     mV ;       ; 01:22:53
   2:50'21"44 ; DC    ;  66,650 ;     mV ;       ; 01:22:54
   2:50'21"75 ; DC    ;  66,640 ;     mV ;       ; 01:22:54
   2:50'22"05 ; DC    ;  66,640 ;     mV ;       ; 01:22:54
   2:50'22"34 ; DC    ;  66,630 ;     mV ;       ; 01:22:55
   2:50'22"62 ; DC    ;  66,640 ;     mV ;       ; 01:22:55
   2:50'22"90 ; DC    ;  66,660 ;     mV ;       ; 01:22:55
   2:50'23"16 ; DC    ;  66,640 ;     mV ;       ; 01:22:55
   2:50'23"44 ; DC    ;  66,670 ;     mV ;       ; 01:22:56
   2:50'23"74 ; DC    ;  66,650 ;     mV ;       ; 01:22:56
   2:50'24"02 ; DC    ;  66,650 ;     mV ;       ; 01:22:56
   2:50'24"31 ; DC    ;  66,650 ;     mV ;       ; 01:22:56
   2:50'24"60 ; DC    ;  66,660 ;     mV ;       ; 01:22:57
   2:50'24"87 ; DC    ;  66,650 ;     mV ;       ; 01:22:57
   2:50'25"13 ; DC    ;  66,660 ;     mV ;       ; 01:22:57
   2:50'25"40 ; DC    ;  66,670 ;     mV ;       ; 01:22:58
   2:50'25"68 ; DC    ;  66,670 ;     mV ;       ; 01:22:58
   2:50'25"94 ; DC    ;  66,670 ;     mV ;       ; 01:22:58
   2:50'26"21 ; DC    ;  66,680 ;     mV ;       ; 01:22:58
   2:50'26"47 ; DC    ;  66,670 ;     mV ;       ; 01:22:59
   2:50'26"75 ; DC    ;  66,670 ;     mV ;       ; 01:22:59
   2:50'27"05 ; DC    ;  66,660 ;     mV ;       ; 01:22:59
   2:50'27"36 ; DC    ;  66,650 ;     mV ;       ; 01:23:00
   2:50'27"65 ; DC    ;  66,640 ;     mV ;       ; 01:23:00
   2:50'27"93 ; DC    ;  66,650 ;     mV ;       ; 01:23:00
   2:50'28"21 ; DC    ;  66,650 ;     mV ;       ; 01:23:00
   2:50'28"49 ; DC    ;  66,660 ;     mV ;       ; 01:23:01
   2:50'28"77 ; DC    ;  66,670 ;     mV ;       ; 01:23:01
   2:50'29"05 ; DC    ;  66,680 ;     mV ;       ; 01:23:01
   2:50'29"34 ; DC    ;  66,660 ;     mV ;       ; 01:23:02
   2:50'29"64 ; DC    ;  66,660 ;     mV ;       ; 01:23:02
   2:50'29"92 ; DC    ;  66,660 ;     mV ;       ; 01:23:02
   2:50'30"18 ; DC    ;  66,660 ;     mV ;       ; 01:23:02
   2:50'30"48 ; DC    ;  66,660 ;     mV ;       ; 01:23:03
   2:50'30"76 ; DC    ;  66,650 ;     mV ;       ; 01:23:03
   2:50'31"02 ; DC    ;  66,660 ;     mV ;       ; 01:23:03
   2:50'31"32 ; DC    ;  66,670 ;     mV ;       ; 01:23:03
   2:50'31"58 ; DC    ;  66,670 ;     mV ;       ; 01:23:04
   2:50'31"86 ; DC    ;  66,670 ;     mV ;       ; 01:23:04
   2:50'32"14 ; DC    ;  66,650 ;     mV ;       ; 01:23:04
   2:50'32"42 ; DC    ;  66,650 ;     mV ;       ; 01:23:05
   2:50'32"70 ; DC    ;  66,650 ;     mV ;       ; 01:23:05
   2:50'32"98 ; DC    ;  66,650 ;     mV ;       ; 01:23:05
   2:50'33"26 ; DC    ;  66,660 ;     mV ;       ; 01:23:05
   2:50'33"56 ; DC    ;  66,650 ;     mV ;       ; 01:23:06
   2:50'33"84 ; DC    ;  66,660 ;     mV ;       ; 01:23:06
   2:50'34"12 ; DC    ;  66,650 ;     mV ;       ; 01:23:06
   2:50'34"39 ; DC    ;  66,650 ;     mV ;       ; 01:23:07
   2:50'34"67 ; DC    ;  66,650 ;     mV ;       ; 01:23:07
   2:50'34"93 ; DC    ;  66,640 ;     mV ;       ; 01:23:07
   2:50'35"19 ; DC    ;  66,640 ;     mV ;       ; 01:23:07
   2:50'35"47 ; DC    ;  66,660 ;     mV ;       ; 01:23:08
   2:50'35"83 ; DC    ;  66,640 ;     mV ;       ; 01:23:08
   2:50'36"12 ; DC    ;  66,640 ;     mV ;       ; 01:23:08
   2:50'36"38 ; DC    ;  66,650 ;     mV ;       ; 01:23:09
   2:50'36"72 ; DC    ;  66,650 ;     mV ;       ; 01:23:09
   2:50'36"99 ; DC    ;  66,650 ;     mV ;       ; 01:23:09
   2:50'37"29 ; DC    ;  66,650 ;     mV ;       ; 01:23:09
   2:50'37"58 ; DC    ;  66,640 ;     mV ;       ; 01:23:10
   2:50'37"86 ; DC    ;  66,650 ;     mV ;       ; 01:23:10
   2:50'38"18 ; DC    ;  66,640 ;     mV ;       ; 01:23:10
   2:50'38"44 ; DC    ;  66,620 ;     mV ;       ; 01:23:11
   2:50'38"73 ; DC    ;  66,620 ;     mV ;       ; 01:23:11
   2:50'39"01 ; DC    ;  66,630 ;     mV ;       ; 01:23:11
   2:50'39"27 ; DC    ;  66,610 ;     mV ;       ; 01:23:11
   2:50'39"55 ; DC    ;  66,620 ;     mV ;       ; 01:23:12
   2:50'39"82 ; DC    ;  66,620 ;     mV ;       ; 01:23:12
   2:50'40"10 ; DC    ;  66,620 ;     mV ;       ; 01:23:12
   2:50'40"38 ; DC    ;  66,630 ;     mV ;       ; 01:23:13
   2:50'40"66 ; DC    ;  66,630 ;     mV ;       ; 01:23:13
   2:50'40"95 ; DC    ;  66,630 ;     mV ;       ; 01:23:13
   2:50'41"25 ; DC    ;  66,640 ;     mV ;       ; 01:23:13
   2:50'41"52 ; DC    ;  66,670 ;     mV ;       ; 01:23:14
   2:50'41"83 ; DC    ;  66,660 ;     mV ;       ; 01:23:14
   2:50'42"11 ; DC    ;  66,630 ;     mV ;       ; 01:23:14
   2:50'42"40 ; DC    ;  66,630 ;     mV ;       ; 01:23:15
   2:50'42"71 ; DC    ;  66,630 ;     mV ;       ; 01:23:15
   2:50'43"00 ; DC    ;  66,650 ;     mV ;       ; 01:23:15
   2:50'43"30 ; DC    ;  66,650 ;     mV ;       ; 01:23:15
   2:50'43"57 ; DC    ;  66,650 ;     mV ;       ; 01:23:16
   2:50'43"85 ; DC    ;  66,650 ;     mV ;       ; 01:23:16
   2:50'44"15 ; DC    ;  66,650 ;     mV ;       ; 01:23:16
   2:50'44"43 ; DC    ;  66,660 ;     mV ;       ; 01:23:17
   2:50'44"71 ; DC    ;  66,660 ;     mV ;       ; 01:23:17
   2:50'44"99 ; DC    ;  66,670 ;     mV ;       ; 01:23:17
   2:50'45"27 ; DC    ;  66,670 ;     mV ;       ; 01:23:17
   2:50'45"55 ; DC    ;  66,680 ;     mV ;       ; 01:23:18
   2:50'45"83 ; DC    ;  66,670 ;     mV ;       ; 01:23:18
   2:50'46"10 ; DC    ;  66,660 ;     mV ;       ; 01:23:18
   2:50'46"41 ; DC    ;  66,660 ;     mV ;       ; 01:23:19
   2:50'46"71 ; DC    ;  66,670 ;     mV ;       ; 01:23:19
   2:50'47"03 ; DC    ;  66,670 ;     mV ;       ; 01:23:19
   2:50'47"31 ; DC    ;  66,680 ;     mV ;       ; 01:23:19
   2:50'47"60 ; DC    ;  66,660 ;     mV ;       ; 01:23:20
   2:50'47"88 ; DC    ;  66,660 ;     mV ;       ; 01:23:20
   2:50'48"16 ; DC    ;  66,660 ;     mV ;       ; 01:23:20
   2:50'48"46 ; DC    ;  66,660 ;     mV ;       ; 01:23:21
   2:50'48"76 ; DC    ;  66,660 ;     mV ;       ; 01:23:21
   2:50'49"08 ; DC    ;  66,660 ;     mV ;       ; 01:23:21
   2:50'49"37 ; DC    ;  66,660 ;     mV ;       ; 01:23:22
   2:50'49"63 ; DC    ;  66,640 ;     mV ;       ; 01:23:22
   2:50'49"92 ; DC    ;  66,650 ;     mV ;       ; 01:23:22
   2:50'50"21 ; DC    ;  66,650 ;     mV ;       ; 01:23:22
   2:50'50"50 ; DC    ;  66,630 ;     mV ;       ; 01:23:23
   2:50'50"78 ; DC    ;  66,620 ;     mV ;       ; 01:23:23
   2:50'51"09 ; DC    ;  66,620 ;     mV ;       ; 01:23:23
   2:50'51"38 ; DC    ;  66,620 ;     mV ;       ; 01:23:24
   2:50'51"69 ; DC    ;  66,610 ;     mV ;       ; 01:23:24
   2:50'51"97 ; DC    ;  66,600 ;     mV ;       ; 01:23:24
   2:50'52"26 ; DC    ;  66,620 ;     mV ;       ; 01:23:24
   2:50'52"56 ; DC    ;  66,630 ;     mV ;       ; 01:23:25
   2:50'52"86 ; DC    ;  66,630 ;     mV ;       ; 01:23:25
   2:50'53"19 ; DC    ;  66,630 ;     mV ;       ; 01:23:25
   2:50'53"46 ; DC    ;  66,620 ;     mV ;       ; 01:23:26
   2:50'53"74 ; DC    ;  66,630 ;     mV ;       ; 01:23:26
   2:50'54"03 ; DC    ;  66,630 ;     mV ;       ; 01:23:26
   2:50'54"33 ; DC    ;  66,610 ;     mV ;       ; 01:23:27
   2:50'54"60 ; DC    ;  66,610 ;     mV ;       ; 01:23:27
   2:50'54"90 ; DC    ;  66,610 ;     mV ;       ; 01:23:27
   2:50'55"21 ; DC    ;  66,620 ;     mV ;       ; 01:23:27
   2:50'55"48 ; DC    ;  66,620 ;     mV ;       ; 01:23:28
   2:50'55"76 ; DC    ;  66,610 ;     mV ;       ; 01:23:28
   2:50'56"03 ; DC    ;  66,600 ;     mV ;       ; 01:23:28
   2:50'56"32 ; DC    ;  66,600 ;     mV ;       ; 01:23:28
   2:50'56"65 ; DC    ;  66,620 ;     mV ;       ; 01:23:29
   2:50'56"92 ; DC    ;  66,600 ;     mV ;       ; 01:23:29
   2:50'57"23 ; DC    ;  66,600 ;     mV ;       ; 01:23:29
   2:50'57"54 ; DC    ;  66,590 ;     mV ;       ; 01:23:30
   2:50'57"84 ; DC    ;  66,580 ;     mV ;       ; 01:23:30
   2:50'58"11 ; DC    ;  66,580 ;     mV ;       ; 01:23:30
   2:50'58"38 ; DC    ;  66,590 ;     mV ;       ; 01:23:31
   2:50'58"66 ; DC    ;  66,590 ;     mV ;       ; 01:23:31
   2:50'58"95 ; DC    ;  66,590 ;     mV ;       ; 01:23:31
   2:50'59"25 ; DC    ;  66,590 ;     mV ;       ; 01:23:31
   2:50'59"54 ; DC    ;  66,580 ;     mV ;       ; 01:23:32
   2:50'59"84 ; DC    ;  66,570 ;     mV ;       ; 01:23:32
   2:51'00"13 ; DC    ;  66,580 ;     mV ;       ; 01:23:32
   2:51'00"44 ; DC    ;  66,570 ;     mV ;       ; 01:23:33
   2:51'00"74 ; DC    ;  66,590 ;     mV ;       ; 01:23:33
   2:51'01"04 ; DC    ;  66,590 ;     mV ;       ; 01:23:33
   2:51'01"32 ; DC    ;  66,580 ;     mV ;       ; 01:23:33
   2:51'01"61 ; DC    ;  66,570 ;     mV ;       ; 01:23:34
   2:51'01"92 ; DC    ;  66,580 ;     mV ;       ; 01:23:34
   2:51'02"28 ; DC    ;  66,590 ;     mV ;       ; 01:23:34
   2:51'02"56 ; DC    ;  66,570 ;     mV ;       ; 01:23:35
   2:51'02"86 ; DC    ;  66,590 ;     mV ;       ; 01:23:35
   2:51'03"14 ; DC    ;  66,590 ;     mV ;       ; 01:23:35
   2:51'03"44 ; DC    ;  66,590 ;     mV ;       ; 01:23:36
   2:51'03"72 ; DC    ;  66,580 ;     mV ;       ; 01:23:36
   2:51'04"00 ; DC    ;  66,590 ;     mV ;       ; 01:23:36
   2:51'04"28 ; DC    ;  66,610 ;     mV ;       ; 01:23:36
   2:51'04"55 ; DC    ;  66,600 ;     mV ;       ; 01:23:37
   2:51'04"83 ; DC    ;  66,600 ;     mV ;       ; 01:23:37
   2:51'05"11 ; DC    ;  66,610 ;     mV ;       ; 01:23:37
   2:51'05"40 ; DC    ;  66,610 ;     mV ;       ; 01:23:38
   2:51'05"67 ; DC    ;  66,600 ;     mV ;       ; 01:23:38
   2:51'05"97 ; DC    ;  66,600 ;     mV ;       ; 01:23:38
   2:51'06"25 ; DC    ;  66,600 ;     mV ;       ; 01:23:38
   2:51'06"53 ; DC    ;  66,600 ;     mV ;       ; 01:23:39
   2:51'06"82 ; DC    ;  66,610 ;     mV ;       ; 01:23:39
   2:51'07"10 ; DC    ;  66,610 ;     mV ;       ; 01:23:39
   2:51'07"37 ; DC    ;  66,590 ;     mV ;       ; 01:23:40
   2:51'07"64 ; DC    ;  66,590 ;     mV ;       ; 01:23:40
   2:51'07"94 ; DC    ;  66,590 ;     mV ;       ; 01:23:40
   2:51'08"25 ; DC    ;  66,580 ;     mV ;       ; 01:23:40
   2:51'08"57 ; DC    ;  66,580 ;     mV ;       ; 01:23:41
   2:51'08"87 ; DC    ;  66,590 ;     mV ;       ; 01:23:41
   2:51'09"23 ; DC    ;  66,590 ;     mV ;       ; 01:23:41
   2:51'09"55 ; DC    ;  66,590 ;     mV ;       ; 01:23:42
   2:51'09"87 ; DC    ;  66,580 ;     mV ;       ; 01:23:42
   2:51'10"24 ; DC    ;  66,590 ;     mV ;       ; 01:23:42
   2:51'10"54 ; DC    ;  66,580 ;     mV ;       ; 01:23:43
   2:51'10"85 ; DC    ;  66,590 ;     mV ;       ; 01:23:43
   2:51'11"16 ; DC    ;  66,580 ;     mV ;       ; 01:23:43
   2:51'11"46 ; DC    ;  66,590 ;     mV ;       ; 01:23:44
   2:51'11"77 ; DC    ;  66,600 ;     mV ;       ; 01:23:44
   2:51'12"06 ; DC    ;  66,600 ;     mV ;       ; 01:23:44
   2:51'12"34 ; DC    ;  66,590 ;     mV ;       ; 01:23:45
   2:51'12"64 ; DC    ;  66,590 ;     mV ;       ; 01:23:45
   2:51'12"93 ; DC    ;  66,580 ;     mV ;       ; 01:23:45
   2:51'13"24 ; DC    ;  66,590 ;     mV ;       ; 01:23:45
   2:51'13"53 ; DC    ;  66,580 ;     mV ;       ; 01:23:46
   2:51'13"83 ; DC    ;  66,590 ;     mV ;       ; 01:23:46
   2:51'14"14 ; DC    ;  66,590 ;     mV ;       ; 01:23:46
   2:51'14"41 ; DC    ;  66,600 ;     mV ;       ; 01:23:47
   2:51'14"68 ; DC    ;  66,580 ;     mV ;       ; 01:23:47
   2:51'14"99 ; DC    ;  66,590 ;     mV ;       ; 01:23:47
   2:51'15"27 ; DC    ;  66,610 ;     mV ;       ; 01:23:47
   2:51'15"55 ; DC    ;  66,600 ;     mV ;       ; 01:23:48
   2:51'15"87 ; DC    ;  66,610 ;     mV ;       ; 01:23:48
   2:51'16"17 ; DC    ;  66,600 ;     mV ;       ; 01:23:48
   2:51'16"48 ; DC    ;  66,590 ;     mV ;       ; 01:23:49
   2:51'16"79 ; DC    ;  66,570 ;     mV ;       ; 01:23:49
   2:51'17"05 ; DC    ;  66,590 ;     mV ;       ; 01:23:49
   2:51'17"35 ; DC    ;  66,590 ;     mV ;       ; 01:23:50
   2:51'17"62 ; DC    ;  66,570 ;     mV ;       ; 01:23:50
   2:51'17"94 ; DC    ;  66,580 ;     mV ;       ; 01:23:50
   2:51'18"22 ; DC    ;  66,580 ;     mV ;       ; 01:23:50
   2:51'18"52 ; DC    ;  66,580 ;     mV ;       ; 01:23:51
   2:51'18"79 ; DC    ;  66,580 ;     mV ;       ; 01:23:51
   2:51'19"07 ; DC    ;  66,580 ;     mV ;       ; 01:23:51
   2:51'19"35 ; DC    ;  66,590 ;     mV ;       ; 01:23:52
   2:51'19"63 ; DC    ;  66,590 ;     mV ;       ; 01:23:52
   2:51'19"92 ; DC    ;  66,590 ;     mV ;       ; 01:23:52
   2:51'20"23 ; DC    ;  66,580 ;     mV ;       ; 01:23:52
   2:51'20"55 ; DC    ;  66,570 ;     mV ;       ; 01:23:53
   2:51'20"83 ; DC    ;  66,580 ;     mV ;       ; 01:23:53
   2:51'21"13 ; DC    ;  66,600 ;     mV ;       ; 01:23:53
   2:51'21"41 ; DC    ;  66,580 ;     mV ;       ; 01:23:54
   2:51'21"76 ; DC    ;  66,580 ;     mV ;       ; 01:23:54
   2:51'22"07 ; DC    ;  66,580 ;     mV ;       ; 01:23:54
   2:51'22"36 ; DC    ;  66,580 ;     mV ;       ; 01:23:55
   2:51'22"67 ; DC    ;  66,590 ;     mV ;       ; 01:23:55
   2:51'22"99 ; DC    ;  66,580 ;     mV ;       ; 01:23:55
   2:51'23"27 ; DC    ;  66,590 ;     mV ;       ; 01:23:55
   2:51'23"60 ; DC    ;  66,570 ;     mV ;       ; 01:23:56
   2:51'23"91 ; DC    ;  66,570 ;     mV ;       ; 01:23:56
   2:51'24"18 ; DC    ;  66,560 ;     mV ;       ; 01:23:56
   2:51'24"47 ; DC    ;  66,560 ;     mV ;       ; 01:23:57
   2:51'24"75 ; DC    ;  66,570 ;     mV ;       ; 01:23:57
   2:51'25"06 ; DC    ;  66,590 ;     mV ;       ; 01:23:57
   2:51'25"35 ; DC    ;  66,590 ;     mV ;       ; 01:23:58
   2:51'25"67 ; DC    ;  66,580 ;     mV ;       ; 01:23:58
   2:51'25"96 ; DC    ;  66,570 ;     mV ;       ; 01:23:58
   2:51'26"29 ; DC    ;  66,590 ;     mV ;       ; 01:23:58
   2:51'26"57 ; DC    ;  66,600 ;     mV ;       ; 01:23:59
   2:51'26"86 ; DC    ;  66,590 ;     mV ;       ; 01:23:59
   2:51'27"16 ; DC    ;  66,600 ;     mV ;       ; 01:23:59
   2:51'27"44 ; DC    ;  66,600 ;     mV ;       ; 01:24:00
   2:51'27"76 ; DC    ;  66,600 ;     mV ;       ; 01:24:00
   2:51'28"07 ; DC    ;  66,590 ;     mV ;       ; 01:24:00
   2:51'28"37 ; DC    ;  66,610 ;     mV ;       ; 01:24:01
   2:51'28"67 ; DC    ;  66,600 ;     mV ;       ; 01:24:01
   2:51'28"95 ; DC    ;  66,610 ;     mV ;       ; 01:24:01
   2:51'29"24 ; DC    ;  66,600 ;     mV ;       ; 01:24:01
   2:51'29"52 ; DC    ;  66,600 ;     mV ;       ; 01:24:02
   2:51'29"80 ; DC    ;  66,600 ;     mV ;       ; 01:24:02
   2:51'30"07 ; DC    ;  66,600 ;     mV ;       ; 01:24:02
   2:51'30"38 ; DC    ;  66,600 ;     mV ;       ; 01:24:03
   2:51'30"68 ; DC    ;  66,600 ;     mV ;       ; 01:24:03
   2:51'30"97 ; DC    ;  66,600 ;     mV ;       ; 01:24:03
   2:51'31"24 ; DC    ;  66,600 ;     mV ;       ; 01:24:03
   2:51'31"53 ; DC    ;  66,600 ;     mV ;       ; 01:24:04
   2:51'31"81 ; DC    ;  66,610 ;     mV ;       ; 01:24:04
   2:51'32"10 ; DC    ;  66,600 ;     mV ;       ; 01:24:04
   2:51'32"40 ; DC    ;  66,600 ;     mV ;       ; 01:24:05
   2:51'32"66 ; DC    ;  66,610 ;     mV ;       ; 01:24:05
   2:51'32"94 ; DC    ;  66,600 ;     mV ;       ; 01:24:05
   2:51'33"22 ; DC    ;  66,590 ;     mV ;       ; 01:24:05
   2:51'33"50 ; DC    ;  66,590 ;     mV ;       ; 01:24:06
   2:51'33"76 ; DC    ;  66,570 ;     mV ;       ; 01:24:06
   2:51'34"02 ; DC    ;  66,570 ;     mV ;       ; 01:24:06
   2:51'34"30 ; DC    ;  66,550 ;     mV ;       ; 01:24:06
   2:51'34"59 ; DC    ;  66,560 ;     mV ;       ; 01:24:07
   2:51'34"86 ; DC    ;  66,570 ;     mV ;       ; 01:24:07
   2:51'35"14 ; DC    ;  66,590 ;     mV ;       ; 01:24:07
   2:51'35"41 ; DC    ;  66,570 ;     mV ;       ; 01:24:08
   2:51'35"69 ; DC    ;  66,580 ;     mV ;       ; 01:24:08
   2:51'35"98 ; DC    ;  66,580 ;     mV ;       ; 01:24:08
   2:51'36"26 ; DC    ;  66,580 ;     mV ;       ; 01:24:08
   2:51'36"55 ; DC    ;  66,580 ;     mV ;       ; 01:24:09
   2:51'36"85 ; DC    ;  66,590 ;     mV ;       ; 01:24:09
   2:51'37"15 ; DC    ;  66,570 ;     mV ;       ; 01:24:09
   2:51'37"45 ; DC    ;  66,570 ;     mV ;       ; 01:24:10
   2:51'37"73 ; DC    ;  66,570 ;     mV ;       ; 01:24:10
   2:51'38"04 ; DC    ;  66,590 ;     mV ;       ; 01:24:10
   2:51'38"35 ; DC    ;  66,590 ;     mV ;       ; 01:24:11
   2:51'38"64 ; DC    ;  66,570 ;     mV ;       ; 01:24:11
   2:51'38"93 ; DC    ;  66,570 ;     mV ;       ; 01:24:11
   2:51'39"27 ; DC    ;  66,570 ;     mV ;       ; 01:24:11
   2:51'39"61 ; DC    ;  66,590 ;     mV ;       ; 01:24:12
   2:51'39"91 ; DC    ;  66,590 ;     mV ;       ; 01:24:12
   2:51'40"19 ; DC    ;  66,580 ;     mV ;       ; 01:24:12
   2:51'40"55 ; DC    ;  66,590 ;     mV ;       ; 01:24:13
   2:51'40"87 ; DC    ;  66,600 ;     mV ;       ; 01:24:13
   2:51'41"17 ; DC    ;  66,590 ;     mV ;       ; 01:24:13
   2:51'41"45 ; DC    ;  66,600 ;     mV ;       ; 01:24:14
   2:51'41"73 ; DC    ;  66,570 ;     mV ;       ; 01:24:14
   2:51'42"01 ; DC    ;  66,570 ;     mV ;       ; 01:24:14
   2:51'42"29 ; DC    ;  66,570 ;     mV ;       ; 01:24:14
   2:51'42"56 ; DC    ;  66,560 ;     mV ;       ; 01:24:15
   2:51'42"84 ; DC    ;  66,570 ;     mV ;       ; 01:24:15
   2:51'43"10 ; DC    ;  66,570 ;     mV ;       ; 01:24:15
   2:51'43"36 ; DC    ;  66,570 ;     mV ;       ; 01:24:16
   2:51'43"66 ; DC    ;  66,560 ;     mV ;       ; 01:24:16
   2:51'43"94 ; DC    ;  66,560 ;     mV ;       ; 01:24:16
   2:51'44"23 ; DC    ;  66,550 ;     mV ;       ; 01:24:16
   2:51'44"51 ; DC    ;  66,550 ;     mV ;       ; 01:24:17
   2:51'44"78 ; DC    ;  66,550 ;     mV ;       ; 01:24:17
   2:51'45"06 ; DC    ;  66,550 ;     mV ;       ; 01:24:17
   2:51'45"35 ; DC    ;  66,550 ;     mV ;       ; 01:24:18
   2:51'45"61 ; DC    ;  66,560 ;     mV ;       ; 01:24:18
   2:51'45"89 ; DC    ;  66,550 ;     mV ;       ; 01:24:18
   2:51'46"17 ; DC    ;  66,560 ;     mV ;       ; 01:24:18
   2:51'46"45 ; DC    ;  66,550 ;     mV ;       ; 01:24:19
   2:51'46"71 ; DC    ;  66,560 ;     mV ;       ; 01:24:19
   2:51'46"99 ; DC    ;  66,560 ;     mV ;       ; 01:24:19
   2:51'47"29 ; DC    ;  66,560 ;     mV ;       ; 01:24:19
   2:51'47"55 ; DC    ;  66,550 ;     mV ;       ; 01:24:20
   2:51'47"86 ; DC    ;  66,570 ;     mV ;       ; 01:24:20
   2:51'48"17 ; DC    ;  66,560 ;     mV ;       ; 01:24:20
   2:51'48"48 ; DC    ;  66,570 ;     mV ;       ; 01:24:21
   2:51'48"78 ; DC    ;  66,550 ;     mV ;       ; 01:24:21
   2:51'49"06 ; DC    ;  66,570 ;     mV ;       ; 01:24:21
   2:51'49"35 ; DC    ;  66,560 ;     mV ;       ; 01:24:22
   2:51'49"65 ; DC    ;  66,570 ;     mV ;       ; 01:24:22
   2:51'49"95 ; DC    ;  66,560 ;     mV ;       ; 01:24:22
   2:51'50"25 ; DC    ;  66,550 ;     mV ;       ; 01:24:22
   2:51'50"54 ; DC    ;  66,540 ;     mV ;       ; 01:24:23
   2:51'50"82 ; DC    ;  66,550 ;     mV ;       ; 01:24:23
   2:51'51"09 ; DC    ;  66,550 ;     mV ;       ; 01:24:23
   2:51'51"40 ; DC    ;  66,560 ;     mV ;       ; 01:24:24
   2:51'51"71 ; DC    ;  66,550 ;     mV ;       ; 01:24:24
   2:51'51"99 ; DC    ;  66,560 ;     mV ;       ; 01:24:24
   2:51'52"27 ; DC    ;  66,550 ;     mV ;       ; 01:24:24
   2:51'52"54 ; DC    ;  66,540 ;     mV ;       ; 01:24:25
   2:51'52"80 ; DC    ;  66,540 ;     mV ;       ; 01:24:25
   2:51'53"12 ; DC    ;  66,550 ;     mV ;       ; 01:24:25
   2:51'53"40 ; DC    ;  66,540 ;     mV ;       ; 01:24:26
   2:51'53"68 ; DC    ;  66,540 ;     mV ;       ; 01:24:26
   2:51'53"98 ; DC    ;  66,550 ;     mV ;       ; 01:24:26
   2:51'54"28 ; DC    ;  66,560 ;     mV ;       ; 01:24:26
   2:51'54"56 ; DC    ;  66,560 ;     mV ;       ; 01:24:27
   2:51'54"86 ; DC    ;  66,560 ;     mV ;       ; 01:24:27
   2:51'55"14 ; DC    ;  66,520 ;     mV ;       ; 01:24:27
   2:51'55"42 ; DC    ;  66,520 ;     mV ;       ; 01:24:28
   2:51'55"71 ; DC    ;  66,530 ;     mV ;       ; 01:24:28
   2:51'56"01 ; DC    ;  66,530 ;     mV ;       ; 01:24:28
   2:51'56"29 ; DC    ;  66,540 ;     mV ;       ; 01:24:28
   2:51'56"55 ; DC    ;  66,530 ;     mV ;       ; 01:24:29
   2:51'56"83 ; DC    ;  66,540 ;     mV ;       ; 01:24:29
   2:51'57"11 ; DC    ;  66,520 ;     mV ;       ; 01:24:29
   2:51'57"39 ; DC    ;  66,530 ;     mV ;       ; 01:24:30
   2:51'57"67 ; DC    ;  66,540 ;     mV ;       ; 01:24:30
   2:51'57"95 ; DC    ;  66,540 ;     mV ;       ; 01:24:30
   2:51'58"24 ; DC    ;  66,540 ;     mV ;       ; 01:24:30
   2:51'58"52 ; DC    ;  66,550 ;     mV ;       ; 01:24:31
   2:51'58"80 ; DC    ;  66,550 ;     mV ;       ; 01:24:31
   2:51'59"11 ; DC    ;  66,540 ;     mV ;       ; 01:24:31
   2:51'59"39 ; DC    ;  66,540 ;     mV ;       ; 01:24:32
   2:51'59"68 ; DC    ;  66,540 ;     mV ;       ; 01:24:32
   2:51'59"96 ; DC    ;  66,550 ;     mV ;       ; 01:24:32
   2:52'00"25 ; DC    ;  66,540 ;     mV ;       ; 01:24:32
   2:52'00"53 ; DC    ;  66,530 ;     mV ;       ; 01:24:33
   2:52'00"83 ; DC    ;  66,530 ;     mV ;       ; 01:24:33
   2:52'01"18 ; DC    ;  66,540 ;     mV ;       ; 01:24:33
   2:52'01"48 ; DC    ;  66,540 ;     mV ;       ; 01:24:34
   2:52'01"76 ; DC    ;  66,540 ;     mV ;       ; 01:24:34
   2:52'02"04 ; DC    ;  66,550 ;     mV ;       ; 01:24:34
   2:52'02"36 ; DC    ;  66,550 ;     mV ;       ; 01:24:35
   2:52'02"69 ; DC    ;  66,540 ;     mV ;       ; 01:24:35
   2:52'02"99 ; DC    ;  66,540 ;     mV ;       ; 01:24:35
   2:52'03"32 ; DC    ;  66,550 ;     mV ;       ; 01:24:35
   2:52'03"64 ; DC    ;  66,540 ;     mV ;       ; 01:24:36
   2:52'03"92 ; DC    ;  66,560 ;     mV ;       ; 01:24:36
   2:52'04"24 ; DC    ;  66,550 ;     mV ;       ; 01:24:36
   2:52'04"53 ; DC    ;  66,550 ;     mV ;       ; 01:24:37
   2:52'04"90 ; DC    ;  66,540 ;     mV ;       ; 01:24:37
   2:52'05"18 ; DC    ;  66,560 ;     mV ;       ; 01:24:37
   2:52'05"44 ; DC    ;  66,570 ;     mV ;       ; 01:24:38
   2:52'05"72 ; DC    ;  66,560 ;     mV ;       ; 01:24:38
   2:52'05"99 ; DC    ;  66,560 ;     mV ;       ; 01:24:38
   2:52'06"28 ; DC    ;  66,560 ;     mV ;       ; 01:24:38
   2:52'06"57 ; DC    ;  66,560 ;     mV ;       ; 01:24:39
   2:52'06"87 ; DC    ;  66,550 ;     mV ;       ; 01:24:39
   2:52'07"16 ; DC    ;  66,530 ;     mV ;       ; 01:24:39
   2:52'07"43 ; DC    ;  66,570 ;     mV ;       ; 01:24:40
   2:52'07"71 ; DC    ;  66,570 ;     mV ;       ; 01:24:40
   2:52'07"99 ; DC    ;  66,570 ;     mV ;       ; 01:24:40
   2:52'08"27 ; DC    ;  66,560 ;     mV ;       ; 01:24:40
   2:52'08"57 ; DC    ;  66,560 ;     mV ;       ; 01:24:41
   2:52'08"88 ; DC    ;  66,570 ;     mV ;       ; 01:24:41
   2:52'09"17 ; DC    ;  66,580 ;     mV ;       ; 01:24:41
   2:52'09"49 ; DC    ;  66,580 ;     mV ;       ; 01:24:42
   2:52'09"81 ; DC    ;  66,570 ;     mV ;       ; 01:24:42
   2:52'10"13 ; DC    ;  66,550 ;     mV ;       ; 01:24:42
   2:52'10"44 ; DC    ;  66,550 ;     mV ;       ; 01:24:43
   2:52'10"71 ; DC    ;  66,560 ;     mV ;       ; 01:24:43
   2:52'10"99 ; DC    ;  66,560 ;     mV ;       ; 01:24:43
   2:52'11"28 ; DC    ;  66,550 ;     mV ;       ; 01:24:43
   2:52'11"56 ; DC    ;  66,550 ;     mV ;       ; 01:24:44
   2:52'11"82 ; DC    ;  66,550 ;     mV ;       ; 01:24:44
   2:52'12"08 ; DC    ;  66,540 ;     mV ;       ; 01:24:44
   2:52'12"36 ; DC    ;  66,550 ;     mV ;       ; 01:24:45
   2:52'12"64 ; DC    ;  66,530 ;     mV ;       ; 01:24:45
   2:52'12"92 ; DC    ;  66,540 ;     mV ;       ; 01:24:45
   2:52'13"18 ; DC    ;  66,560 ;     mV ;       ; 01:24:45
   2:52'13"46 ; DC    ;  66,560 ;     mV ;       ; 01:24:46
   2:52'13"73 ; DC    ;  66,560 ;     mV ;       ; 01:24:46
   2:52'13"99 ; DC    ;  66,570 ;     mV ;       ; 01:24:46
   2:52'14"27 ; DC    ;  66,570 ;     mV ;       ; 01:24:46
   2:52'14"55 ; DC    ;  66,560 ;     mV ;       ; 01:24:47
   2:52'14"83 ; DC    ;  66,560 ;     mV ;       ; 01:24:47
   2:52'15"12 ; DC    ;  66,560 ;     mV ;       ; 01:24:47
   2:52'15"47 ; DC    ;  66,550 ;     mV ;       ; 01:24:48
   2:52'15"74 ; DC    ;  66,550 ;     mV ;       ; 01:24:48
   2:52'16"02 ; DC    ;  66,550 ;     mV ;       ; 01:24:48
   2:52'16"29 ; DC    ;  66,560 ;     mV ;       ; 01:24:48
   2:52'16"65 ; DC    ;  66,570 ;     mV ;       ; 01:24:49
   2:52'16"94 ; DC    ;  66,580 ;     mV ;       ; 01:24:49
   2:52'17"25 ; DC    ;  66,580 ;     mV ;       ; 01:24:49
   2:52'17"53 ; DC    ;  66,580 ;     mV ;       ; 01:24:50
   2:52'17"81 ; DC    ;  66,580 ;     mV ;       ; 01:24:50
   2:52'18"09 ; DC    ;  66,580 ;     mV ;       ; 01:24:50
   2:52'18"36 ; DC    ;  66,580 ;     mV ;       ; 01:24:51
   2:52'18"67 ; DC    ;  66,570 ;     mV ;       ; 01:24:51
   2:52'18"93 ; DC    ;  66,570 ;     mV ;       ; 01:24:51
   2:52'19"25 ; DC    ;  66,580 ;     mV ;       ; 01:24:51
   2:52'19"52 ; DC    ;  66,580 ;     mV ;       ; 01:24:52
   2:52'19"83 ; DC    ;  66,590 ;     mV ;       ; 01:24:52
   2:52'20"13 ; DC    ;  66,580 ;     mV ;       ; 01:24:52
   2:52'20"45 ; DC    ;  66,580 ;     mV ;       ; 01:24:53
   2:52'20"77 ; DC    ;  66,580 ;     mV ;       ; 01:24:53
   2:52'21"05 ; DC    ;  66,570 ;     mV ;       ; 01:24:53
   2:52'21"35 ; DC    ;  66,560 ;     mV ;       ; 01:24:54
   2:52'21"63 ; DC    ;  66,570 ;     mV ;       ; 01:24:54
   2:52'21"91 ; DC    ;  66,580 ;     mV ;       ; 01:24:54
   2:52'22"19 ; DC    ;  66,590 ;     mV ;       ; 01:24:54
   2:52'22"47 ; DC    ;  66,580 ;     mV ;       ; 01:24:55
   2:52'22"79 ; DC    ;  66,590 ;     mV ;       ; 01:24:55
   2:52'23"08 ; DC    ;  66,590 ;     mV ;       ; 01:24:55
   2:52'23"41 ; DC    ;  66,590 ;     mV ;       ; 01:24:56
   2:52'23"69 ; DC    ;  66,570 ;     mV ;       ; 01:24:56
   2:52'23"99 ; DC    ;  66,590 ;     mV ;       ; 01:24:56
   2:52'24"28 ; DC    ;  66,580 ;     mV ;       ; 01:24:56
   2:52'24"56 ; DC    ;  66,580 ;     mV ;       ; 01:24:57
   2:52'24"84 ; DC    ;  66,570 ;     mV ;       ; 01:24:57
   2:52'25"11 ; DC    ;  66,560 ;     mV ;       ; 01:24:57
   2:52'25"41 ; DC    ;  66,560 ;     mV ;       ; 01:24:58
   2:52'25"69 ; DC    ;  66,560 ;     mV ;       ; 01:24:58
   2:52'25"99 ; DC    ;  66,560 ;     mV ;       ; 01:24:58
   2:52'26"27 ; DC    ;  66,560 ;     mV ;       ; 01:24:58
   2:52'26"54 ; DC    ;  66,570 ;     mV ;       ; 01:24:59
   2:52'26"84 ; DC    ;  66,570 ;     mV ;       ; 01:24:59
   2:52'27"14 ; DC    ;  66,580 ;     mV ;       ; 01:24:59
   2:52'27"43 ; DC    ;  66,560 ;     mV ;       ; 01:25:00
   2:52'27"72 ; DC    ;  66,560 ;     mV ;       ; 01:25:00
   2:52'28"01 ; DC    ;  66,570 ;     mV ;       ; 01:25:00
   2:52'28"30 ; DC    ;  66,570 ;     mV ;       ; 01:25:00
   2:52'28"57 ; DC    ;  66,580 ;     mV ;       ; 01:25:01
   2:52'28"84 ; DC    ;  66,590 ;     mV ;       ; 01:25:01
   2:52'29"12 ; DC    ;  66,570 ;     mV ;       ; 01:25:01
   2:52'29"40 ; DC    ;  66,580 ;     mV ;       ; 01:25:02
   2:52'29"68 ; DC    ;  66,560 ;     mV ;       ; 01:25:02
   2:52'29"98 ; DC    ;  66,560 ;     mV ;       ; 01:25:02
   2:52'30"29 ; DC    ;  66,560 ;     mV ;       ; 01:25:02
   2:52'30"61 ; DC    ;  66,560 ;     mV ;       ; 01:25:03
   2:52'30"93 ; DC    ;  66,570 ;     mV ;       ; 01:25:03
   2:52'31"30 ; DC    ;  66,570 ;     mV ;       ; 01:25:03
   2:52'31"63 ; DC    ;  66,560 ;     mV ;       ; 01:25:04
   2:52'31"92 ; DC    ;  66,580 ;     mV ;       ; 01:25:04
   2:52'32"19 ; DC    ;  66,590 ;     mV ;       ; 01:25:04
   2:52'32"47 ; DC    ;  66,590 ;     mV ;       ; 01:25:05
   2:52'32"76 ; DC    ;  66,590 ;     mV ;       ; 01:25:05
   2:52'33"04 ; DC    ;  66,570 ;     mV ;       ; 01:25:05
   2:52'33"31 ; DC    ;  66,580 ;     mV ;       ; 01:25:05
   2:52'33"61 ; DC    ;  66,570 ;     mV ;       ; 01:25:06
   2:52'33"89 ; DC    ;  66,580 ;     mV ;       ; 01:25:06
   2:52'34"21 ; DC    ;  66,580 ;     mV ;       ; 01:25:06
   2:52'34"51 ; DC    ;  66,570 ;     mV ;       ; 01:25:07
   2:52'34"79 ; DC    ;  66,570 ;     mV ;       ; 01:25:07
   2:52'35"10 ; DC    ;  66,580 ;     mV ;       ; 01:25:07
   2:52'35"36 ; DC    ;  66,580 ;     mV ;       ; 01:25:08
   2:52'35"68 ; DC    ;  66,580 ;     mV ;       ; 01:25:08
   2:52'35"96 ; DC    ;  66,560 ;     mV ;       ; 01:25:08
   2:52'36"25 ; DC    ;  66,580 ;     mV ;       ; 01:25:08
   2:52'36"55 ; DC    ;  66,580 ;     mV ;       ; 01:25:09
   2:52'36"83 ; DC    ;  66,580 ;     mV ;       ; 01:25:09
   2:52'37"11 ; DC    ;  66,580 ;     mV ;       ; 01:25:09
   2:52'37"41 ; DC    ;  66,570 ;     mV ;       ; 01:25:10
   2:52'37"72 ; DC    ;  66,580 ;     mV ;       ; 01:25:10
   2:52'38"02 ; DC    ;  66,580 ;     mV ;       ; 01:25:10
   2:52'38"33 ; DC    ;  66,560 ;     mV ;       ; 01:25:11
   2:52'38"63 ; DC    ;  66,570 ;     mV ;       ; 01:25:11
   2:52'38"92 ; DC    ;  66,570 ;     mV ;       ; 01:25:11
   2:52'39"20 ; DC    ;  66,570 ;     mV ;       ; 01:25:11
   2:52'39"50 ; DC    ;  66,570 ;     mV ;       ; 01:25:12
   2:52'39"80 ; DC    ;  66,550 ;     mV ;       ; 01:25:12
   2:52'40"08 ; DC    ;  66,550 ;     mV ;       ; 01:25:12
   2:52'40"35 ; DC    ;  66,550 ;     mV ;       ; 01:25:13
   2:52'40"63 ; DC    ;  66,540 ;     mV ;       ; 01:25:13
   2:52'40"91 ; DC    ;  66,560 ;     mV ;       ; 01:25:13
   2:52'41"19 ; DC    ;  66,550 ;     mV ;       ; 01:25:13
   2:52'41"47 ; DC    ;  66,580 ;     mV ;       ; 01:25:14
   2:52'41"73 ; DC    ;  66,570 ;     mV ;       ; 01:25:14
   2:52'42"04 ; DC    ;  66,580 ;     mV ;       ; 01:25:14
   2:52'42"36 ; DC    ;  66,570 ;     mV ;       ; 01:25:15
   2:52'42"65 ; DC    ;  66,580 ;     mV ;       ; 01:25:15
   2:52'43"02 ; DC    ;  66,570 ;     mV ;       ; 01:25:15
   2:52'43"33 ; DC    ;  66,570 ;     mV ;       ; 01:25:16
   2:52'43"64 ; DC    ;  66,570 ;     mV ;       ; 01:25:16
   2:52'43"97 ; DC    ;  66,560 ;     mV ;       ; 01:25:16
   2:52'44"28 ; DC    ;  66,560 ;     mV ;       ; 01:25:16
   2:52'44"59 ; DC    ;  66,580 ;     mV ;       ; 01:25:17
   2:52'44"92 ; DC    ;  66,580 ;     mV ;       ; 01:25:17
   2:52'45"22 ; DC    ;  66,570 ;     mV ;       ; 01:25:17
   2:52'45"50 ; DC    ;  66,570 ;     mV ;       ; 01:25:18
   2:52'45"78 ; DC    ;  66,570 ;     mV ;       ; 01:25:18
   2:52'46"06 ; DC    ;  66,570 ;     mV ;       ; 01:25:18
   2:52'46"38 ; DC    ;  66,570 ;     mV ;       ; 01:25:19
   2:52'46"68 ; DC    ;  66,560 ;     mV ;       ; 01:25:19
   2:52'46"98 ; DC    ;  66,560 ;     mV ;       ; 01:25:19
   2:52'47"27 ; DC    ;  66,560 ;     mV ;       ; 01:25:19
   2:52'47"56 ; DC    ;  66,560 ;     mV ;       ; 01:25:20
   2:52'47"88 ; DC    ;  66,560 ;     mV ;       ; 01:25:20
   2:52'48"17 ; DC    ;  66,560 ;     mV ;       ; 01:25:20
   2:52'48"46 ; DC    ;  66,560 ;     mV ;       ; 01:25:21
   2:52'48"77 ; DC    ;  66,570 ;     mV ;       ; 01:25:21
   2:52'49"07 ; DC    ;  66,560 ;     mV ;       ; 01:25:21
   2:52'49"33 ; DC    ;  66,580 ;     mV ;       ; 01:25:22
   2:52'49"63 ; DC    ;  66,580 ;     mV ;       ; 01:25:22
   2:52'49"89 ; DC    ;  66,550 ;     mV ;       ; 01:25:22
   2:52'50"19 ; DC    ;  66,550 ;     mV ;       ; 01:25:22
   2:52'50"46 ; DC    ;  66,550 ;     mV ;       ; 01:25:23
   2:52'50"73 ; DC    ;  66,540 ;     mV ;       ; 01:25:23
   2:52'51"02 ; DC    ;  66,560 ;     mV ;       ; 01:25:23
   2:52'51"30 ; DC    ;  66,550 ;     mV ;       ; 01:25:23
   2:52'51"61 ; DC    ;  66,550 ;     mV ;       ; 01:25:24
   2:52'51"90 ; DC    ;  66,570 ;     mV ;       ; 01:25:24
   2:52'52"16 ; DC    ;  66,560 ;     mV ;       ; 01:25:24
   2:52'52"46 ; DC    ;  66,540 ;     mV ;       ; 01:25:25
   2:52'52"75 ; DC    ;  66,550 ;     mV ;       ; 01:25:25
   2:52'53"03 ; DC    ;  66,540 ;     mV ;       ; 01:25:25
   2:52'53"33 ; DC    ;  66,560 ;     mV ;       ; 01:25:25
   2:52'53"64 ; DC    ;  66,560 ;     mV ;       ; 01:25:26
   2:52'53"96 ; DC    ;  66,550 ;     mV ;       ; 01:25:26
   2:52'54"30 ; DC    ;  66,540 ;     mV ;       ; 01:25:26
   2:52'54"65 ; DC    ;  66,540 ;     mV ;       ; 01:25:27
   2:52'54"96 ; DC    ;  66,530 ;     mV ;       ; 01:25:27
   2:52'55"29 ; DC    ;  66,520 ;     mV ;       ; 01:25:27
   2:52'55"56 ; DC    ;  66,540 ;     mV ;       ; 01:25:28
   2:52'55"83 ; DC    ;  66,560 ;     mV ;       ; 01:25:28
   2:52'56"13 ; DC    ;  66,530 ;     mV ;       ; 01:25:28
   2:52'56"41 ; DC    ;  66,560 ;     mV ;       ; 01:25:29
   2:52'56"69 ; DC    ;  66,540 ;     mV ;       ; 01:25:29
   2:52'56"96 ; DC    ;  66,530 ;     mV ;       ; 01:25:29
   2:52'57"28 ; DC    ;  66,550 ;     mV ;       ; 01:25:29
   2:52'57"56 ; DC    ;  66,550 ;     mV ;       ; 01:25:30
   2:52'57"84 ; DC    ;  66,540 ;     mV ;       ; 01:25:30
   2:52'58"12 ; DC    ;  66,540 ;     mV ;       ; 01:25:30
   2:52'58"41 ; DC    ;  66,540 ;     mV ;       ; 01:25:31
   2:52'58"68 ; DC    ;  66,550 ;     mV ;       ; 01:25:31
   2:52'58"96 ; DC    ;  66,550 ;     mV ;       ; 01:25:31
   2:52'59"26 ; DC    ;  66,520 ;     mV ;       ; 01:25:31
   2:52'59"53 ; DC    ;  66,560 ;     mV ;       ; 01:25:32
   2:52'59"86 ; DC    ;  66,570 ;     mV ;       ; 01:25:32
   2:53'00"17 ; DC    ;  66,540 ;     mV ;       ; 01:25:32
   2:53'00"46 ; DC    ;  66,540 ;     mV ;       ; 01:25:33
   2:53'00"74 ; DC    ;  66,540 ;     mV ;       ; 01:25:33
   2:53'01"01 ; DC    ;  66,540 ;     mV ;       ; 01:25:33
   2:53'01"29 ; DC    ;  66,530 ;     mV ;       ; 01:25:33
   2:53'01"57 ; DC    ;  66,540 ;     mV ;       ; 01:25:34
   2:53'01"87 ; DC    ;  66,530 ;     mV ;       ; 01:25:34
   2:53'02"13 ; DC    ;  66,540 ;     mV ;       ; 01:25:34
   2:53'02"43 ; DC    ;  66,540 ;     mV ;       ; 01:25:35
   2:53'02"77 ; DC    ;  66,530 ;     mV ;       ; 01:25:35
   2:53'03"05 ; DC    ;  66,530 ;     mV ;       ; 01:25:35
   2:53'03"32 ; DC    ;  66,530 ;     mV ;       ; 01:25:35
   2:53'03"58 ; DC    ;  66,530 ;     mV ;       ; 01:25:36
   2:53'03"87 ; DC    ;  66,540 ;     mV ;       ; 01:25:36
   2:53'04"13 ; DC    ;  66,530 ;     mV ;       ; 01:25:36
   2:53'04"42 ; DC    ;  66,540 ;     mV ;       ; 01:25:37
   2:53'04"70 ; DC    ;  66,550 ;     mV ;       ; 01:25:37
   2:53'05"00 ; DC    ;  66,550 ;     mV ;       ; 01:25:37
   2:53'05"28 ; DC    ;  66,540 ;     mV ;       ; 01:25:37
   2:53'05"56 ; DC    ;  66,530 ;     mV ;       ; 01:25:38
   2:53'05"84 ; DC    ;  66,530 ;     mV ;       ; 01:25:38
   2:53'06"10 ; DC    ;  66,540 ;     mV ;       ; 01:25:38
   2:53'06"36 ; DC    ;  66,530 ;     mV ;       ; 01:25:39
   2:53'06"64 ; DC    ;  66,530 ;     mV ;       ; 01:25:39
   2:53'06"92 ; DC    ;  66,520 ;     mV ;       ; 01:25:39
   2:53'07"24 ; DC    ;  66,520 ;     mV ;       ; 01:25:39
   2:53'07"53 ; DC    ;  66,540 ;     mV ;       ; 01:25:40
   2:53'07"81 ; DC    ;  66,530 ;     mV ;       ; 01:25:40
   2:53'08"12 ; DC    ;  66,530 ;     mV ;       ; 01:25:40
   2:53'08"42 ; DC    ;  66,520 ;     mV ;       ; 01:25:41
   2:53'08"70 ; DC    ;  66,520 ;     mV ;       ; 01:25:41
   2:53'08"98 ; DC    ;  66,530 ;     mV ;       ; 01:25:41
   2:53'09"26 ; DC    ;  66,520 ;     mV ;       ; 01:25:41
   2:53'09"52 ; DC    ;  66,520 ;     mV ;       ; 01:25:42
   2:53'09"79 ; DC    ;  66,520 ;     mV ;       ; 01:25:42
   2:53'10"08 ; DC    ;  66,540 ;     mV ;       ; 01:25:42
   2:53'10"34 ; DC    ;  66,540 ;     mV ;       ; 01:25:43
   2:53'10"63 ; DC    ;  66,520 ;     mV ;       ; 01:25:43
   2:53'10"91 ; DC    ;  66,510 ;     mV ;       ; 01:25:43
   2:53'11"19 ; DC    ;  66,500 ;     mV ;       ; 01:25:43
   2:53'11"47 ; DC    ;  66,520 ;     mV ;       ; 01:25:44
   2:53'11"76 ; DC    ;  66,510 ;     mV ;       ; 01:25:44
   2:53'12"05 ; DC    ;  66,510 ;     mV ;       ; 01:25:44
   2:53'12"33 ; DC    ;  66,520 ;     mV ;       ; 01:25:45
   2:53'12"66 ; DC    ;  66,510 ;     mV ;       ; 01:25:45
   2:53'12"94 ; DC    ;  66,520 ;     mV ;       ; 01:25:45
   2:53'13"24 ; DC    ;  66,520 ;     mV ;       ; 01:25:45
   2:53'13"52 ; DC    ;  66,520 ;     mV ;       ; 01:25:46
   2:53'13"80 ; DC    ;  66,510 ;     mV ;       ; 01:25:46
   2:53'14"08 ; DC    ;  66,530 ;     mV ;       ; 01:25:46
   2:53'14"36 ; DC    ;  66,520 ;     mV ;       ; 01:25:47
   2:53'14"64 ; DC    ;  66,520 ;     mV ;       ; 01:25:47
   2:53'14"92 ; DC    ;  66,520 ;     mV ;       ; 01:25:47
   2:53'15"19 ; DC    ;  66,520 ;     mV ;       ; 01:25:47
   2:53'15"49 ; DC    ;  66,520 ;     mV ;       ; 01:25:48
   2:53'15"78 ; DC    ;  66,520 ;     mV ;       ; 01:25:48
   2:53'16"06 ; DC    ;  66,510 ;     mV ;       ; 01:25:48
   2:53'16"34 ; DC    ;  66,490 ;     mV ;       ; 01:25:49
   2:53'16"62 ; DC    ;  66,500 ;     mV ;       ; 01:25:49
   2:53'16"92 ; DC    ;  66,500 ;     mV ;       ; 01:25:49
   2:53'17"21 ; DC    ;  66,520 ;     mV ;       ; 01:25:49
   2:53'17"49 ; DC    ;  66,510 ;     mV ;       ; 01:25:50
   2:53'17"77 ; DC    ;  66,510 ;     mV ;       ; 01:25:50
   2:53'18"05 ; DC    ;  66,530 ;     mV ;       ; 01:25:50
   2:53'18"35 ; DC    ;  66,540 ;     mV ;       ; 01:25:51
   2:53'18"62 ; DC    ;  66,540 ;     mV ;       ; 01:25:51
   2:53'18"91 ; DC    ;  66,530 ;     mV ;       ; 01:25:51
   2:53'19"20 ; DC    ;  66,540 ;     mV ;       ; 01:25:51
   2:53'19"48 ; DC    ;  66,540 ;     mV ;       ; 01:25:52
   2:53'19"74 ; DC    ;  66,560 ;     mV ;       ; 01:25:52
   2:53'20"03 ; DC    ;  66,550 ;     mV ;       ; 01:25:52
   2:53'20"30 ; DC    ;  66,560 ;     mV ;       ; 01:25:52
   2:53'20"60 ; DC    ;  66,560 ;     mV ;       ; 01:25:53
   2:53'20"89 ; DC    ;  66,540 ;     mV ;       ; 01:25:53
   2:53'21"16 ; DC    ;  66,540 ;     mV ;       ; 01:25:53
   2:53'21"45 ; DC    ;  66,540 ;     mV ;       ; 01:25:54
   2:53'21"75 ; DC    ;  66,540 ;     mV ;       ; 01:25:54
   2:53'22"04 ; DC    ;  66,530 ;     mV ;       ; 01:25:54
   2:53'22"32 ; DC    ;  66,530 ;     mV ;       ; 01:25:54
   2:53'22"62 ; DC    ;  66,520 ;     mV ;       ; 01:25:55
   2:53'22"91 ; DC    ;  66,540 ;     mV ;       ; 01:25:55
   2:53'23"20 ; DC    ;  66,530 ;     mV ;       ; 01:25:55
   2:53'23"48 ; DC    ;  66,520 ;     mV ;       ; 01:25:56
   2:53'23"80 ; DC    ;  66,520 ;     mV ;       ; 01:25:56
   2:53'24"07 ; DC    ;  66,530 ;     mV ;       ; 01:25:56
   2:53'24"34 ; DC    ;  66,530 ;     mV ;       ; 01:25:57
   2:53'24"62 ; DC    ;  66,540 ;     mV ;       ; 01:25:57
   2:53'24"90 ; DC    ;  66,540 ;     mV ;       ; 01:25:57
   2:53'25"18 ; DC    ;  66,540 ;     mV ;       ; 01:25:57
   2:53'25"45 ; DC    ;  66,530 ;     mV ;       ; 01:25:58
   2:53'25"75 ; DC    ;  66,550 ;     mV ;       ; 01:25:58
   2:53'26"05 ; DC    ;  66,530 ;     mV ;       ; 01:25:58
   2:53'26"33 ; DC    ;  66,540 ;     mV ;       ; 01:25:58
   2:53'26"65 ; DC    ;  66,520 ;     mV ;       ; 01:25:59
   2:53'26"91 ; DC    ;  66,530 ;     mV ;       ; 01:25:59
   2:53'27"19 ; DC    ;  66,540 ;     mV ;       ; 01:25:59
   2:53'27"50 ; DC    ;  66,540 ;     mV ;       ; 01:26:00
   2:53'27"77 ; DC    ;  66,530 ;     mV ;       ; 01:26:00
   2:53'28"05 ; DC    ;  66,530 ;     mV ;       ; 01:26:00
   2:53'28"35 ; DC    ;  66,540 ;     mV ;       ; 01:26:01
   2:53'28"66 ; DC    ;  66,540 ;     mV ;       ; 01:26:01
   2:53'28"94 ; DC    ;  66,540 ;     mV ;       ; 01:26:01
   2:53'29"24 ; DC    ;  66,540 ;     mV ;       ; 01:26:01
   2:53'29"58 ; DC    ;  66,520 ;     mV ;       ; 01:26:02
   2:53'29"91 ; DC    ;  66,530 ;     mV ;       ; 01:26:02
   2:53'30"27 ; DC    ;  66,530 ;     mV ;       ; 01:26:02
   2:53'30"55 ; DC    ;  66,550 ;     mV ;       ; 01:26:03
   2:53'30"85 ; DC    ;  66,550 ;     mV ;       ; 01:26:03
   2:53'31"16 ; DC    ;  66,550 ;     mV ;       ; 01:26:03
   2:53'31"46 ; DC    ;  66,560 ;     mV ;       ; 01:26:04
   2:53'31"74 ; DC    ;  66,560 ;     mV ;       ; 01:26:04
   2:53'32"02 ; DC    ;  66,570 ;     mV ;       ; 01:26:04
   2:53'32"32 ; DC    ;  66,570 ;     mV ;       ; 01:26:04
   2:53'32"58 ; DC    ;  66,560 ;     mV ;       ; 01:26:05
   2:53'32"85 ; DC    ;  66,560 ;     mV ;       ; 01:26:05
   2:53'33"13 ; DC    ;  66,560 ;     mV ;       ; 01:26:05
   2:53'33"42 ; DC    ;  66,560 ;     mV ;       ; 01:26:06
   2:53'33"73 ; DC    ;  66,560 ;     mV ;       ; 01:26:06
   2:53'34"01 ; DC    ;  66,570 ;     mV ;       ; 01:26:06
   2:53'34"31 ; DC    ;  66,530 ;     mV ;       ; 01:26:06
   2:53'34"58 ; DC    ;  66,550 ;     mV ;       ; 01:26:07
   2:53'34"86 ; DC    ;  66,560 ;     mV ;       ; 01:26:07
   2:53'35"14 ; DC    ;  66,540 ;     mV ;       ; 01:26:07
   2:53'35"42 ; DC    ;  66,550 ;     mV ;       ; 01:26:08
   2:53'35"68 ; DC    ;  66,550 ;     mV ;       ; 01:26:08
   2:53'35"94 ; DC    ;  66,540 ;     mV ;       ; 01:26:08
   2:53'36"22 ; DC    ;  66,540 ;     mV ;       ; 01:26:08
   2:53'36"51 ; DC    ;  66,570 ;     mV ;       ; 01:26:09
   2:53'36"81 ; DC    ;  66,570 ;     mV ;       ; 01:26:09
   2:53'37"08 ; DC    ;  66,550 ;     mV ;       ; 01:26:09
   2:53'37"38 ; DC    ;  66,550 ;     mV ;       ; 01:26:10
   2:53'37"66 ; DC    ;  66,540 ;     mV ;       ; 01:26:10
   2:53'37"96 ; DC    ;  66,540 ;     mV ;       ; 01:26:10
   2:53'38"24 ; DC    ;  66,540 ;     mV ;       ; 01:26:10
   2:53'38"52 ; DC    ;  66,550 ;     mV ;       ; 01:26:11
   2:53'38"81 ; DC    ;  66,560 ;     mV ;       ; 01:26:11
   2:53'39"09 ; DC    ;  66,550 ;     mV ;       ; 01:26:11
   2:53'39"41 ; DC    ;  66,540 ;     mV ;       ; 01:26:12
   2:53'39"71 ; DC    ;  66,550 ;     mV ;       ; 01:26:12
   2:53'39"97 ; DC    ;  66,570 ;     mV ;       ; 01:26:12
   2:53'40"25 ; DC    ;  66,560 ;     mV ;       ; 01:26:12
   2:53'40"56 ; DC    ;  66,550 ;     mV ;       ; 01:26:13
   2:53'40"90 ; DC    ;  66,560 ;     mV ;       ; 01:26:13
   2:53'41"19 ; DC    ;  66,560 ;     mV ;       ; 01:26:13
   2:53'41"48 ; DC    ;  66,560 ;     mV ;       ; 01:26:14
   2:53'41"76 ; DC    ;  66,550 ;     mV ;       ; 01:26:14
   2:53'42"07 ; DC    ;  66,560 ;     mV ;       ; 01:26:14
   2:53'42"35 ; DC    ;  66,560 ;     mV ;       ; 01:26:15
   2:53'42"63 ; DC    ;  66,570 ;     mV ;       ; 01:26:15
   2:53'42"91 ; DC    ;  66,560 ;     mV ;       ; 01:26:15
   2:53'43"19 ; DC    ;  66,560 ;     mV ;       ; 01:26:15
   2:53'43"47 ; DC    ;  66,550 ;     mV ;       ; 01:26:16
   2:53'43"74 ; DC    ;  66,530 ;     mV ;       ; 01:26:16
   2:53'44"03 ; DC    ;  66,530 ;     mV ;       ; 01:26:16
   2:53'44"31 ; DC    ;  66,540 ;     mV ;       ; 01:26:16
   2:53'44"60 ; DC    ;  66,540 ;     mV ;       ; 01:26:17
   2:53'44"88 ; DC    ;  66,520 ;     mV ;       ; 01:26:17
   2:53'45"16 ; DC    ;  66,540 ;     mV ;       ; 01:26:17
   2:53'45"43 ; DC    ;  66,530 ;     mV ;       ; 01:26:18
   2:53'45"71 ; DC    ;  66,530 ;     mV ;       ; 01:26:18
   2:53'45"98 ; DC    ;  66,510 ;     mV ;       ; 01:26:18
   2:53'46"26 ; DC    ;  66,520 ;     mV ;       ; 01:26:18
   2:53'46"55 ; DC    ;  66,510 ;     mV ;       ; 01:26:19
   2:53'46"83 ; DC    ;  66,500 ;     mV ;       ; 01:26:19
   2:53'47"15 ; DC    ;  66,510 ;     mV ;       ; 01:26:19
   2:53'47"44 ; DC    ;  66,520 ;     mV ;       ; 01:26:20
   2:53'47"74 ; DC    ;  66,500 ;     mV ;       ; 01:26:20
   2:53'48"01 ; DC    ;  66,510 ;     mV ;       ; 01:26:20
   2:53'48"33 ; DC    ;  66,520 ;     mV ;       ; 01:26:21
   2:53'48"64 ; DC    ;  66,510 ;     mV ;       ; 01:26:21
   2:53'48"91 ; DC    ;  66,510 ;     mV ;       ; 01:26:21
   2:53'49"24 ; DC    ;  66,500 ;     mV ;       ; 01:26:21
   2:53'49"61 ; DC    ;  66,510 ;     mV ;       ; 01:26:22
   2:53'49"90 ; DC    ;  66,520 ;     mV ;       ; 01:26:22
   2:53'50"25 ; DC    ;  66,510 ;     mV ;       ; 01:26:22
   2:53'50"53 ; DC    ;  66,510 ;     mV ;       ; 01:26:23
   2:53'50"85 ; DC    ;  66,520 ;     mV ;       ; 01:26:23
   2:53'51"16 ; DC    ;  66,520 ;     mV ;       ; 01:26:23
   2:53'51"47 ; DC    ;  66,510 ;     mV ;       ; 01:26:24
   2:53'51"75 ; DC    ;  66,510 ;     mV ;       ; 01:26:24
   2:53'52"05 ; DC    ;  66,510 ;     mV ;       ; 01:26:24
   2:53'52"38 ; DC    ;  66,500 ;     mV ;       ; 01:26:25
   2:53'52"67 ; DC    ;  66,520 ;     mV ;       ; 01:26:25
   2:53'52"95 ; DC    ;  66,520 ;     mV ;       ; 01:26:25
   2:53'53"23 ; DC    ;  66,520 ;     mV ;       ; 01:26:25
   2:53'53"49 ; DC    ;  66,520 ;     mV ;       ; 01:26:26
   2:53'53"77 ; DC    ;  66,520 ;     mV ;       ; 01:26:26
   2:53'54"04 ; DC    ;  66,520 ;     mV ;       ; 01:26:26
   2:53'54"32 ; DC    ;  66,510 ;     mV ;       ; 01:26:26
   2:53'54"58 ; DC    ;  66,520 ;     mV ;       ; 01:26:27
   2:53'54"87 ; DC    ;  66,520 ;     mV ;       ; 01:26:27
   2:53'55"15 ; DC    ;  66,520 ;     mV ;       ; 01:26:27
   2:53'55"43 ; DC    ;  66,510 ;     mV ;       ; 01:26:28
   2:53'55"70 ; DC    ;  66,510 ;     mV ;       ; 01:26:28
   2:53'55"98 ; DC    ;  66,500 ;     mV ;       ; 01:26:28
   2:53'56"24 ; DC    ;  66,500 ;     mV ;       ; 01:26:28
   2:53'56"52 ; DC    ;  66,490 ;     mV ;       ; 01:26:29
   2:53'56"80 ; DC    ;  66,500 ;     mV ;       ; 01:26:29
   2:53'57"07 ; DC    ;  66,500 ;     mV ;       ; 01:26:29
   2:53'57"35 ; DC    ;  66,500 ;     mV ;       ; 01:26:30
   2:53'57"62 ; DC    ;  66,510 ;     mV ;       ; 01:26:30
   2:53'57"92 ; DC    ;  66,490 ;     mV ;       ; 01:26:30
   2:53'58"19 ; DC    ;  66,490 ;     mV ;       ; 01:26:30
   2:53'58"48 ; DC    ;  66,510 ;     mV ;       ; 01:26:31
   2:53'58"76 ; DC    ;  66,490 ;     mV ;       ; 01:26:31
   2:53'59"04 ; DC    ;  66,490 ;     mV ;       ; 01:26:31
   2:53'59"31 ; DC    ;  66,500 ;     mV ;       ; 01:26:31
   2:53'59"65 ; DC    ;  66,480 ;     mV ;       ; 01:26:32
   2:53'59"94 ; DC    ;  66,490 ;     mV ;       ; 01:26:32
   2:54'00"22 ; DC    ;  66,480 ;     mV ;       ; 01:26:32
   2:54'00"52 ; DC    ;  66,500 ;     mV ;       ; 01:26:33
   2:54'00"79 ; DC    ;  66,480 ;     mV ;       ; 01:26:33
   2:54'01"10 ; DC    ;  66,480 ;     mV ;       ; 01:26:33
   2:54'01"44 ; DC    ;  66,480 ;     mV ;       ; 01:26:34
   2:54'01"73 ; DC    ;  66,480 ;     mV ;       ; 01:26:34
   2:54'02"02 ; DC    ;  66,480 ;     mV ;       ; 01:26:34
   2:54'02"29 ; DC    ;  66,480 ;     mV ;       ; 01:26:34
   2:54'02"60 ; DC    ;  66,480 ;     mV ;       ; 01:26:35
   2:54'02"86 ; DC    ;  66,480 ;     mV ;       ; 01:26:35
   2:54'03"15 ; DC    ;  66,490 ;     mV ;       ; 01:26:35
   2:54'03"44 ; DC    ;  66,490 ;     mV ;       ; 01:26:36
   2:54'03"72 ; DC    ;  66,480 ;     mV ;       ; 01:26:36
   2:54'04"00 ; DC    ;  66,480 ;     mV ;       ; 01:26:36
   2:54'04"28 ; DC    ;  66,480 ;     mV ;       ; 01:26:36
   2:54'04"56 ; DC    ;  66,490 ;     mV ;       ; 01:26:37
   2:54'04"83 ; DC    ;  66,490 ;     mV ;       ; 01:26:37
   2:54'05"12 ; DC    ;  66,490 ;     mV ;       ; 01:26:37
   2:54'05"40 ; DC    ;  66,480 ;     mV ;       ; 01:26:38
   2:54'05"70 ; DC    ;  66,480 ;     mV ;       ; 01:26:38
   2:54'06"03 ; DC    ;  66,490 ;     mV ;       ; 01:26:38
   2:54'06"35 ; DC    ;  66,510 ;     mV ;       ; 01:26:39
   2:54'06"65 ; DC    ;  66,480 ;     mV ;       ; 01:26:39
   2:54'06"93 ; DC    ;  66,480 ;     mV ;       ; 01:26:39
   2:54'07"24 ; DC    ;  66,490 ;     mV ;       ; 01:26:39
   2:54'07"54 ; DC    ;  66,500 ;     mV ;       ; 01:26:40
   2:54'07"83 ; DC    ;  66,510 ;     mV ;       ; 01:26:40
   2:54'08"11 ; DC    ;  66,510 ;     mV ;       ; 01:26:40
   2:54'08"39 ; DC    ;  66,500 ;     mV ;       ; 01:26:41
   2:54'08"70 ; DC    ;  66,520 ;     mV ;       ; 01:26:41
   2:54'08"98 ; DC    ;  66,530 ;     mV ;       ; 01:26:41
   2:54'09"28 ; DC    ;  66,520 ;     mV ;       ; 01:26:41
   2:54'09"57 ; DC    ;  66,520 ;     mV ;       ; 01:26:42
   2:54'09"85 ; DC    ;  66,530 ;     mV ;       ; 01:26:42
   2:54'10"11 ; DC    ;  66,530 ;     mV ;       ; 01:26:42
   2:54'10"43 ; DC    ;  66,510 ;     mV ;       ; 01:26:43
   2:54'10"73 ; DC    ;  66,510 ;     mV ;       ; 01:26:43
   2:54'11"01 ; DC    ;  66,500 ;     mV ;       ; 01:26:43
   2:54'11"31 ; DC    ;  66,510 ;     mV ;       ; 01:26:43
   2:54'11"62 ; DC    ;  66,500 ;     mV ;       ; 01:26:44
   2:54'11"92 ; DC    ;  66,500 ;     mV ;       ; 01:26:44
   2:54'12"25 ; DC    ;  66,510 ;     mV ;       ; 01:26:44
   2:54'12"53 ; DC    ;  66,510 ;     mV ;       ; 01:26:45
   2:54'12"82 ; DC    ;  66,510 ;     mV ;       ; 01:26:45
   2:54'13"10 ; DC    ;  66,510 ;     mV ;       ; 01:26:45
   2:54'13"42 ; DC    ;  66,520 ;     mV ;       ; 01:26:46
   2:54'13"71 ; DC    ;  66,520 ;     mV ;       ; 01:26:46
   2:54'14"01 ; DC    ;  66,500 ;     mV ;       ; 01:26:46
   2:54'14"29 ; DC    ;  66,510 ;     mV ;       ; 01:26:46
   2:54'14"59 ; DC    ;  66,510 ;     mV ;       ; 01:26:47
   2:54'14"95 ; DC    ;  66,490 ;     mV ;       ; 01:26:47
   2:54'15"26 ; DC    ;  66,520 ;     mV ;       ; 01:26:47
   2:54'15"55 ; DC    ;  66,520 ;     mV ;       ; 01:26:48
   2:54'15"85 ; DC    ;  66,490 ;     mV ;       ; 01:26:48
   2:54'16"14 ; DC    ;  66,500 ;     mV ;       ; 01:26:48
   2:54'16"43 ; DC    ;  66,500 ;     mV ;       ; 01:26:49
   2:54'16"73 ; DC    ;  66,500 ;     mV ;       ; 01:26:49
   2:54'17"02 ; DC    ;  66,490 ;     mV ;       ; 01:26:49
   2:54'17"31 ; DC    ;  66,500 ;     mV ;       ; 01:26:49
   2:54'17"59 ; DC    ;  66,500 ;     mV ;       ; 01:26:50
   2:54'17"89 ; DC    ;  66,490 ;     mV ;       ; 01:26:50
   2:54'18"19 ; DC    ;  66,490 ;     mV ;       ; 01:26:50
   2:54'18"53 ; DC    ;  66,490 ;     mV ;       ; 01:26:51
   2:54'18"81 ; DC    ;  66,490 ;     mV ;       ; 01:26:51
   2:54'19"11 ; DC    ;  66,490 ;     mV ;       ; 01:26:51
   2:54'19"41 ; DC    ;  66,490 ;     mV ;       ; 01:26:52
   2:54'19"72 ; DC    ;  66,490 ;     mV ;       ; 01:26:52
   2:54'20"03 ; DC    ;  66,470 ;     mV ;       ; 01:26:52
   2:54'20"32 ; DC    ;  66,480 ;     mV ;       ; 01:26:52
   2:54'20"66 ; DC    ;  66,490 ;     mV ;       ; 01:26:53
   2:54'20"96 ; DC    ;  66,490 ;     mV ;       ; 01:26:53
   2:54'21"26 ; DC    ;  66,490 ;     mV ;       ; 01:26:53
   2:54'21"54 ; DC    ;  66,490 ;     mV ;       ; 01:26:54
   2:54'21"83 ; DC    ;  66,490 ;     mV ;       ; 01:26:54
   2:54'22"13 ; DC    ;  66,480 ;     mV ;       ; 01:26:54
   2:54'22"43 ; DC    ;  66,490 ;     mV ;       ; 01:26:55
   2:54'22"71 ; DC    ;  66,490 ;     mV ;       ; 01:26:55
   2:54'22"97 ; DC    ;  66,490 ;     mV ;       ; 01:26:55
   2:54'23"26 ; DC    ;  66,450 ;     mV ;       ; 01:26:55
   2:54'23"55 ; DC    ;  66,450 ;     mV ;       ; 01:26:56
   2:54'23"86 ; DC    ;  66,460 ;     mV ;       ; 01:26:56
   2:54'24"17 ; DC    ;  66,470 ;     mV ;       ; 01:26:56
   2:54'24"49 ; DC    ;  66,500 ;     mV ;       ; 01:26:57
   2:54'24"77 ; DC    ;  66,480 ;     mV ;       ; 01:26:57
   2:54'25"05 ; DC    ;  66,490 ;     mV ;       ; 01:26:57
   2:54'25"35 ; DC    ;  66,490 ;     mV ;       ; 01:26:58
   2:54'25"66 ; DC    ;  66,500 ;     mV ;       ; 01:26:58
   2:54'26"00 ; DC    ;  66,480 ;     mV ;       ; 01:26:58
   2:54'26"33 ; DC    ;  66,480 ;     mV ;       ; 01:26:59
   2:54'26"64 ; DC    ;  66,490 ;     mV ;       ; 01:26:59
   2:54'26"93 ; DC    ;  66,480 ;     mV ;       ; 01:26:59
   2:54'27"23 ; DC    ;  66,480 ;     mV ;       ; 01:26:59
   2:54'27"51 ; DC    ;  66,470 ;     mV ;       ; 01:27:00
   2:54'27"84 ; DC    ;  66,470 ;     mV ;       ; 01:27:00
   2:54'28"13 ; DC    ;  66,440 ;     mV ;       ; 01:27:00
   2:54'28"42 ; DC    ;  66,470 ;     mV ;       ; 01:27:01
   2:54'28"73 ; DC    ;  66,470 ;     mV ;       ; 01:27:01
   2:54'29"06 ; DC    ;  66,470 ;     mV ;       ; 01:27:01
   2:54'29"38 ; DC    ;  66,480 ;     mV ;       ; 01:27:02
   2:54'29"68 ; DC    ;  66,470 ;     mV ;       ; 01:27:02
   2:54'29"98 ; DC    ;  66,480 ;     mV ;       ; 01:27:02
   2:54'30"37 ; DC    ;  66,480 ;     mV ;       ; 01:27:03
   2:54'30"68 ; DC    ;  66,490 ;     mV ;       ; 01:27:03
   2:54'30"99 ; DC    ;  66,480 ;     mV ;       ; 01:27:03
   2:54'31"31 ; DC    ;  66,470 ;     mV ;       ; 01:27:03
   2:54'31"61 ; DC    ;  66,470 ;     mV ;       ; 01:27:04
   2:54'31"91 ; DC    ;  66,480 ;     mV ;       ; 01:27:04
   2:54'32"21 ; DC    ;  66,490 ;     mV ;       ; 01:27:04
   2:54'32"53 ; DC    ;  66,480 ;     mV ;       ; 01:27:05
   2:54'32"82 ; DC    ;  66,470 ;     mV ;       ; 01:27:05
   2:54'33"08 ; DC    ;  66,480 ;     mV ;       ; 01:27:05
   2:54'33"38 ; DC    ;  66,480 ;     mV ;       ; 01:27:06
   2:54'33"67 ; DC    ;  66,490 ;     mV ;       ; 01:27:06
   2:54'33"97 ; DC    ;  66,480 ;     mV ;       ; 01:27:06
   2:54'34"25 ; DC    ;  66,490 ;     mV ;       ; 01:27:06
   2:54'34"54 ; DC    ;  66,500 ;     mV ;       ; 01:27:07
   2:54'34"82 ; DC    ;  66,500 ;     mV ;       ; 01:27:07
   2:54'35"08 ; DC    ;  66,490 ;     mV ;       ; 01:27:07
   2:54'35"35 ; DC    ;  66,500 ;     mV ;       ; 01:27:08
   2:54'35"64 ; DC    ;  66,500 ;     mV ;       ; 01:27:08
   2:54'35"92 ; DC    ;  66,480 ;     mV ;       ; 01:27:08
   2:54'36"20 ; DC    ;  66,480 ;     mV ;       ; 01:27:08
   2:54'36"48 ; DC    ;  66,470 ;     mV ;       ; 01:27:09
   2:54'36"74 ; DC    ;  66,470 ;     mV ;       ; 01:27:09
   2:54'37"05 ; DC    ;  66,510 ;     mV ;       ; 01:27:09
   2:54'37"33 ; DC    ;  66,490 ;     mV ;       ; 01:27:09
   2:54'37"63 ; DC    ;  66,480 ;     mV ;       ; 01:27:10
   2:54'37"94 ; DC    ;  66,470 ;     mV ;       ; 01:27:10
   2:54'38"23 ; DC    ;  66,480 ;     mV ;       ; 01:27:10
   2:54'38"51 ; DC    ;  66,490 ;     mV ;       ; 01:27:11
   2:54'38"79 ; DC    ;  66,490 ;     mV ;       ; 01:27:11
   2:54'39"07 ; DC    ;  66,480 ;     mV ;       ; 01:27:11
   2:54'39"38 ; DC    ;  66,480 ;     mV ;       ; 01:27:12
   2:54'39"66 ; DC    ;  66,490 ;     mV ;       ; 01:27:12
   2:54'39"93 ; DC    ;  66,490 ;     mV ;       ; 01:27:12
   2:54'40"20 ; DC    ;  66,480 ;     mV ;       ; 01:27:12
   2:54'40"48 ; DC    ;  66,490 ;     mV ;       ; 01:27:13
   2:54'40"77 ; DC    ;  66,500 ;     mV ;       ; 01:27:13
   2:54'41"05 ; DC    ;  66,490 ;     mV ;       ; 01:27:13
   2:54'41"35 ; DC    ;  66,480 ;     mV ;       ; 01:27:14
   2:54'41"62 ; DC    ;  66,490 ;     mV ;       ; 01:27:14
   2:54'41"90 ; DC    ;  66,480 ;     mV ;       ; 01:27:14
   2:54'42"18 ; DC    ;  66,480 ;     mV ;       ; 01:27:14
   2:54'42"46 ; DC    ;  66,490 ;     mV ;       ; 01:27:15
   2:54'42"75 ; DC    ;  66,500 ;     mV ;       ; 01:27:15
   2:54'43"02 ; DC    ;  66,510 ;     mV ;       ; 01:27:15
   2:54'43"29 ; DC    ;  66,500 ;     mV ;       ; 01:27:15
   2:54'43"59 ; DC    ;  66,480 ;     mV ;       ; 01:27:16
   2:54'43"87 ; DC    ;  66,480 ;     mV ;       ; 01:27:16
   2:54'44"17 ; DC    ;  66,490 ;     mV ;       ; 01:27:16
   2:54'44"48 ; DC    ;  66,500 ;     mV ;       ; 01:27:17
   2:54'44"76 ; DC    ;  66,490 ;     mV ;       ; 01:27:17
   2:54'45"03 ; DC    ;  66,490 ;     mV ;       ; 01:27:17
   2:54'45"33 ; DC    ;  66,500 ;     mV ;       ; 01:27:17
   2:54'45"61 ; DC    ;  66,510 ;     mV ;       ; 01:27:18
   2:54'45"89 ; DC    ;  66,500 ;     mV ;       ; 01:27:18
   2:54'46"17 ; DC    ;  66,510 ;     mV ;       ; 01:27:18
   2:54'46"43 ; DC    ;  66,480 ;     mV ;       ; 01:27:19
   2:54'46"71 ; DC    ;  66,490 ;     mV ;       ; 01:27:19
   2:54'46"99 ; DC    ;  66,480 ;     mV ;       ; 01:27:19
   2:54'47"29 ; DC    ;  66,480 ;     mV ;       ; 01:27:19
   2:54'47"57 ; DC    ;  66,490 ;     mV ;       ; 01:27:20
   2:54'47"86 ; DC    ;  66,510 ;     mV ;       ; 01:27:20
   2:54'48"16 ; DC    ;  66,480 ;     mV ;       ; 01:27:20
   2:54'48"45 ; DC    ;  66,480 ;     mV ;       ; 01:27:21
   2:54'48"73 ; DC    ;  66,480 ;     mV ;       ; 01:27:21
   2:54'49"01 ; DC    ;  66,500 ;     mV ;       ; 01:27:21
   2:54'49"29 ; DC    ;  66,490 ;     mV ;       ; 01:27:21
   2:54'49"57 ; DC    ;  66,500 ;     mV ;       ; 01:27:22
   2:54'49"86 ; DC    ;  66,480 ;     mV ;       ; 01:27:22
   2:54'50"13 ; DC    ;  66,490 ;     mV ;       ; 01:27:22
   2:54'50"43 ; DC    ;  66,480 ;     mV ;       ; 01:27:23
   2:54'50"71 ; DC    ;  66,480 ;     mV ;       ; 01:27:23
   2:54'51"02 ; DC    ;  66,480 ;     mV ;       ; 01:27:23
   2:54'51"31 ; DC    ;  66,480 ;     mV ;       ; 01:27:23
   2:54'51"59 ; DC    ;  66,490 ;     mV ;       ; 01:27:24
   2:54'51"88 ; DC    ;  66,490 ;     mV ;       ; 01:27:24
   2:54'52"21 ; DC    ;  66,490 ;     mV ;       ; 01:27:24
   2:54'52"57 ; DC    ;  66,500 ;     mV ;       ; 01:27:25
   2:54'52"86 ; DC    ;  66,500 ;     mV ;       ; 01:27:25
   2:54'53"13 ; DC    ;  66,490 ;     mV ;       ; 01:27:25
   2:54'53"41 ; DC    ;  66,510 ;     mV ;       ; 01:27:26
   2:54'53"68 ; DC    ;  66,510 ;     mV ;       ; 01:27:26
   2:54'53"98 ; DC    ;  66,500 ;     mV ;       ; 01:27:26
   2:54'54"24 ; DC    ;  66,500 ;     mV ;       ; 01:27:26
   2:54'54"53 ; DC    ;  66,500 ;     mV ;       ; 01:27:27
   2:54'54"80 ; DC    ;  66,510 ;     mV ;       ; 01:27:27
   2:54'55"09 ; DC    ;  66,510 ;     mV ;       ; 01:27:27
   2:54'55"37 ; DC    ;  66,530 ;     mV ;       ; 01:27:28
   2:54'55"64 ; DC    ;  66,530 ;     mV ;       ; 01:27:28
   2:54'55"91 ; DC    ;  66,520 ;     mV ;       ; 01:27:28
   2:54'56"19 ; DC    ;  66,520 ;     mV ;       ; 01:27:28
   2:54'56"47 ; DC    ;  66,530 ;     mV ;       ; 01:27:29
   2:54'56"75 ; DC    ;  66,510 ;     mV ;       ; 01:27:29
   2:54'57"03 ; DC    ;  66,510 ;     mV ;       ; 01:27:29
   2:54'57"29 ; DC    ;  66,510 ;     mV ;       ; 01:27:29
   2:54'57"58 ; DC    ;  66,510 ;     mV ;       ; 01:27:30
   2:54'57"86 ; DC    ;  66,510 ;     mV ;       ; 01:27:30
   2:54'58"14 ; DC    ;  66,520 ;     mV ;       ; 01:27:30
   2:54'58"42 ; DC    ;  66,520 ;     mV ;       ; 01:27:31
   2:54'58"71 ; DC    ;  66,510 ;     mV ;       ; 01:27:31
   2:54'58"99 ; DC    ;  66,510 ;     mV ;       ; 01:27:31
   2:54'59"28 ; DC    ;  66,510 ;     mV ;       ; 01:27:31
   2:54'59"56 ; DC    ;  66,500 ;     mV ;       ; 01:27:32
   2:54'59"84 ; DC    ;  66,500 ;     mV ;       ; 01:27:32
   2:55'00"10 ; DC    ;  66,520 ;     mV ;       ; 01:27:32
   2:55'00"36 ; DC    ;  66,520 ;     mV ;       ; 01:27:33
   2:55'00"64 ; DC    ;  66,520 ;     mV ;       ; 01:27:33
   2:55'00"92 ; DC    ;  66,520 ;     mV ;       ; 01:27:33
   2:55'01"20 ; DC    ;  66,520 ;     mV ;       ; 01:27:33
   2:55'01"49 ; DC    ;  66,510 ;     mV ;       ; 01:27:34
   2:55'01"85 ; DC    ;  66,500 ;     mV ;       ; 01:27:34
   2:55'02"13 ; DC    ;  66,500 ;     mV ;       ; 01:27:34
   2:55'02"45 ; DC    ;  66,510 ;     mV ;       ; 01:27:35
   2:55'02"73 ; DC    ;  66,510 ;     mV ;       ; 01:27:35
   2:55'03"02 ; DC    ;  66,510 ;     mV ;       ; 01:27:35
   2:55'03"29 ; DC    ;  66,520 ;     mV ;       ; 01:27:35
   2:55'03"57 ; DC    ;  66,500 ;     mV ;       ; 01:27:36
   2:55'03"88 ; DC    ;  66,510 ;     mV ;       ; 01:27:36
   2:55'04"16 ; DC    ;  66,490 ;     mV ;       ; 01:27:36
   2:55'04"46 ; DC    ;  66,490 ;     mV ;       ; 01:27:37
   2:55'04"72 ; DC    ;  66,500 ;     mV ;       ; 01:27:37
   2:55'05"04 ; DC    ;  66,500 ;     mV ;       ; 01:27:37
   2:55'05"34 ; DC    ;  66,500 ;     mV ;       ; 01:27:38
   2:55'05"65 ; DC    ;  66,500 ;     mV ;       ; 01:27:38
   2:55'05"96 ; DC    ;  66,480 ;     mV ;       ; 01:27:38
   2:55'06"26 ; DC    ;  66,490 ;     mV ;       ; 01:27:38
   2:55'06"56 ; DC    ;  66,490 ;     mV ;       ; 01:27:39
   2:55'06"88 ; DC    ;  66,480 ;     mV ;       ; 01:27:39
   2:55'07"14 ; DC    ;  66,470 ;     mV ;       ; 01:27:39
   2:55'07"42 ; DC    ;  66,490 ;     mV ;       ; 01:27:40
   2:55'07"72 ; DC    ;  66,490 ;     mV ;       ; 01:27:40
   2:55'07"99 ; DC    ;  66,490 ;     mV ;       ; 01:27:40
   2:55'08"28 ; DC    ;  66,490 ;     mV ;       ; 01:27:40
   2:55'08"57 ; DC    ;  66,490 ;     mV ;       ; 01:27:41
   2:55'08"84 ; DC    ;  66,490 ;     mV ;       ; 01:27:41
   2:55'09"14 ; DC    ;  66,480 ;     mV ;       ; 01:27:41
   2:55'09"41 ; DC    ;  66,480 ;     mV ;       ; 01:27:42
   2:55'09"68 ; DC    ;  66,480 ;     mV ;       ; 01:27:42
   2:55'09"94 ; DC    ;  66,500 ;     mV ;       ; 01:27:42
   2:55'10"24 ; DC    ;  66,480 ;     mV ;       ; 01:27:42
   2:55'10"51 ; DC    ;  66,490 ;     mV ;       ; 01:27:43
   2:55'10"79 ; DC    ;  66,500 ;     mV ;       ; 01:27:43
   2:55'11"07 ; DC    ;  66,490 ;     mV ;       ; 01:27:43
   2:55'11"35 ; DC    ;  66,470 ;     mV ;       ; 01:27:44
   2:55'11"62 ; DC    ;  66,480 ;     mV ;       ; 01:27:44
   2:55'11"88 ; DC    ;  66,480 ;     mV ;       ; 01:27:44
   2:55'12"18 ; DC    ;  66,470 ;     mV ;       ; 01:27:44
   2:55'12"46 ; DC    ;  66,470 ;     mV ;       ; 01:27:45
   2:55'12"73 ; DC    ;  66,470 ;     mV ;       ; 01:27:45
   2:55'13"02 ; DC    ;  66,470 ;     mV ;       ; 01:27:45
   2:55'13"30 ; DC    ;  66,490 ;     mV ;       ; 01:27:45
   2:55'13"60 ; DC    ;  66,490 ;     mV ;       ; 01:27:46
   2:55'13"86 ; DC    ;  66,490 ;     mV ;       ; 01:27:46
   2:55'14"13 ; DC    ;  66,500 ;     mV ;       ; 01:27:46
   2:55'14"41 ; DC    ;  66,490 ;     mV ;       ; 01:27:47
   2:55'14"71 ; DC    ;  66,480 ;     mV ;       ; 01:27:47
   2:55'14"99 ; DC    ;  66,490 ;     mV ;       ; 01:27:47
   2:55'15"30 ; DC    ;  66,500 ;     mV ;       ; 01:27:47
   2:55'15"61 ; DC    ;  66,500 ;     mV ;       ; 01:27:48
   2:55'15"91 ; DC    ;  66,510 ;     mV ;       ; 01:27:48
   2:55'16"22 ; DC    ;  66,500 ;     mV ;       ; 01:27:48
   2:55'16"50 ; DC    ;  66,500 ;     mV ;       ; 01:27:49
   2:55'16"82 ; DC    ;  66,480 ;     mV ;       ; 01:27:49
   2:55'17"14 ; DC    ;  66,500 ;     mV ;       ; 01:27:49
   2:55'17"42 ; DC    ;  66,480 ;     mV ;       ; 01:27:50
   2:55'17"73 ; DC    ;  66,520 ;     mV ;       ; 01:27:50
   2:55'18"02 ; DC    ;  66,500 ;     mV ;       ; 01:27:50
   2:55'18"31 ; DC    ;  66,470 ;     mV ;       ; 01:27:50
   2:55'18"58 ; DC    ;  66,460 ;     mV ;       ; 01:27:51
   2:55'18"88 ; DC    ;  66,480 ;     mV ;       ; 01:27:51
   2:55'19"18 ; DC    ;  66,480 ;     mV ;       ; 01:27:51
   2:55'19"46 ; DC    ;  66,480 ;     mV ;       ; 01:27:52
   2:55'19"76 ; DC    ;  66,490 ;     mV ;       ; 01:27:52
   2:55'20"05 ; DC    ;  66,480 ;     mV ;       ; 01:27:52
   2:55'20"34 ; DC    ;  66,480 ;     mV ;       ; 01:27:53
   2:55'20"62 ; DC    ;  66,480 ;     mV ;       ; 01:27:53
   2:55'20"90 ; DC    ;  66,480 ;     mV ;       ; 01:27:53
   2:55'21"16 ; DC    ;  66,470 ;     mV ;       ; 01:27:53
   2:55'21"45 ; DC    ;  66,470 ;     mV ;       ; 01:27:54
   2:55'21"73 ; DC    ;  66,460 ;     mV ;       ; 01:27:54
   2:55'21"99 ; DC    ;  66,450 ;     mV ;       ; 01:27:54
   2:55'22"27 ; DC    ;  66,460 ;     mV ;       ; 01:27:54
   2:55'22"55 ; DC    ;  66,480 ;     mV ;       ; 01:27:55
   2:55'22"82 ; DC    ;  66,590 ;     mV ;       ; 01:27:55
   2:55'23"10 ; DC    ;  66,630 ;     mV ;       ; 01:27:55
   2:55'23"40 ; DC    ;  66,610 ;     mV ;       ; 01:27:56
   2:55'23"69 ; DC    ;  66,550 ;     mV ;       ; 01:27:56
   2:55'23"96 ; DC    ;  66,450 ;     mV ;       ; 01:27:56
   2:55'24"24 ; DC    ;  66,430 ;     mV ;       ; 01:27:56
   2:55'24"52 ; DC    ;  66,430 ;     mV ;       ; 01:27:57
   2:55'24"80 ; DC    ;  66,430 ;     mV ;       ; 01:27:57
   2:55'25"11 ; DC    ;  66,430 ;     mV ;       ; 01:27:57
   2:55'25"41 ; DC    ;  66,440 ;     mV ;       ; 01:27:58
   2:55'25"69 ; DC    ;  66,450 ;     mV ;       ; 01:27:58
   2:55'25"98 ; DC    ;  66,450 ;     mV ;       ; 01:27:58
   2:55'26"35 ; DC    ;  66,460 ;     mV ;       ; 01:27:59
   2:55'26"67 ; DC    ;  66,450 ;     mV ;       ; 01:27:59
   2:55'26"96 ; DC    ;  66,460 ;     mV ;       ; 01:27:59
   2:55'27"23 ; DC    ;  66,480 ;     mV ;       ; 01:27:59
   2:55'27"62 ; DC    ;  66,460 ;     mV ;       ; 01:28:00
   2:55'27"93 ; DC    ;  66,450 ;     mV ;       ; 01:28:00
   2:55'28"22 ; DC    ;  66,470 ;     mV ;       ; 01:28:00
   2:55'28"50 ; DC    ;  66,470 ;     mV ;       ; 01:28:01
   2:55'28"79 ; DC    ;  66,480 ;     mV ;       ; 01:28:01
   2:55'29"09 ; DC    ;  66,460 ;     mV ;       ; 01:28:01
   2:55'29"38 ; DC    ;  66,450 ;     mV ;       ; 01:28:02
   2:55'29"66 ; DC    ;  66,440 ;     mV ;       ; 01:28:02
   2:55'29"94 ; DC    ;  66,460 ;     mV ;       ; 01:28:02
   2:55'30"21 ; DC    ;  66,460 ;     mV ;       ; 01:28:02
   2:55'30"53 ; DC    ;  66,440 ;     mV ;       ; 01:28:03
   2:55'30"82 ; DC    ;  66,440 ;     mV ;       ; 01:28:03
   2:55'31"19 ; DC    ;  66,470 ;     mV ;       ; 01:28:03
   2:55'31"50 ; DC    ;  66,450 ;     mV ;       ; 01:28:04
   2:55'31"78 ; DC    ;  66,450 ;     mV ;       ; 01:28:04
   2:55'32"09 ; DC    ;  66,430 ;     mV ;       ; 01:28:04
   2:55'32"38 ; DC    ;  66,430 ;     mV ;       ; 01:28:05
   2:55'32"69 ; DC    ;  66,440 ;     mV ;       ; 01:28:05
   2:55'32"97 ; DC    ;  66,430 ;     mV ;       ; 01:28:05
   2:55'33"26 ; DC    ;  66,430 ;     mV ;       ; 01:28:05
   2:55'33"58 ; DC    ;  66,470 ;     mV ;       ; 01:28:06
   2:55'33"87 ; DC    ;  66,460 ;     mV ;       ; 01:28:06
   2:55'34"17 ; DC    ;  66,460 ;     mV ;       ; 01:28:06
   2:55'34"44 ; DC    ;  66,440 ;     mV ;       ; 01:28:07
   2:55'34"76 ; DC    ;  66,440 ;     mV ;       ; 01:28:07
   2:55'35"05 ; DC    ;  66,440 ;     mV ;       ; 01:28:07
   2:55'35"36 ; DC    ;  66,560 ;     mV ;       ; 01:28:08
   2:55'35"65 ; DC    ;  66,590 ;     mV ;       ; 01:28:08
   2:55'35"93 ; DC    ;  66,600 ;     mV ;       ; 01:28:08
   2:55'36"23 ; DC    ;  66,610 ;     mV ;       ; 01:28:08
   2:55'36"52 ; DC    ;  66,600 ;     mV ;       ; 01:28:09
   2:55'36"87 ; DC    ;  66,590 ;     mV ;       ; 01:28:09
   2:55'37"17 ; DC    ;  66,590 ;     mV ;       ; 01:28:09
   2:55'37"46 ; DC    ;  66,600 ;     mV ;       ; 01:28:10
   2:55'37"74 ; DC    ;  66,600 ;     mV ;       ; 01:28:10
   2:55'38"01 ; DC    ;  66,590 ;     mV ;       ; 01:28:10
   2:55'38"33 ; DC    ;  66,590 ;     mV ;       ; 01:28:11
   2:55'38"60 ; DC    ;  66,590 ;     mV ;       ; 01:28:11
   2:55'38"90 ; DC    ;  66,580 ;     mV ;       ; 01:28:11
   2:55'39"20 ; DC    ;  66,580 ;     mV ;       ; 01:28:11
   2:55'39"56 ; DC    ;  66,590 ;     mV ;       ; 01:28:12
   2:55'39"86 ; DC    ;  66,590 ;     mV ;       ; 01:28:12
   2:55'40"22 ; DC    ;  66,600 ;     mV ;       ; 01:28:12
   2:55'40"49 ; DC    ;  66,590 ;     mV ;       ; 01:28:13
   2:55'40"77 ; DC    ;  66,600 ;     mV ;       ; 01:28:13
   2:55'41"06 ; DC    ;  66,590 ;     mV ;       ; 01:28:13
   2:55'41"34 ; DC    ;  66,580 ;     mV ;       ; 01:28:14
   2:55'41"60 ; DC    ;  66,500 ;     mV ;       ; 01:28:14
   2:55'41"88 ; DC    ;  66,500 ;     mV ;       ; 01:28:14
   2:55'42"15 ; DC    ;  66,410 ;     mV ;       ; 01:28:14
   2:55'42"46 ; DC    ;  66,410 ;     mV ;       ; 01:28:15
   2:55'42"78 ; DC    ;  66,420 ;     mV ;       ; 01:28:15
   2:55'43"06 ; DC    ;  66,440 ;     mV ;       ; 01:28:15
   2:55'43"32 ; DC    ;  66,440 ;     mV ;       ; 01:28:15
   2:55'43"58 ; DC    ;  66,440 ;     mV ;       ; 01:28:16
   2:55'43"88 ; DC    ;  66,440 ;     mV ;       ; 01:28:16
   2:55'44"21 ; DC    ;  66,440 ;     mV ;       ; 01:28:16
   2:55'44"49 ; DC    ;  66,450 ;     mV ;       ; 01:28:17
   2:55'44"77 ; DC    ;  66,500 ;     mV ;       ; 01:28:17
   2:55'45"06 ; DC    ;  66,500 ;     mV ;       ; 01:28:17
   2:55'45"35 ; DC    ;  66,570 ;     mV ;       ; 01:28:18
   2:55'45"63 ; DC    ;  66,560 ;     mV ;       ; 01:28:18
   2:55'45"91 ; DC    ;  66,560 ;     mV ;       ; 01:28:18
   2:55'46"18 ; DC    ;  66,560 ;     mV ;       ; 01:28:18
   2:55'46"46 ; DC    ;  66,570 ;     mV ;       ; 01:28:19
   2:55'46"75 ; DC    ;  66,560 ;     mV ;       ; 01:28:19
   2:55'47"04 ; DC    ;  66,570 ;     mV ;       ; 01:28:19
   2:55'47"32 ; DC    ;  66,580 ;     mV ;       ; 01:28:19
   2:55'47"60 ; DC    ;  66,590 ;     mV ;       ; 01:28:20
   2:55'47"86 ; DC    ;  66,600 ;     mV ;       ; 01:28:20
   2:55'48"16 ; DC    ;  66,600 ;     mV ;       ; 01:28:20
   2:55'48"48 ; DC    ;  66,600 ;     mV ;       ; 01:28:21
   2:55'48"77 ; DC    ;  66,600 ;     mV ;       ; 01:28:21
   2:55'49"05 ; DC    ;  66,610 ;     mV ;       ; 01:28:21
   2:55'49"35 ; DC    ;  66,600 ;     mV ;       ; 01:28:22
   2:55'49"70 ; DC    ;  66,600 ;     mV ;       ; 01:28:22
   2:55'50"01 ; DC    ;  66,590 ;     mV ;       ; 01:28:22
   2:55'50"32 ; DC    ;  66,600 ;     mV ;       ; 01:28:22
   2:55'50"64 ; DC    ;  66,600 ;     mV ;       ; 01:28:23
   2:55'51"00 ; DC    ;  66,590 ;     mV ;       ; 01:28:23
   2:55'51"32 ; DC    ;  66,590 ;     mV ;       ; 01:28:23
   2:55'51"60 ; DC    ;  66,580 ;     mV ;       ; 01:28:24
   2:55'51"89 ; DC    ;  66,580 ;     mV ;       ; 01:28:24
   2:55'52"17 ; DC    ;  66,580 ;     mV ;       ; 01:28:24
   2:55'52"45 ; DC    ;  66,580 ;     mV ;       ; 01:28:25
   2:55'52"82 ; DC    ;  66,590 ;     mV ;       ; 01:28:25
   2:55'53"12 ; DC    ;  66,570 ;     mV ;       ; 01:28:25
   2:55'53"42 ; DC    ;  66,570 ;     mV ;       ; 01:28:26
   2:55'53"72 ; DC    ;  66,570 ;     mV ;       ; 01:28:26
   2:55'53"99 ; DC    ;  66,580 ;     mV ;       ; 01:28:26
   2:55'54"28 ; DC    ;  66,580 ;     mV ;       ; 01:28:26
   2:55'54"57 ; DC    ;  66,590 ;     mV ;       ; 01:28:27
   2:55'54"87 ; DC    ;  66,570 ;     mV ;       ; 01:28:27
   2:55'55"17 ; DC    ;  66,570 ;     mV ;       ; 01:28:27
   2:55'55"47 ; DC    ;  66,560 ;     mV ;       ; 01:28:28
   2:55'55"77 ; DC    ;  66,560 ;     mV ;       ; 01:28:28
   2:55'56"07 ; DC    ;  66,570 ;     mV ;       ; 01:28:28
   2:55'56"38 ; DC    ;  66,580 ;     mV ;       ; 01:28:29
   2:55'56"72 ; DC    ;  66,560 ;     mV ;       ; 01:28:29
   2:55'57"03 ; DC    ;  66,570 ;     mV ;       ; 01:28:29
   2:55'57"30 ; DC    ;  66,590 ;     mV ;       ; 01:28:29
   2:55'57"60 ; DC    ;  66,580 ;     mV ;       ; 01:28:30
   2:55'57"89 ; DC    ;  66,580 ;     mV ;       ; 01:28:30
   2:55'58"18 ; DC    ;  66,570 ;     mV ;       ; 01:28:30
   2:55'58"50 ; DC    ;  66,580 ;     mV ;       ; 01:28:31
   2:55'58"81 ; DC    ;  66,580 ;     mV ;       ; 01:28:31
   2:55'59"10 ; DC    ;  66,580 ;     mV ;       ; 01:28:31
   2:55'59"38 ; DC    ;  66,570 ;     mV ;       ; 01:28:32
   2:55'59"68 ; DC    ;  66,570 ;     mV ;       ; 01:28:32
   2:56'00"00 ; DC    ;  66,570 ;     mV ;       ; 01:28:32
   2:56'00"29 ; DC    ;  66,580 ;     mV ;       ; 01:28:32
   2:56'00"62 ; DC    ;  66,570 ;     mV ;       ; 01:28:33
   2:56'00"90 ; DC    ;  66,570 ;     mV ;       ; 01:28:33
   2:56'01"17 ; DC    ;  66,570 ;     mV ;       ; 01:28:33
   2:56'01"45 ; DC    ;  66,560 ;     mV ;       ; 01:28:34
   2:56'01"75 ; DC    ;  66,560 ;     mV ;       ; 01:28:34
   2:56'02"05 ; DC    ;  66,570 ;     mV ;       ; 01:28:34
   2:56'02"33 ; DC    ;  66,570 ;     mV ;       ; 01:28:35
   2:56'02"66 ; DC    ;  66,580 ;     mV ;       ; 01:28:35
   2:56'02"96 ; DC    ;  66,580 ;     mV ;       ; 01:28:35
   2:56'03"27 ; DC    ;  66,570 ;     mV ;       ; 01:28:35
   2:56'03"57 ; DC    ;  66,560 ;     mV ;       ; 01:28:36
   2:56'03"90 ; DC    ;  66,570 ;     mV ;       ; 01:28:36
   2:56'04"26 ; DC    ;  66,570 ;     mV ;       ; 01:28:36
   2:56'04"56 ; DC    ;  66,570 ;     mV ;       ; 01:28:37
   2:56'04"86 ; DC    ;  66,560 ;     mV ;       ; 01:28:37
   2:56'05"15 ; DC    ;  66,580 ;     mV ;       ; 01:28:37
   2:56'05"44 ; DC    ;  66,570 ;     mV ;       ; 01:28:38
   2:56'05"74 ; DC    ;  66,580 ;     mV ;       ; 01:28:38
   2:56'06"04 ; DC    ;  66,570 ;     mV ;       ; 01:28:38
   2:56'06"33 ; DC    ;  66,570 ;     mV ;       ; 01:28:38
   2:56'06"61 ; DC    ;  66,590 ;     mV ;       ; 01:28:39
   2:56'06"89 ; DC    ;  66,590 ;     mV ;       ; 01:28:39
   2:56'07"16 ; DC    ;  66,580 ;     mV ;       ; 01:28:39
   2:56'07"43 ; DC    ;  66,580 ;     mV ;       ; 01:28:40
   2:56'07"72 ; DC    ;  66,580 ;     mV ;       ; 01:28:40
   2:56'07"99 ; DC    ;  66,570 ;     mV ;       ; 01:28:40
   2:56'08"27 ; DC    ;  66,570 ;     mV ;       ; 01:28:40
   2:56'08"56 ; DC    ;  66,570 ;     mV ;       ; 01:28:41
   2:56'08"85 ; DC    ;  66,580 ;     mV ;       ; 01:28:41
   2:56'09"13 ; DC    ;  66,580 ;     mV ;       ; 01:28:41
   2:56'09"40 ; DC    ;  66,570 ;     mV ;       ; 01:28:42
   2:56'09"68 ; DC    ;  66,560 ;     mV ;       ; 01:28:42
   2:56'09"97 ; DC    ;  66,560 ;     mV ;       ; 01:28:42
   2:56'10"27 ; DC    ;  66,560 ;     mV ;       ; 01:28:42
   2:56'10"56 ; DC    ;  66,560 ;     mV ;       ; 01:28:43
   2:56'10"84 ; DC    ;  66,550 ;     mV ;       ; 01:28:43
   2:56'11"12 ; DC    ;  66,560 ;     mV ;       ; 01:28:43
   2:56'11"42 ; DC    ;  66,560 ;     mV ;       ; 01:28:44
   2:56'11"71 ; DC    ;  66,550 ;     mV ;       ; 01:28:44
   2:56'11"99 ; DC    ;  66,560 ;     mV ;       ; 01:28:44
   2:56'12"26 ; DC    ;  66,550 ;     mV ;       ; 01:28:44
   2:56'12"56 ; DC    ;  66,540 ;     mV ;       ; 01:28:45
   2:56'12"86 ; DC    ;  66,540 ;     mV ;       ; 01:28:45
   2:56'13"16 ; DC    ;  66,550 ;     mV ;       ; 01:28:45
   2:56'13"48 ; DC    ;  66,550 ;     mV ;       ; 01:28:46
   2:56'13"76 ; DC    ;  66,540 ;     mV ;       ; 01:28:46
   2:56'14"04 ; DC    ;  66,550 ;     mV ;       ; 01:28:46
   2:56'14"33 ; DC    ;  66,550 ;     mV ;       ; 01:28:47
   2:56'14"63 ; DC    ;  66,560 ;     mV ;       ; 01:28:47
   2:56'14"93 ; DC    ;  66,560 ;     mV ;       ; 01:28:47
   2:56'15"21 ; DC    ;  66,550 ;     mV ;       ; 01:28:47
   2:56'15"51 ; DC    ;  66,550 ;     mV ;       ; 01:28:48
   2:56'15"80 ; DC    ;  66,550 ;     mV ;       ; 01:28:48
   2:56'16"11 ; DC    ;  66,560 ;     mV ;       ; 01:28:48
   2:56'16"44 ; DC    ;  66,560 ;     mV ;       ; 01:28:49
   2:56'16"74 ; DC    ;  66,570 ;     mV ;       ; 01:28:49
   2:56'17"03 ; DC    ;  66,560 ;     mV ;       ; 01:28:49
   2:56'17"32 ; DC    ;  66,570 ;     mV ;       ; 01:28:49
   2:56'17"62 ; DC    ;  66,550 ;     mV ;       ; 01:28:50
   2:56'17"92 ; DC    ;  66,550 ;     mV ;       ; 01:28:50
   2:56'18"21 ; DC    ;  66,560 ;     mV ;       ; 01:28:50
   2:56'18"51 ; DC    ;  66,550 ;     mV ;       ; 01:28:51
   2:56'18"80 ; DC    ;  66,560 ;     mV ;       ; 01:28:51
   2:56'19"13 ; DC    ;  66,550 ;     mV ;       ; 01:28:51
   2:56'19"42 ; DC    ;  66,550 ;     mV ;       ; 01:28:52
   2:56'19"71 ; DC    ;  66,550 ;     mV ;       ; 01:28:52
   2:56'19"98 ; DC    ;  66,530 ;     mV ;       ; 01:28:52
   2:56'20"26 ; DC    ;  66,530 ;     mV ;       ; 01:28:52
   2:56'20"54 ; DC    ;  66,530 ;     mV ;       ; 01:28:53
   2:56'20"85 ; DC    ;  66,550 ;     mV ;       ; 01:28:53
   2:56'21"16 ; DC    ;  66,560 ;     mV ;       ; 01:28:53
   2:56'21"46 ; DC    ;  66,560 ;     mV ;       ; 01:28:54
   2:56'21"76 ; DC    ;  66,560 ;     mV ;       ; 01:28:54
   2:56'22"06 ; DC    ;  66,560 ;     mV ;       ; 01:28:54
   2:56'22"34 ; DC    ;  66,570 ;     mV ;       ; 01:28:55
   2:56'22"64 ; DC    ;  66,570 ;     mV ;       ; 01:28:55
   2:56'22"93 ; DC    ;  66,560 ;     mV ;       ; 01:28:55
   2:56'23"22 ; DC    ;  66,580 ;     mV ;       ; 01:28:55
   2:56'23"50 ; DC    ;  66,570 ;     mV ;       ; 01:28:56
   2:56'23"78 ; DC    ;  66,570 ;     mV ;       ; 01:28:56
   2:56'24"06 ; DC    ;  66,580 ;     mV ;       ; 01:28:56
   2:56'24"34 ; DC    ;  66,590 ;     mV ;       ; 01:28:57
   2:56'24"63 ; DC    ;  66,590 ;     mV ;       ; 01:28:57
   2:56'24"90 ; DC    ;  66,560 ;     mV ;       ; 01:28:57
   2:56'25"19 ; DC    ;  66,590 ;     mV ;       ; 01:28:57
   2:56'25"49 ; DC    ;  66,590 ;     mV ;       ; 01:28:58
   2:56'25"79 ; DC    ;  66,600 ;     mV ;       ; 01:28:58
   2:56'26"08 ; DC    ;  66,600 ;     mV ;       ; 01:28:58
   2:56'26"36 ; DC    ;  66,600 ;     mV ;       ; 01:28:59
   2:56'26"63 ; DC    ;  66,600 ;     mV ;       ; 01:28:59
   2:56'26"93 ; DC    ;  66,590 ;     mV ;       ; 01:28:59
   2:56'27"25 ; DC    ;  66,610 ;     mV ;       ; 01:28:59
   2:56'27"54 ; DC    ;  66,600 ;     mV ;       ; 01:29:00
   2:56'27"83 ; DC    ;  66,600 ;     mV ;       ; 01:29:00
   2:56'28"11 ; DC    ;  66,590 ;     mV ;       ; 01:29:00
   2:56'28"40 ; DC    ;  66,600 ;     mV ;       ; 01:29:01
   2:56'28"70 ; DC    ;  66,600 ;     mV ;       ; 01:29:01
   2:56'28"98 ; DC    ;  66,570 ;     mV ;       ; 01:29:01
   2:56'29"28 ; DC    ;  66,570 ;     mV ;       ; 01:29:01
   2:56'29"58 ; DC    ;  66,590 ;     mV ;       ; 01:29:02
   2:56'29"91 ; DC    ;  66,590 ;     mV ;       ; 01:29:02
   2:56'30"19 ; DC    ;  66,600 ;     mV ;       ; 01:29:02
   2:56'30"48 ; DC    ;  66,600 ;     mV ;       ; 01:29:03
   2:56'30"78 ; DC    ;  66,610 ;     mV ;       ; 01:29:03
   2:56'31"06 ; DC    ;  66,610 ;     mV ;       ; 01:29:03
   2:56'31"33 ; DC    ;  66,600 ;     mV ;       ; 01:29:03
   2:56'31"61 ; DC    ;  66,600 ;     mV ;       ; 01:29:04
   2:56'31"91 ; DC    ;  66,610 ;     mV ;       ; 01:29:04
   2:56'32"22 ; DC    ;  66,600 ;     mV ;       ; 01:29:04
   2:56'32"54 ; DC    ;  66,620 ;     mV ;       ; 01:29:05
   2:56'32"82 ; DC    ;  66,620 ;     mV ;       ; 01:29:05
   2:56'33"09 ; DC    ;  66,620 ;     mV ;       ; 01:29:05
   2:56'33"38 ; DC    ;  66,630 ;     mV ;       ; 01:29:06
   2:56'33"68 ; DC    ;  66,620 ;     mV ;       ; 01:29:06
   2:56'33"99 ; DC    ;  66,630 ;     mV ;       ; 01:29:06
   2:56'34"34 ; DC    ;  66,630 ;     mV ;       ; 01:29:07
   2:56'34"64 ; DC    ;  66,630 ;     mV ;       ; 01:29:07
   2:56'34"94 ; DC    ;  66,620 ;     mV ;       ; 01:29:07
   2:56'35"22 ; DC    ;  66,610 ;     mV ;       ; 01:29:07
   2:56'35"49 ; DC    ;  66,610 ;     mV ;       ; 01:29:08
   2:56'35"76 ; DC    ;  66,600 ;     mV ;       ; 01:29:08
   2:56'36"06 ; DC    ;  66,610 ;     mV ;       ; 01:29:08
   2:56'36"35 ; DC    ;  66,620 ;     mV ;       ; 01:29:09
   2:56'36"63 ; DC    ;  66,620 ;     mV ;       ; 01:29:09
   2:56'36"90 ; DC    ;  66,630 ;     mV ;       ; 01:29:09
   2:56'37"21 ; DC    ;  66,630 ;     mV ;       ; 01:29:09
   2:56'37"51 ; DC    ;  66,620 ;     mV ;       ; 01:29:10
   2:56'37"81 ; DC    ;  66,620 ;     mV ;       ; 01:29:10
   2:56'38"25 ; DC    ;  66,620 ;     mV ;       ; 01:29:10
   2:56'38"62 ; DC    ;  66,630 ;     mV ;       ; 01:29:11
   2:56'38"93 ; DC    ;  66,620 ;     mV ;       ; 01:29:11
   2:56'39"25 ; DC    ;  66,620 ;     mV ;       ; 01:29:11
   2:56'39"52 ; DC    ;  66,630 ;     mV ;       ; 01:29:12
   2:56'39"82 ; DC    ;  66,630 ;     mV ;       ; 01:29:12
   2:56'40"13 ; DC    ;  66,630 ;     mV ;       ; 01:29:12
   2:56'40"41 ; DC    ;  66,600 ;     mV ;       ; 01:29:13
   2:56'40"77 ; DC    ;  66,600 ;     mV ;       ; 01:29:13
   2:56'41"05 ; DC    ;  66,610 ;     mV ;       ; 01:29:13
   2:56'41"36 ; DC    ;  66,630 ;     mV ;       ; 01:29:14
   2:56'41"66 ; DC    ;  66,640 ;     mV ;       ; 01:29:14
   2:56'41"95 ; DC    ;  66,640 ;     mV ;       ; 01:29:14
   2:56'42"26 ; DC    ;  66,650 ;     mV ;       ; 01:29:14
   2:56'42"56 ; DC    ;  66,640 ;     mV ;       ; 01:29:15
   2:56'42"86 ; DC    ;  66,650 ;     mV ;       ; 01:29:15
   2:56'43"16 ; DC    ;  66,650 ;     mV ;       ; 01:29:15
   2:56'43"46 ; DC    ;  66,660 ;     mV ;       ; 01:29:16
   2:56'43"76 ; DC    ;  66,640 ;     mV ;       ; 01:29:16
   2:56'44"06 ; DC    ;  66,640 ;     mV ;       ; 01:29:16
   2:56'44"37 ; DC    ;  66,650 ;     mV ;       ; 01:29:17
   2:56'44"67 ; DC    ;  66,640 ;     mV ;       ; 01:29:17
   2:56'44"96 ; DC    ;  66,650 ;     mV ;       ; 01:29:17
   2:56'45"27 ; DC    ;  66,640 ;     mV ;       ; 01:29:17
   2:56'45"54 ; DC    ;  66,640 ;     mV ;       ; 01:29:18
   2:56'45"81 ; DC    ;  66,630 ;     mV ;       ; 01:29:18
   2:56'46"08 ; DC    ;  66,620 ;     mV ;       ; 01:29:18
   2:56'46"38 ; DC    ;  66,620 ;     mV ;       ; 01:29:19
   2:56'46"65 ; DC    ;  66,640 ;     mV ;       ; 01:29:19
   2:56'46"95 ; DC    ;  66,640 ;     mV ;       ; 01:29:19
   2:56'47"22 ; DC    ;  66,640 ;     mV ;       ; 01:29:19
   2:56'47"49 ; DC    ;  66,640 ;     mV ;       ; 01:29:20
   2:56'47"77 ; DC    ;  66,620 ;     mV ;       ; 01:29:20
   2:56'48"05 ; DC    ;  66,640 ;     mV ;       ; 01:29:20
   2:56'48"32 ; DC    ;  66,650 ;     mV ;       ; 01:29:20
   2:56'48"62 ; DC    ;  66,630 ;     mV ;       ; 01:29:21
   2:56'48"92 ; DC    ;  66,630 ;     mV ;       ; 01:29:21
   2:56'49"20 ; DC    ;  66,630 ;     mV ;       ; 01:29:21
   2:56'49"48 ; DC    ;  66,640 ;     mV ;       ; 01:29:22
   2:56'49"74 ; DC    ;  66,640 ;     mV ;       ; 01:29:22
   2:56'50"03 ; DC    ;  66,660 ;     mV ;       ; 01:29:22
   2:56'50"33 ; DC    ;  66,650 ;     mV ;       ; 01:29:23
   2:56'50"62 ; DC    ;  66,630 ;     mV ;       ; 01:29:23
   2:56'50"90 ; DC    ;  66,650 ;     mV ;       ; 01:29:23
   2:56'51"19 ; DC    ;  66,650 ;     mV ;       ; 01:29:23
   2:56'51"47 ; DC    ;  66,650 ;     mV ;       ; 01:29:24
   2:56'51"75 ; DC    ;  66,640 ;     mV ;       ; 01:29:24
   2:56'52"06 ; DC    ;  66,640 ;     mV ;       ; 01:29:24
   2:56'52"35 ; DC    ;  66,630 ;     mV ;       ; 01:29:25
   2:56'52"63 ; DC    ;  66,630 ;     mV ;       ; 01:29:25
   2:56'52"91 ; DC    ;  66,640 ;     mV ;       ; 01:29:25
   2:56'53"19 ; DC    ;  66,640 ;     mV ;       ; 01:29:25
   2:56'53"46 ; DC    ;  66,630 ;     mV ;       ; 01:29:26
   2:56'53"74 ; DC    ;  66,630 ;     mV ;       ; 01:29:26
   2:56'54"02 ; DC    ;  66,620 ;     mV ;       ; 01:29:26
   2:56'54"30 ; DC    ;  66,620 ;     mV ;       ; 01:29:26
   2:56'54"57 ; DC    ;  66,630 ;     mV ;       ; 01:29:27
   2:56'54"86 ; DC    ;  66,620 ;     mV ;       ; 01:29:27
   2:56'55"16 ; DC    ;  66,630 ;     mV ;       ; 01:29:27
   2:56'55"44 ; DC    ;  66,620 ;     mV ;       ; 01:29:28
   2:56'55"76 ; DC    ;  66,650 ;     mV ;       ; 01:29:28
   2:56'56"04 ; DC    ;  66,650 ;     mV ;       ; 01:29:28
   2:56'56"33 ; DC    ;  66,650 ;     mV ;       ; 01:29:28
   2:56'56"61 ; DC    ;  66,640 ;     mV ;       ; 01:29:29
   2:56'56"89 ; DC    ;  66,640 ;     mV ;       ; 01:29:29
   2:56'57"22 ; DC    ;  66,650 ;     mV ;       ; 01:29:29
   2:56'57"51 ; DC    ;  66,650 ;     mV ;       ; 01:29:30
   2:56'57"79 ; DC    ;  66,650 ;     mV ;       ; 01:29:30
   2:56'58"07 ; DC    ;  66,660 ;     mV ;       ; 01:29:30
   2:56'58"33 ; DC    ;  66,660 ;     mV ;       ; 01:29:31
   2:56'58"62 ; DC    ;  66,670 ;     mV ;       ; 01:29:31
   2:56'58"90 ; DC    ;  66,670 ;     mV ;       ; 01:29:31
   2:56'59"19 ; DC    ;  66,670 ;     mV ;       ; 01:29:31
   2:56'59"46 ; DC    ;  66,670 ;     mV ;       ; 01:29:32
   2:56'59"74 ; DC    ;  66,660 ;     mV ;       ; 01:29:32
   2:57'00"00 ; DC    ;  66,630 ;     mV ;       ; 01:29:32
   2:57'00"29 ; DC    ;  66,660 ;     mV ;       ; 01:29:32
   2:57'00"55 ; DC    ;  66,660 ;     mV ;       ; 01:29:33
   2:57'00"85 ; DC    ;  66,650 ;     mV ;       ; 01:29:33
   2:57'01"12 ; DC    ;  66,650 ;     mV ;       ; 01:29:33
   2:57'01"40 ; DC    ;  66,650 ;     mV ;       ; 01:29:34
   2:57'01"69 ; DC    ;  66,660 ;     mV ;       ; 01:29:34
   2:57'01"99 ; DC    ;  66,660 ;     mV ;       ; 01:29:34
   2:57'02"29 ; DC    ;  66,660 ;     mV ;       ; 01:29:34
   2:57'02"57 ; DC    ;  66,640 ;     mV ;       ; 01:29:35
   2:57'02"88 ; DC    ;  66,640 ;     mV ;       ; 01:29:35
   2:57'03"16 ; DC    ;  66,660 ;     mV ;       ; 01:29:35
   2:57'03"44 ; DC    ;  66,650 ;     mV ;       ; 01:29:36
   2:57'03"72 ; DC    ;  66,670 ;     mV ;       ; 01:29:36
   2:57'03"99 ; DC    ;  66,670 ;     mV ;       ; 01:29:36
   2:57'04"28 ; DC    ;  66,670 ;     mV ;       ; 01:29:36
   2:57'04"55 ; DC    ;  66,670 ;     mV ;       ; 01:29:37
   2:57'04"82 ; DC    ;  66,680 ;     mV ;       ; 01:29:37
   2:57'05"08 ; DC    ;  66,670 ;     mV ;       ; 01:29:37
   2:57'05"37 ; DC    ;  66,660 ;     mV ;       ; 01:29:38
   2:57'05"65 ; DC    ;  66,670 ;     mV ;       ; 01:29:38
   2:57'05"94 ; DC    ;  66,660 ;     mV ;       ; 01:29:38
   2:57'06"22 ; DC    ;  66,660 ;     mV ;       ; 01:29:38
   2:57'06"50 ; DC    ;  66,660 ;     mV ;       ; 01:29:39
   2:57'06"77 ; DC    ;  66,650 ;     mV ;       ; 01:29:39
   2:57'07"06 ; DC    ;  66,650 ;     mV ;       ; 01:29:39
   2:57'07"34 ; DC    ;  66,650 ;     mV ;       ; 01:29:40
   2:57'07"63 ; DC    ;  66,670 ;     mV ;       ; 01:29:40
   2:57'07"93 ; DC    ;  66,640 ;     mV ;       ; 01:29:40
   2:57'08"22 ; DC    ;  66,620 ;     mV ;       ; 01:29:40
   2:57'08"52 ; DC    ;  66,630 ;     mV ;       ; 01:29:41
   2:57'08"82 ; DC    ;  66,650 ;     mV ;       ; 01:29:41
   2:57'09"10 ; DC    ;  66,640 ;     mV ;       ; 01:29:41
   2:57'09"38 ; DC    ;  66,630 ;     mV ;       ; 01:29:42
   2:57'09"66 ; DC    ;  66,650 ;     mV ;       ; 01:29:42
   2:57'09"93 ; DC    ;  66,650 ;     mV ;       ; 01:29:42
   2:57'10"22 ; DC    ;  66,650 ;     mV ;       ; 01:29:42
   2:57'10"52 ; DC    ;  66,660 ;     mV ;       ; 01:29:43
   2:57'10"80 ; DC    ;  66,670 ;     mV ;       ; 01:29:43
   2:57'11"11 ; DC    ;  66,650 ;     mV ;       ; 01:29:43
   2:57'11"38 ; DC    ;  66,660 ;     mV ;       ; 01:29:44
   2:57'11"65 ; DC    ;  66,660 ;     mV ;       ; 01:29:44
   2:57'11"91 ; DC    ;  66,680 ;     mV ;       ; 01:29:44
   2:57'12"19 ; DC    ;  66,670 ;     mV ;       ; 01:29:44
   2:57'12"48 ; DC    ;  66,650 ;     mV ;       ; 01:29:45
   2:57'12"76 ; DC    ;  66,650 ;     mV ;       ; 01:29:45
   2:57'13"04 ; DC    ;  66,650 ;     mV ;       ; 01:29:45
   2:57'13"32 ; DC    ;  66,650 ;     mV ;       ; 01:29:45
   2:57'13"60 ; DC    ;  66,650 ;     mV ;       ; 01:29:46
   2:57'13"89 ; DC    ;  66,660 ;     mV ;       ; 01:29:46
   2:57'14"18 ; DC    ;  66,650 ;     mV ;       ; 01:29:46
   2:57'14"46 ; DC    ;  66,670 ;     mV ;       ; 01:29:47
   2:57'14"73 ; DC    ;  66,660 ;     mV ;       ; 01:29:47
   2:57'15"02 ; DC    ;  66,650 ;     mV ;       ; 01:29:47
   2:57'15"30 ; DC    ;  66,680 ;     mV ;       ; 01:29:47
   2:57'15"59 ; DC    ;  66,660 ;     mV ;       ; 01:29:48
   2:57'15"87 ; DC    ;  66,660 ;     mV ;       ; 01:29:48
   2:57'16"16 ; DC    ;  66,660 ;     mV ;       ; 01:29:48
   2:57'16"43 ; DC    ;  66,700 ;     mV ;       ; 01:29:49
   2:57'16"73 ; DC    ;  66,680 ;     mV ;       ; 01:29:49
   2:57'17"01 ; DC    ;  66,700 ;     mV ;       ; 01:29:49
   2:57'17"28 ; DC    ;  66,700 ;     mV ;       ; 01:29:49
   2:57'17"56 ; DC    ;  66,700 ;     mV ;       ; 01:29:50
   2:57'17"86 ; DC    ;  66,700 ;     mV ;       ; 01:29:50
   2:57'18"14 ; DC    ;  66,720 ;     mV ;       ; 01:29:50
   2:57'18"43 ; DC    ;  66,730 ;     mV ;       ; 01:29:51
   2:57'18"70 ; DC    ;  66,720 ;     mV ;       ; 01:29:51
   2:57'18"99 ; DC    ;  66,710 ;     mV ;       ; 01:29:51
   2:57'19"29 ; DC    ;  66,700 ;     mV ;       ; 01:29:51
   2:57'19"58 ; DC    ;  66,700 ;     mV ;       ; 01:29:52
   2:57'19"88 ; DC    ;  66,700 ;     mV ;       ; 01:29:52
   2:57'20"16 ; DC    ;  66,680 ;     mV ;       ; 01:29:52
   2:57'20"43 ; DC    ;  66,690 ;     mV ;       ; 01:29:53
   2:57'20"71 ; DC    ;  66,710 ;     mV ;       ; 01:29:53
   2:57'20"99 ; DC    ;  66,700 ;     mV ;       ; 01:29:53
   2:57'21"26 ; DC    ;  66,680 ;     mV ;       ; 01:29:53
   2:57'21"52 ; DC    ;  66,690 ;     mV ;       ; 01:29:54
   2:57'21"81 ; DC    ;  66,690 ;     mV ;       ; 01:29:54
   2:57'22"08 ; DC    ;  66,690 ;     mV ;       ; 01:29:54
   2:57'22"38 ; DC    ;  66,690 ;     mV ;       ; 01:29:55
   2:57'22"67 ; DC    ;  66,680 ;     mV ;       ; 01:29:55
   2:57'22"95 ; DC    ;  66,690 ;     mV ;       ; 01:29:55
   2:57'23"25 ; DC    ;  66,690 ;     mV ;       ; 01:29:55
   2:57'23"54 ; DC    ;  66,700 ;     mV ;       ; 01:29:56
   2:57'23"85 ; DC    ;  66,690 ;     mV ;       ; 01:29:56
   2:57'24"13 ; DC    ;  66,710 ;     mV ;       ; 01:29:56
   2:57'24"44 ; DC    ;  66,700 ;     mV ;       ; 01:29:57
   2:57'24"72 ; DC    ;  66,700 ;     mV ;       ; 01:29:57
   2:57'25"01 ; DC    ;  66,680 ;     mV ;       ; 01:29:57
   2:57'25"28 ; DC    ;  66,690 ;     mV ;       ; 01:29:57
   2:57'25"56 ; DC    ;  66,680 ;     mV ;       ; 01:29:58
   2:57'25"84 ; DC    ;  66,690 ;     mV ;       ; 01:29:58
   2:57'26"12 ; DC    ;  66,700 ;     mV ;       ; 01:29:58
   2:57'26"41 ; DC    ;  66,720 ;     mV ;       ; 01:29:59
   2:57'26"68 ; DC    ;  66,710 ;     mV ;       ; 01:29:59
   2:57'26"96 ; DC    ;  66,710 ;     mV ;       ; 01:29:59
   2:57'27"23 ; DC    ;  66,710 ;     mV ;       ; 01:29:59
   2:57'27"53 ; DC    ;  66,700 ;     mV ;       ; 01:30:00
   2:57'27"81 ; DC    ;  66,700 ;     mV ;       ; 01:30:00
   2:57'28"10 ; DC    ;  66,690 ;     mV ;       ; 01:30:00
   2:57'28"39 ; DC    ;  66,680 ;     mV ;       ; 01:30:01
   2:57'28"70 ; DC    ;  66,680 ;     mV ;       ; 01:30:01
   2:57'28"99 ; DC    ;  66,680 ;     mV ;       ; 01:30:01
   2:57'29"29 ; DC    ;  66,700 ;     mV ;       ; 01:30:01
   2:57'29"61 ; DC    ;  66,700 ;     mV ;       ; 01:30:02
   2:57'29"89 ; DC    ;  66,690 ;     mV ;       ; 01:30:02
   2:57'30"20 ; DC    ;  66,690 ;     mV ;       ; 01:30:02
   2:57'30"50 ; DC    ;  66,690 ;     mV ;       ; 01:30:03
   2:57'30"80 ; DC    ;  66,690 ;     mV ;       ; 01:30:03
   2:57'31"15 ; DC    ;  66,680 ;     mV ;       ; 01:30:03
   2:57'31"45 ; DC    ;  66,690 ;     mV ;       ; 01:30:04
   2:57'31"74 ; DC    ;  66,700 ;     mV ;       ; 01:30:04
   2:57'32"01 ; DC    ;  66,680 ;     mV ;       ; 01:30:04
   2:57'32"30 ; DC    ;  66,690 ;     mV ;       ; 01:30:04
   2:57'32"60 ; DC    ;  66,690 ;     mV ;       ; 01:30:05
   2:57'32"90 ; DC    ;  66,710 ;     mV ;       ; 01:30:05
   2:57'33"24 ; DC    ;  66,700 ;     mV ;       ; 01:30:05
   2:57'33"51 ; DC    ;  66,710 ;     mV ;       ; 01:30:06
   2:57'33"77 ; DC    ;  66,710 ;     mV ;       ; 01:30:06
   2:57'34"07 ; DC    ;  66,710 ;     mV ;       ; 01:30:06
   2:57'34"39 ; DC    ;  66,710 ;     mV ;       ; 01:30:07
   2:57'34"70 ; DC    ;  66,700 ;     mV ;       ; 01:30:07
   2:57'34"99 ; DC    ;  66,700 ;     mV ;       ; 01:30:07
   2:57'35"30 ; DC    ;  66,700 ;     mV ;       ; 01:30:07
   2:57'35"60 ; DC    ;  66,700 ;     mV ;       ; 01:30:08
   2:57'35"90 ; DC    ;  66,710 ;     mV ;       ; 01:30:08
   2:57'36"20 ; DC    ;  66,710 ;     mV ;       ; 01:30:08
   2:57'36"50 ; DC    ;  66,720 ;     mV ;       ; 01:30:09
   2:57'36"81 ; DC    ;  66,710 ;     mV ;       ; 01:30:09
   2:57'37"12 ; DC    ;  66,710 ;     mV ;       ; 01:30:09
   2:57'37"42 ; DC    ;  66,700 ;     mV ;       ; 01:30:10
   2:57'37"73 ; DC    ;  66,700 ;     mV ;       ; 01:30:10
   2:57'38"03 ; DC    ;  66,700 ;     mV ;       ; 01:30:10
   2:57'38"36 ; DC    ;  66,710 ;     mV ;       ; 01:30:11
   2:57'38"66 ; DC    ;  66,700 ;     mV ;       ; 01:30:11
   2:57'38"96 ; DC    ;  66,710 ;     mV ;       ; 01:30:11
   2:57'39"24 ; DC    ;  66,710 ;     mV ;       ; 01:30:11
   2:57'39"52 ; DC    ;  66,710 ;     mV ;       ; 01:30:12
   2:57'39"81 ; DC    ;  66,710 ;     mV ;       ; 01:30:12
   2:57'40"14 ; DC    ;  66,710 ;     mV ;       ; 01:30:12
   2:57'40"44 ; DC    ;  66,720 ;     mV ;       ; 01:30:13
   2:57'40"74 ; DC    ;  66,710 ;     mV ;       ; 01:30:13
   2:57'41"04 ; DC    ;  66,720 ;     mV ;       ; 01:30:13
   2:57'41"32 ; DC    ;  66,720 ;     mV ;       ; 01:30:13
   2:57'41"61 ; DC    ;  66,730 ;     mV ;       ; 01:30:14
   2:57'41"90 ; DC    ;  66,730 ;     mV ;       ; 01:30:14
   2:57'42"19 ; DC    ;  66,720 ;     mV ;       ; 01:30:14
   2:57'42"50 ; DC    ;  66,700 ;     mV ;       ; 01:30:15
   2:57'42"79 ; DC    ;  66,700 ;     mV ;       ; 01:30:15
   2:57'43"08 ; DC    ;  66,710 ;     mV ;       ; 01:30:15
   2:57'43"38 ; DC    ;  66,710 ;     mV ;       ; 01:30:16
   2:57'43"68 ; DC    ;  66,700 ;     mV ;       ; 01:30:16
   2:57'43"98 ; DC    ;  66,740 ;     mV ;       ; 01:30:16
   2:57'44"27 ; DC    ;  66,740 ;     mV ;       ; 01:30:16
   2:57'44"58 ; DC    ;  66,730 ;     mV ;       ; 01:30:17
   2:57'44"85 ; DC    ;  66,720 ;     mV ;       ; 01:30:17
   2:57'45"14 ; DC    ;  66,720 ;     mV ;       ; 01:30:17
   2:57'45"42 ; DC    ;  66,740 ;     mV ;       ; 01:30:18
   2:57'45"71 ; DC    ;  66,740 ;     mV ;       ; 01:30:18
   2:57'45"99 ; DC    ;  66,710 ;     mV ;       ; 01:30:18
   2:57'46"30 ; DC    ;  66,720 ;     mV ;       ; 01:30:18
   2:57'46"61 ; DC    ;  66,740 ;     mV ;       ; 01:30:19
   2:57'46"92 ; DC    ;  66,740 ;     mV ;       ; 01:30:19
   2:57'47"21 ; DC    ;  66,730 ;     mV ;       ; 01:30:19
   2:57'47"53 ; DC    ;  66,740 ;     mV ;       ; 01:30:20
   2:57'47"83 ; DC    ;  66,740 ;     mV ;       ; 01:30:20
   2:57'48"12 ; DC    ;  66,750 ;     mV ;       ; 01:30:20
   2:57'48"42 ; DC    ;  66,750 ;     mV ;       ; 01:30:21
   2:57'48"73 ; DC    ;  66,750 ;     mV ;       ; 01:30:21
   2:57'49"03 ; DC    ;  66,750 ;     mV ;       ; 01:30:21
   2:57'49"32 ; DC    ;  66,740 ;     mV ;       ; 01:30:21
   2:57'49"59 ; DC    ;  66,730 ;     mV ;       ; 01:30:22
   2:57'49"87 ; DC    ;  66,720 ;     mV ;       ; 01:30:22
   2:57'50"17 ; DC    ;  66,730 ;     mV ;       ; 01:30:22
   2:57'50"47 ; DC    ;  66,720 ;     mV ;       ; 01:30:23
   2:57'50"78 ; DC    ;  66,730 ;     mV ;       ; 01:30:23
   2:57'51"10 ; DC    ;  66,710 ;     mV ;       ; 01:30:23
   2:57'51"38 ; DC    ;  66,710 ;     mV ;       ; 01:30:24
   2:57'51"67 ; DC    ;  66,700 ;     mV ;       ; 01:30:24
   2:57'51"97 ; DC    ;  66,720 ;     mV ;       ; 01:30:24
   2:57'52"28 ; DC    ;  66,730 ;     mV ;       ; 01:30:24
   2:57'52"63 ; DC    ;  66,720 ;     mV ;       ; 01:30:25
   2:57'52"91 ; DC    ;  66,710 ;     mV ;       ; 01:30:25
   2:57'53"22 ; DC    ;  66,730 ;     mV ;       ; 01:30:25
   2:57'53"53 ; DC    ;  66,720 ;     mV ;       ; 01:30:26
   2:57'53"83 ; DC    ;  66,730 ;     mV ;       ; 01:30:26
   2:57'54"12 ; DC    ;  66,710 ;     mV ;       ; 01:30:26
   2:57'54"43 ; DC    ;  66,710 ;     mV ;       ; 01:30:27
   2:57'54"73 ; DC    ;  66,720 ;     mV ;       ; 01:30:27
   2:57'55"03 ; DC    ;  66,720 ;     mV ;       ; 01:30:27
   2:57'55"32 ; DC    ;  66,690 ;     mV ;       ; 01:30:27
   2:57'55"60 ; DC    ;  66,680 ;     mV ;       ; 01:30:28
   2:57'55"90 ; DC    ;  66,690 ;     mV ;       ; 01:30:28
   2:57'56"19 ; DC    ;  66,690 ;     mV ;       ; 01:30:28
   2:57'56"49 ; DC    ;  66,710 ;     mV ;       ; 01:30:29
   2:57'56"81 ; DC    ;  66,710 ;     mV ;       ; 01:30:29
   2:57'57"12 ; DC    ;  66,710 ;     mV ;       ; 01:30:29
   2:57'57"41 ; DC    ;  66,700 ;     mV ;       ; 01:30:30
   2:57'57"68 ; DC    ;  66,700 ;     mV ;       ; 01:30:30
   2:57'57"97 ; DC    ;  66,700 ;     mV ;       ; 01:30:30
   2:57'58"26 ; DC    ;  66,700 ;     mV ;       ; 01:30:30
   2:57'58"53 ; DC    ;  66,700 ;     mV ;       ; 01:30:31
   2:57'58"81 ; DC    ;  66,690 ;     mV ;       ; 01:30:31
   2:57'59"10 ; DC    ;  66,690 ;     mV ;       ; 01:30:31
   2:57'59"40 ; DC    ;  66,700 ;     mV ;       ; 01:30:32
   2:57'59"68 ; DC    ;  66,710 ;     mV ;       ; 01:30:32
   2:57'59"98 ; DC    ;  66,710 ;     mV ;       ; 01:30:32
   2:58'00"29 ; DC    ;  66,710 ;     mV ;       ; 01:30:32
   2:58'00"60 ; DC    ;  66,740 ;     mV ;       ; 01:30:33
   2:58'00"89 ; DC    ;  66,720 ;     mV ;       ; 01:30:33
   2:58'01"18 ; DC    ;  66,730 ;     mV ;       ; 01:30:33
   2:58'01"47 ; DC    ;  66,730 ;     mV ;       ; 01:30:34
   2:58'01"76 ; DC    ;  66,730 ;     mV ;       ; 01:30:34
   2:58'02"04 ; DC    ;  66,730 ;     mV ;       ; 01:30:34
   2:58'02"32 ; DC    ;  66,720 ;     mV ;       ; 01:30:34
   2:58'02"60 ; DC    ;  66,720 ;     mV ;       ; 01:30:35
   2:58'02"86 ; DC    ;  66,720 ;     mV ;       ; 01:30:35
   2:58'03"20 ; DC    ;  66,730 ;     mV ;       ; 01:30:35
   2:58'03"50 ; DC    ;  66,720 ;     mV ;       ; 01:30:36
   2:58'03"79 ; DC    ;  66,720 ;     mV ;       ; 01:30:36
   2:58'04"07 ; DC    ;  66,730 ;     mV ;       ; 01:30:36
   2:58'04"38 ; DC    ;  66,730 ;     mV ;       ; 01:30:37
   2:58'04"72 ; DC    ;  66,730 ;     mV ;       ; 01:30:37
   2:58'05"00 ; DC    ;  66,720 ;     mV ;       ; 01:30:37
   2:58'05"30 ; DC    ;  66,730 ;     mV ;       ; 01:30:37
   2:58'05"58 ; DC    ;  66,730 ;     mV ;       ; 01:30:38
   2:58'05"89 ; DC    ;  66,720 ;     mV ;       ; 01:30:38
   2:58'06"20 ; DC    ;  66,740 ;     mV ;       ; 01:30:38
   2:58'06"51 ; DC    ;  66,720 ;     mV ;       ; 01:30:39
   2:58'06"82 ; DC    ;  66,720 ;     mV ;       ; 01:30:39
   2:58'07"15 ; DC    ;  66,740 ;     mV ;       ; 01:30:39
   2:58'07"43 ; DC    ;  66,750 ;     mV ;       ; 01:30:40
   2:58'07"73 ; DC    ;  66,720 ;     mV ;       ; 01:30:40
   2:58'08"04 ; DC    ;  66,730 ;     mV ;       ; 01:30:40
   2:58'08"36 ; DC    ;  66,730 ;     mV ;       ; 01:30:41
   2:58'08"65 ; DC    ;  66,730 ;     mV ;       ; 01:30:41
   2:58'08"93 ; DC    ;  66,740 ;     mV ;       ; 01:30:41
   2:58'09"21 ; DC    ;  66,730 ;     mV ;       ; 01:30:41
   2:58'09"50 ; DC    ;  66,730 ;     mV ;       ; 01:30:42
   2:58'09"80 ; DC    ;  66,760 ;     mV ;       ; 01:30:42
   2:58'10"09 ; DC    ;  66,750 ;     mV ;       ; 01:30:42
   2:58'10"38 ; DC    ;  66,750 ;     mV ;       ; 01:30:43
   2:58'10"65 ; DC    ;  66,730 ;     mV ;       ; 01:30:43
   2:58'10"96 ; DC    ;  66,730 ;     mV ;       ; 01:30:43
   2:58'11"22 ; DC    ;  66,740 ;     mV ;       ; 01:30:43
   2:58'11"51 ; DC    ;  66,760 ;     mV ;       ; 01:30:44
   2:58'11"79 ; DC    ;  66,750 ;     mV ;       ; 01:30:44
   2:58'12"09 ; DC    ;  66,750 ;     mV ;       ; 01:30:44
   2:58'12"38 ; DC    ;  66,750 ;     mV ;       ; 01:30:45
   2:58'12"68 ; DC    ;  66,750 ;     mV ;       ; 01:30:45
   2:58'12"99 ; DC    ;  66,760 ;     mV ;       ; 01:30:45
   2:58'13"30 ; DC    ;  66,750 ;     mV ;       ; 01:30:45
   2:58'13"57 ; DC    ;  66,750 ;     mV ;       ; 01:30:46
   2:58'13"84 ; DC    ;  66,750 ;     mV ;       ; 01:30:46
   2:58'14"13 ; DC    ;  66,740 ;     mV ;       ; 01:30:46
   2:58'14"42 ; DC    ;  66,760 ;     mV ;       ; 01:30:47
   2:58'14"72 ; DC    ;  66,760 ;     mV ;       ; 01:30:47
   2:58'15"02 ; DC    ;  66,750 ;     mV ;       ; 01:30:47
   2:58'15"34 ; DC    ;  66,740 ;     mV ;       ; 01:30:48
   2:58'15"63 ; DC    ;  66,750 ;     mV ;       ; 01:30:48
   2:58'15"93 ; DC    ;  66,740 ;     mV ;       ; 01:30:48
   2:58'16"25 ; DC    ;  66,740 ;     mV ;       ; 01:30:48
   2:58'16"56 ; DC    ;  66,750 ;     mV ;       ; 01:30:49
   2:58'16"87 ; DC    ;  66,750 ;     mV ;       ; 01:30:49
   2:58'17"18 ; DC    ;  66,750 ;     mV ;       ; 01:30:49
   2:58'17"47 ; DC    ;  66,750 ;     mV ;       ; 01:30:50
   2:58'17"76 ; DC    ;  66,760 ;     mV ;       ; 01:30:50
   2:58'18"05 ; DC    ;  66,750 ;     mV ;       ; 01:30:50
   2:58'18"33 ; DC    ;  66,750 ;     mV ;       ; 01:30:51
   2:58'18"65 ; DC    ;  66,760 ;     mV ;       ; 01:30:51
   2:58'18"97 ; DC    ;  66,750 ;     mV ;       ; 01:30:51
   2:58'19"27 ; DC    ;  66,770 ;     mV ;       ; 01:30:51
   2:58'19"57 ; DC    ;  66,780 ;     mV ;       ; 01:30:52
   2:58'19"88 ; DC    ;  66,760 ;     mV ;       ; 01:30:52
   2:58'20"17 ; DC    ;  66,760 ;     mV ;       ; 01:30:52
   2:58'20"48 ; DC    ;  66,750 ;     mV ;       ; 01:30:53
   2:58'20"79 ; DC    ;  66,730 ;     mV ;       ; 01:30:53
   2:58'21"07 ; DC    ;  66,770 ;     mV ;       ; 01:30:53
   2:58'21"36 ; DC    ;  66,780 ;     mV ;       ; 01:30:54
   2:58'21"66 ; DC    ;  66,750 ;     mV ;       ; 01:30:54
   2:58'21"97 ; DC    ;  66,740 ;     mV ;       ; 01:30:54
   2:58'22"28 ; DC    ;  66,750 ;     mV ;       ; 01:30:54
   2:58'22"59 ; DC    ;  66,740 ;     mV ;       ; 01:30:55
   2:58'22"90 ; DC    ;  66,750 ;     mV ;       ; 01:30:55
   2:58'23"18 ; DC    ;  66,740 ;     mV ;       ; 01:30:55
   2:58'23"48 ; DC    ;  66,770 ;     mV ;       ; 01:30:56
   2:58'23"78 ; DC    ;  66,770 ;     mV ;       ; 01:30:56
   2:58'24"04 ; DC    ;  66,780 ;     mV ;       ; 01:30:56
   2:58'24"32 ; DC    ;  66,770 ;     mV ;       ; 01:30:56
   2:58'24"58 ; DC    ;  66,760 ;     mV ;       ; 01:30:57
   2:58'24"87 ; DC    ;  66,770 ;     mV ;       ; 01:30:57
   2:58'25"17 ; DC    ;  66,760 ;     mV ;       ; 01:30:57
   2:58'25"47 ; DC    ;  66,780 ;     mV ;       ; 01:30:58
   2:58'25"75 ; DC    ;  66,770 ;     mV ;       ; 01:30:58
   2:58'26"02 ; DC    ;  66,760 ;     mV ;       ; 01:30:58
   2:58'26"30 ; DC    ;  66,760 ;     mV ;       ; 01:30:58
   2:58'26"59 ; DC    ;  66,720 ;     mV ;       ; 01:30:59
   2:58'26"88 ; DC    ;  66,720 ;     mV ;       ; 01:30:59
   2:58'27"18 ; DC    ;  66,760 ;     mV ;       ; 01:30:59
   2:58'27"48 ; DC    ;  66,760 ;     mV ;       ; 01:31:00
   2:58'27"77 ; DC    ;  66,780 ;     mV ;       ; 01:31:00
   2:58'28"05 ; DC    ;  66,780 ;     mV ;       ; 01:31:00
   2:58'28"34 ; DC    ;  66,780 ;     mV ;       ; 01:31:01
   2:58'28"62 ; DC    ;  66,780 ;     mV ;       ; 01:31:01
   2:58'28"90 ; DC    ;  66,790 ;     mV ;       ; 01:31:01
   2:58'29"18 ; DC    ;  66,790 ;     mV ;       ; 01:31:01
   2:58'29"48 ; DC    ;  66,770 ;     mV ;       ; 01:31:02
   2:58'29"75 ; DC    ;  66,780 ;     mV ;       ; 01:31:02
   2:58'30"04 ; DC    ;  66,780 ;     mV ;       ; 01:31:02
   2:58'30"32 ; DC    ;  66,790 ;     mV ;       ; 01:31:02
   2:58'30"61 ; DC    ;  66,780 ;     mV ;       ; 01:31:03
   2:58'30"91 ; DC    ;  66,770 ;     mV ;       ; 01:31:03
   2:58'31"19 ; DC    ;  66,790 ;     mV ;       ; 01:31:03
   2:58'31"48 ; DC    ;  66,780 ;     mV ;       ; 01:31:04
   2:58'31"74 ; DC    ;  66,760 ;     mV ;       ; 01:31:04
   2:58'32"05 ; DC    ;  66,760 ;     mV ;       ; 01:31:04
   2:58'32"33 ; DC    ;  66,770 ;     mV ;       ; 01:31:05
   2:58'32"64 ; DC    ;  66,740 ;     mV ;       ; 01:31:05
   2:58'32"93 ; DC    ;  66,730 ;     mV ;       ; 01:31:05
   2:58'33"19 ; DC    ;  66,760 ;     mV ;       ; 01:31:05
   2:58'33"47 ; DC    ;  66,700 ;     mV ;       ; 01:31:06
   2:58'33"75 ; DC    ;  66,700 ;     mV ;       ; 01:31:06
   2:58'34"05 ; DC    ;  66,730 ;     mV ;       ; 01:31:06
   2:58'34"33 ; DC    ;  66,660 ;     mV ;       ; 01:31:06
   2:58'34"61 ; DC    ;  66,690 ;     mV ;       ; 01:31:07
   2:58'34"88 ; DC    ;  66,670 ;     mV ;       ; 01:31:07
   2:58'35"18 ; DC    ;  66,650 ;     mV ;       ; 01:31:07
   2:58'35"48 ; DC    ;  66,660 ;     mV ;       ; 01:31:08
   2:58'35"76 ; DC    ;  66,650 ;     mV ;       ; 01:31:08
   2:58'36"04 ; DC    ;  66,650 ;     mV ;       ; 01:31:08
   2:58'36"34 ; DC    ;  66,640 ;     mV ;       ; 01:31:09
   2:58'36"67 ; DC    ;  66,650 ;     mV ;       ; 01:31:09
   2:58'36"97 ; DC    ;  66,650 ;     mV ;       ; 01:31:09
   2:58'37"25 ; DC    ;  66,640 ;     mV ;       ; 01:31:09
   2:58'37"52 ; DC    ;  66,640 ;     mV ;       ; 01:31:10
   2:58'37"79 ; DC    ;  66,680 ;     mV ;       ; 01:31:10
   2:58'38"06 ; DC    ;  66,630 ;     mV ;       ; 01:31:10
   2:58'38"33 ; DC    ;  66,630 ;     mV ;       ; 01:31:10
   2:58'38"61 ; DC    ;  66,630 ;     mV ;       ; 01:31:11
   2:58'38"90 ; DC    ;  66,630 ;     mV ;       ; 01:31:11
   2:58'39"18 ; DC    ;  66,640 ;     mV ;       ; 01:31:11
   2:58'39"45 ; DC    ;  66,640 ;     mV ;       ; 01:31:12
   2:58'39"73 ; DC    ;  66,620 ;     mV ;       ; 01:31:12
   2:58'40"01 ; DC    ;  66,650 ;     mV ;       ; 01:31:12
   2:58'40"29 ; DC    ;  66,630 ;     mV ;       ; 01:31:12
   2:58'40"57 ; DC    ;  66,700 ;     mV ;       ; 01:31:13
   2:58'40"85 ; DC    ;  66,700 ;     mV ;       ; 01:31:13
   2:58'41"14 ; DC    ;  66,710 ;     mV ;       ; 01:31:13
   2:58'41"41 ; DC    ;  66,730 ;     mV ;       ; 01:31:14
   2:58'41"68 ; DC    ;  66,760 ;     mV ;       ; 01:31:14
   2:58'41"98 ; DC    ;  66,760 ;     mV ;       ; 01:31:14
   2:58'42"29 ; DC    ;  66,740 ;     mV ;       ; 01:31:14
   2:58'42"57 ; DC    ;  66,740 ;     mV ;       ; 01:31:15
   2:58'42"88 ; DC    ;  66,740 ;     mV ;       ; 01:31:15
   2:58'43"19 ; DC    ;  66,750 ;     mV ;       ; 01:31:15
   2:58'43"48 ; DC    ;  66,750 ;     mV ;       ; 01:31:16
   2:58'43"78 ; DC    ;  66,720 ;     mV ;       ; 01:31:16
   2:58'44"10 ; DC    ;  66,710 ;     mV ;       ; 01:31:16
   2:58'44"40 ; DC    ;  66,690 ;     mV ;       ; 01:31:17
   2:58'44"68 ; DC    ;  66,700 ;     mV ;       ; 01:31:17
   2:58'44"97 ; DC    ;  66,740 ;     mV ;       ; 01:31:17
   2:58'45"26 ; DC    ;  66,750 ;     mV ;       ; 01:31:17
   2:58'45"56 ; DC    ;  66,720 ;     mV ;       ; 01:31:18
   2:58'45"82 ; DC    ;  66,710 ;     mV ;       ; 01:31:18
   2:58'46"16 ; DC    ;  66,700 ;     mV ;       ; 01:31:18
   2:58'46"46 ; DC    ;  66,740 ;     mV ;       ; 01:31:19
   2:58'46"74 ; DC    ;  66,760 ;     mV ;       ; 01:31:19
   2:58'47"06 ; DC    ;  66,740 ;     mV ;       ; 01:31:19
   2:58'47"33 ; DC    ;  66,740 ;     mV ;       ; 01:31:20
   2:58'47"64 ; DC    ;  66,730 ;     mV ;       ; 01:31:20
   2:58'47"94 ; DC    ;  66,720 ;     mV ;       ; 01:31:20
   2:58'48"25 ; DC    ;  66,730 ;     mV ;       ; 01:31:20
   2:58'48"59 ; DC    ;  66,760 ;     mV ;       ; 01:31:21
   2:58'48"88 ; DC    ;  66,750 ;     mV ;       ; 01:31:21
   2:58'49"14 ; DC    ;  66,740 ;     mV ;       ; 01:31:21
   2:58'49"42 ; DC    ;  66,750 ;     mV ;       ; 01:31:22
   2:58'49"72 ; DC    ;  66,750 ;     mV ;       ; 01:31:22
   2:58'49"99 ; DC    ;  66,740 ;     mV ;       ; 01:31:22
   2:58'50"28 ; DC    ;  66,740 ;     mV ;       ; 01:31:22
   2:58'50"57 ; DC    ;  66,750 ;     mV ;       ; 01:31:23
   2:58'50"84 ; DC    ;  66,750 ;     mV ;       ; 01:31:23
   2:58'51"14 ; DC    ;  66,740 ;     mV ;       ; 01:31:23
   2:58'51"43 ; DC    ;  66,730 ;     mV ;       ; 01:31:24
   2:58'51"73 ; DC    ;  66,720 ;     mV ;       ; 01:31:24
   2:58'52"01 ; DC    ;  66,740 ;     mV ;       ; 01:31:24
   2:58'52"30 ; DC    ;  66,740 ;     mV ;       ; 01:31:24
   2:58'52"60 ; DC    ;  66,710 ;     mV ;       ; 01:31:25
   2:58'52"88 ; DC    ;  66,710 ;     mV ;       ; 01:31:25
   2:58'53"16 ; DC    ;  66,720 ;     mV ;       ; 01:31:25
   2:58'53"45 ; DC    ;  66,740 ;     mV ;       ; 01:31:26
   2:58'53"75 ; DC    ;  66,750 ;     mV ;       ; 01:31:26
   2:58'54"04 ; DC    ;  66,750 ;     mV ;       ; 01:31:26
   2:58'54"34 ; DC    ;  66,740 ;     mV ;       ; 01:31:27
   2:58'54"65 ; DC    ;  66,730 ;     mV ;       ; 01:31:27
   2:58'54"96 ; DC    ;  66,710 ;     mV ;       ; 01:31:27
   2:58'55"26 ; DC    ;  66,710 ;     mV ;       ; 01:31:27
   2:58'55"54 ; DC    ;  66,740 ;     mV ;       ; 01:31:28
   2:58'55"82 ; DC    ;  66,730 ;     mV ;       ; 01:31:28
   2:58'56"13 ; DC    ;  66,720 ;     mV ;       ; 01:31:28
   2:58'56"44 ; DC    ;  66,720 ;     mV ;       ; 01:31:29
   2:58'56"73 ; DC    ;  66,710 ;     mV ;       ; 01:31:29
   2:58'57"01 ; DC    ;  66,720 ;     mV ;       ; 01:31:29
   2:58'57"31 ; DC    ;  66,740 ;     mV ;       ; 01:31:29
   2:58'57"61 ; DC    ;  66,740 ;     mV ;       ; 01:31:30
   2:58'57"92 ; DC    ;  66,730 ;     mV ;       ; 01:31:30
   2:58'58"19 ; DC    ;  66,720 ;     mV ;       ; 01:31:30
   2:58'58"48 ; DC    ;  66,740 ;     mV ;       ; 01:31:31
   2:58'58"76 ; DC    ;  66,710 ;     mV ;       ; 01:31:31
   2:58'59"06 ; DC    ;  66,720 ;     mV ;       ; 01:31:31
   2:58'59"35 ; DC    ;  66,740 ;     mV ;       ; 01:31:32
   2:58'59"65 ; DC    ;  66,740 ;     mV ;       ; 01:31:32
   2:58'59"97 ; DC    ;  66,730 ;     mV ;       ; 01:31:32
   2:59'00"32 ; DC    ;  66,730 ;     mV ;       ; 01:31:32
   2:59'00"62 ; DC    ;  66,720 ;     mV ;       ; 01:31:33
   2:59'00"91 ; DC    ;  66,740 ;     mV ;       ; 01:31:33
   2:59'01"22 ; DC    ;  66,720 ;     mV ;       ; 01:31:33
   2:59'01"54 ; DC    ;  66,750 ;     mV ;       ; 01:31:34
   2:59'01"83 ; DC    ;  66,750 ;     mV ;       ; 01:31:34
   2:59'02"12 ; DC    ;  66,720 ;     mV ;       ; 01:31:34
   2:59'02"42 ; DC    ;  66,710 ;     mV ;       ; 01:31:35
   2:59'02"71 ; DC    ;  66,700 ;     mV ;       ; 01:31:35
   2:59'03"01 ; DC    ;  66,720 ;     mV ;       ; 01:31:35
   2:59'03"30 ; DC    ;  66,720 ;     mV ;       ; 01:31:35
   2:59'03"61 ; DC    ;  66,750 ;     mV ;       ; 01:31:36
   2:59'03"91 ; DC    ;  66,760 ;     mV ;       ; 01:31:36
   2:59'04"19 ; DC    ;  66,750 ;     mV ;       ; 01:31:36
   2:59'04"50 ; DC    ;  66,720 ;     mV ;       ; 01:31:37
   2:59'04"80 ; DC    ;  66,740 ;     mV ;       ; 01:31:37
   2:59'05"10 ; DC    ;  66,730 ;     mV ;       ; 01:31:37
   2:59'05"38 ; DC    ;  66,740 ;     mV ;       ; 01:31:38
   2:59'05"68 ; DC    ;  66,740 ;     mV ;       ; 01:31:38
   2:59'05"97 ; DC    ;  66,760 ;     mV ;       ; 01:31:38
   2:59'06"27 ; DC    ;  66,710 ;     mV ;       ; 01:31:38
   2:59'06"57 ; DC    ;  66,730 ;     mV ;       ; 01:31:39
   2:59'06"88 ; DC    ;  66,760 ;     mV ;       ; 01:31:39
   2:59'07"24 ; DC    ;  66,750 ;     mV ;       ; 01:31:39
   2:59'07"58 ; DC    ;  66,750 ;     mV ;       ; 01:31:40
   2:59'07"88 ; DC    ;  66,760 ;     mV ;       ; 01:31:40
   2:59'08"25 ; DC    ;  66,760 ;     mV ;       ; 01:31:40
   2:59'08"53 ; DC    ;  66,760 ;     mV ;       ; 01:31:41
   2:59'08"84 ; DC    ;  66,770 ;     mV ;       ; 01:31:41
   2:59'09"18 ; DC    ;  66,760 ;     mV ;       ; 01:31:41
   2:59'09"47 ; DC    ;  66,760 ;     mV ;       ; 01:31:42
   2:59'09"79 ; DC    ;  66,770 ;     mV ;       ; 01:31:42
   2:59'10"09 ; DC    ;  66,780 ;     mV ;       ; 01:31:42
   2:59'10"37 ; DC    ;  66,780 ;     mV ;       ; 01:31:43
   2:59'10"66 ; DC    ;  66,780 ;     mV ;       ; 01:31:43
   2:59'10"95 ; DC    ;  66,750 ;     mV ;       ; 01:31:43
   2:59'11"25 ; DC    ;  66,750 ;     mV ;       ; 01:31:43
   2:59'11"52 ; DC    ;  66,720 ;     mV ;       ; 01:31:44
   2:59'11"84 ; DC    ;  66,730 ;     mV ;       ; 01:31:44
   2:59'12"13 ; DC    ;  66,780 ;     mV ;       ; 01:31:44
   2:59'12"44 ; DC    ;  66,760 ;     mV ;       ; 01:31:45
   2:59'12"74 ; DC    ;  66,750 ;     mV ;       ; 01:31:45
   2:59'13"04 ; DC    ;  66,790 ;     mV ;       ; 01:31:45
   2:59'13"32 ; DC    ;  66,790 ;     mV ;       ; 01:31:45
   2:59'13"59 ; DC    ;  66,790 ;     mV ;       ; 01:31:46
   2:59'13"88 ; DC    ;  66,790 ;     mV ;       ; 01:31:46
   2:59'14"16 ; DC    ;  66,770 ;     mV ;       ; 01:31:46
   2:59'14"46 ; DC    ;  66,760 ;     mV ;       ; 01:31:47
   2:59'14"74 ; DC    ;  66,760 ;     mV ;       ; 01:31:47
   2:59'15"00 ; DC    ;  66,750 ;     mV ;       ; 01:31:47
   2:59'15"30 ; DC    ;  66,750 ;     mV ;       ; 01:31:47
   2:59'15"57 ; DC    ;  66,760 ;     mV ;       ; 01:31:48
   2:59'15"83 ; DC    ;  66,760 ;     mV ;       ; 01:31:48
   2:59'16"11 ; DC    ;  66,760 ;     mV ;       ; 01:31:48
   2:59'16"39 ; DC    ;  66,750 ;     mV ;       ; 01:31:49
   2:59'16"67 ; DC    ;  66,750 ;     mV ;       ; 01:31:49
   2:59'16"96 ; DC    ;  66,750 ;     mV ;       ; 01:31:49
   2:59'17"24 ; DC    ;  66,770 ;     mV ;       ; 01:31:49
   2:59'17"52 ; DC    ;  66,770 ;     mV ;       ; 01:31:50
   2:59'17"80 ; DC    ;  66,770 ;     mV ;       ; 01:31:50
   2:59'18"11 ; DC    ;  66,780 ;     mV ;       ; 01:31:50
   2:59'18"38 ; DC    ;  66,740 ;     mV ;       ; 01:31:51
   2:59'18"65 ; DC    ;  66,760 ;     mV ;       ; 01:31:51
   2:59'18"94 ; DC    ;  66,760 ;     mV ;       ; 01:31:51
   2:59'19"24 ; DC    ;  66,760 ;     mV ;       ; 01:31:51
   2:59'19"53 ; DC    ;  66,780 ;     mV ;       ; 01:31:52
   2:59'19"83 ; DC    ;  66,790 ;     mV ;       ; 01:31:52
   2:59'20"13 ; DC    ;  66,790 ;     mV ;       ; 01:31:52
   2:59'20"43 ; DC    ;  66,770 ;     mV ;       ; 01:31:53
   2:59'20"69 ; DC    ;  66,750 ;     mV ;       ; 01:31:53
   2:59'20"96 ; DC    ;  66,760 ;     mV ;       ; 01:31:53
   2:59'21"24 ; DC    ;  66,730 ;     mV ;       ; 01:31:53
   2:59'21"52 ; DC    ;  66,770 ;     mV ;       ; 01:31:54
   2:59'21"80 ; DC    ;  66,770 ;     mV ;       ; 01:31:54
   2:59'22"12 ; DC    ;  66,750 ;     mV ;       ; 01:31:54
   2:59'22"40 ; DC    ;  66,760 ;     mV ;       ; 01:31:55
   2:59'22"69 ; DC    ;  66,750 ;     mV ;       ; 01:31:55
   2:59'22"97 ; DC    ;  66,760 ;     mV ;       ; 01:31:55
   2:59'23"27 ; DC    ;  66,760 ;     mV ;       ; 01:31:55
   2:59'23"58 ; DC    ;  66,720 ;     mV ;       ; 01:31:56
   2:59'23"88 ; DC    ;  66,690 ;     mV ;       ; 01:31:56
   2:59'24"19 ; DC    ;  66,690 ;     mV ;       ; 01:31:56
   2:59'24"48 ; DC    ;  66,670 ;     mV ;       ; 01:31:57
   2:59'24"77 ; DC    ;  66,660 ;     mV ;       ; 01:31:57
   2:59'25"07 ; DC    ;  66,660 ;     mV ;       ; 01:31:57
   2:59'25"36 ; DC    ;  66,740 ;     mV ;       ; 01:31:58
   2:59'25"64 ; DC    ;  66,740 ;     mV ;       ; 01:31:58
   2:59'25"91 ; DC    ;  66,730 ;     mV ;       ; 01:31:58
   2:59'26"19 ; DC    ;  66,740 ;     mV ;       ; 01:31:58
   2:59'26"46 ; DC    ;  66,740 ;     mV ;       ; 01:31:59
   2:59'26"75 ; DC    ;  66,760 ;     mV ;       ; 01:31:59
   2:59'27"03 ; DC    ;  66,740 ;     mV ;       ; 01:31:59
   2:59'27"32 ; DC    ;  66,710 ;     mV ;       ; 01:31:59
   2:59'27"60 ; DC    ;  66,750 ;     mV ;       ; 01:32:00
   2:59'27"87 ; DC    ;  66,740 ;     mV ;       ; 01:32:00
   2:59'28"15 ; DC    ;  66,770 ;     mV ;       ; 01:32:00
   2:59'28"44 ; DC    ;  66,750 ;     mV ;       ; 01:32:01
   2:59'28"72 ; DC    ;  66,750 ;     mV ;       ; 01:32:01
   2:59'29"04 ; DC    ;  66,730 ;     mV ;       ; 01:32:01
   2:59'29"35 ; DC    ;  66,760 ;     mV ;       ; 01:32:02
   2:59'29"65 ; DC    ;  66,760 ;     mV ;       ; 01:32:02
   2:59'29"97 ; DC    ;  66,780 ;     mV ;       ; 01:32:02
   2:59'30"27 ; DC    ;  66,790 ;     mV ;       ; 01:32:02
   2:59'30"57 ; DC    ;  66,780 ;     mV ;       ; 01:32:03
   2:59'30"88 ; DC    ;  66,790 ;     mV ;       ; 01:32:03
   2:59'31"18 ; DC    ;  66,770 ;     mV ;       ; 01:32:03
   2:59'31"48 ; DC    ;  66,750 ;     mV ;       ; 01:32:04
   2:59'31"77 ; DC    ;  66,760 ;     mV ;       ; 01:32:04
   2:59'32"06 ; DC    ;  66,800 ;     mV ;       ; 01:32:04
   2:59'32"34 ; DC    ;  66,790 ;     mV ;       ; 01:32:05
   2:59'32"63 ; DC    ;  66,780 ;     mV ;       ; 01:32:05
   2:59'32"95 ; DC    ;  66,770 ;     mV ;       ; 01:32:05
   2:59'33"23 ; DC    ;  66,780 ;     mV ;       ; 01:32:05
   2:59'33"50 ; DC    ;  66,790 ;     mV ;       ; 01:32:06
   2:59'33"76 ; DC    ;  66,790 ;     mV ;       ; 01:32:06
   2:59'34"04 ; DC    ;  66,790 ;     mV ;       ; 01:32:06
   2:59'34"33 ; DC    ;  66,760 ;     mV ;       ; 01:32:06
   2:59'34"62 ; DC    ;  66,760 ;     mV ;       ; 01:32:07
   2:59'34"90 ; DC    ;  66,760 ;     mV ;       ; 01:32:07
   2:59'35"20 ; DC    ;  66,730 ;     mV ;       ; 01:32:07
   2:59'35"50 ; DC    ;  66,710 ;     mV ;       ; 01:32:08
   2:59'35"80 ; DC    ;  66,690 ;     mV ;       ; 01:32:08
   2:59'36"10 ; DC    ;  66,710 ;     mV ;       ; 01:32:08
   2:59'36"40 ; DC    ;  66,670 ;     mV ;       ; 01:32:09
   2:59'36"68 ; DC    ;  66,650 ;     mV ;       ; 01:32:09
   2:59'36"99 ; DC    ;  66,660 ;     mV ;       ; 01:32:09
   2:59'37"29 ; DC    ;  66,670 ;     mV ;       ; 01:32:09
   2:59'37"59 ; DC    ;  66,670 ;     mV ;       ; 01:32:10
   2:59'37"88 ; DC    ;  66,710 ;     mV ;       ; 01:32:10
   2:59'38"17 ; DC    ;  66,770 ;     mV ;       ; 01:32:10
   2:59'38"47 ; DC    ;  66,750 ;     mV ;       ; 01:32:11
   2:59'38"77 ; DC    ;  66,740 ;     mV ;       ; 01:32:11
   2:59'39"06 ; DC    ;  66,720 ;     mV ;       ; 01:32:11
   2:59'39"36 ; DC    ;  66,720 ;     mV ;       ; 01:32:12
   2:59'39"66 ; DC    ;  66,710 ;     mV ;       ; 01:32:12
   2:59'39"95 ; DC    ;  66,680 ;     mV ;       ; 01:32:12
   2:59'40"25 ; DC    ;  66,650 ;     mV ;       ; 01:32:12
   2:59'40"54 ; DC    ;  66,660 ;     mV ;       ; 01:32:13
   2:59'40"83 ; DC    ;  66,670 ;     mV ;       ; 01:32:13
   2:59'41"16 ; DC    ;  66,660 ;     mV ;       ; 01:32:13
   2:59'41"52 ; DC    ;  66,640 ;     mV ;       ; 01:32:14
   2:59'41"85 ; DC    ;  66,620 ;     mV ;       ; 01:32:14
   2:59'42"15 ; DC    ;  66,610 ;     mV ;       ; 01:32:14
   2:59'42"44 ; DC    ;  66,630 ;     mV ;       ; 01:32:15
   2:59'42"74 ; DC    ;  66,620 ;     mV ;       ; 01:32:15
   2:59'43"02 ; DC    ;  66,630 ;     mV ;       ; 01:32:15
   2:59'43"36 ; DC    ;  66,630 ;     mV ;       ; 01:32:16
   2:59'43"66 ; DC    ;  66,730 ;     mV ;       ; 01:32:16
   2:59'43"94 ; DC    ;  66,730 ;     mV ;       ; 01:32:16
   2:59'44"23 ; DC    ;  66,740 ;     mV ;       ; 01:32:16
   2:59'44"51 ; DC    ;  66,730 ;     mV ;       ; 01:32:17
   2:59'44"80 ; DC    ;  66,740 ;     mV ;       ; 01:32:17
   2:59'45"11 ; DC    ;  66,740 ;     mV ;       ; 01:32:17
   2:59'45"40 ; DC    ;  66,730 ;     mV ;       ; 01:32:18
   2:59'45"69 ; DC    ;  66,730 ;     mV ;       ; 01:32:18
   2:59'45"97 ; DC    ;  66,740 ;     mV ;       ; 01:32:18
   2:59'46"25 ; DC    ;  66,670 ;     mV ;       ; 01:32:18
   2:59'46"53 ; DC    ;  66,670 ;     mV ;       ; 01:32:19
   2:59'46"81 ; DC    ;  66,640 ;     mV ;       ; 01:32:19
   2:59'47"07 ; DC    ;  66,650 ;     mV ;       ; 01:32:19
   2:59'47"35 ; DC    ;  66,670 ;     mV ;       ; 01:32:20
   2:59'47"66 ; DC    ;  66,640 ;     mV ;       ; 01:32:20
   2:59'47"99 ; DC    ;  66,650 ;     mV ;       ; 01:32:20
   2:59'48"30 ; DC    ;  66,660 ;     mV ;       ; 01:32:20
   2:59'48"60 ; DC    ;  66,750 ;     mV ;       ; 01:32:21
   2:59'48"92 ; DC    ;  66,750 ;     mV ;       ; 01:32:21
   2:59'49"22 ; DC    ;  66,740 ;     mV ;       ; 01:32:21
   2:59'49"54 ; DC    ;  66,760 ;     mV ;       ; 01:32:22
   2:59'49"85 ; DC    ;  66,760 ;     mV ;       ; 01:32:22
   2:59'50"14 ; DC    ;  66,760 ;     mV ;       ; 01:32:22
   2:59'50"44 ; DC    ;  66,750 ;     mV ;       ; 01:32:23
   2:59'50"73 ; DC    ;  66,750 ;     mV ;       ; 01:32:23
   2:59'51"04 ; DC    ;  66,760 ;     mV ;       ; 01:32:23
   2:59'51"35 ; DC    ;  66,770 ;     mV ;       ; 01:32:24
   2:59'51"72 ; DC    ;  66,780 ;     mV ;       ; 01:32:24
   2:59'52"01 ; DC    ;  66,750 ;     mV ;       ; 01:32:24
   2:59'52"29 ; DC    ;  66,760 ;     mV ;       ; 01:32:24
   2:59'52"56 ; DC    ;  66,760 ;     mV ;       ; 01:32:25
   2:59'52"84 ; DC    ;  66,740 ;     mV ;       ; 01:32:25
   2:59'53"13 ; DC    ;  66,750 ;     mV ;       ; 01:32:25
   2:59'53"42 ; DC    ;  66,750 ;     mV ;       ; 01:32:26
   2:59'53"70 ; DC    ;  66,740 ;     mV ;       ; 01:32:26
   2:59'53"97 ; DC    ;  66,770 ;     mV ;       ; 01:32:26
   2:59'54"24 ; DC    ;  66,740 ;     mV ;       ; 01:32:26
   2:59'54"51 ; DC    ;  66,760 ;     mV ;       ; 01:32:27
   2:59'54"79 ; DC    ;  66,740 ;     mV ;       ; 01:32:27
   2:59'55"07 ; DC    ;  66,760 ;     mV ;       ; 01:32:27
   2:59'55"38 ; DC    ;  66,760 ;     mV ;       ; 01:32:28
   2:59'55"66 ; DC    ;  66,760 ;     mV ;       ; 01:32:28
   2:59'55"94 ; DC    ;  66,760 ;     mV ;       ; 01:32:28
   2:59'56"24 ; DC    ;  66,770 ;     mV ;       ; 01:32:28
   2:59'56"52 ; DC    ;  66,770 ;     mV ;       ; 01:32:29
   2:59'56"83 ; DC    ;  66,760 ;     mV ;       ; 01:32:29
   2:59'57"14 ; DC    ;  66,760 ;     mV ;       ; 01:32:29
   2:59'57"41 ; DC    ;  66,760 ;     mV ;       ; 01:32:30
   2:59'57"71 ; DC    ;  66,750 ;     mV ;       ; 01:32:30
   2:59'57"97 ; DC    ;  66,750 ;     mV ;       ; 01:32:30
   2:59'58"26 ; DC    ;  66,740 ;     mV ;       ; 01:32:30
   2:59'58"54 ; DC    ;  66,760 ;     mV ;       ; 01:32:31
   2:59'58"82 ; DC    ;  66,740 ;     mV ;       ; 01:32:31
   2:59'59"11 ; DC    ;  66,730 ;     mV ;       ; 01:32:31
   2:59'59"37 ; DC    ;  66,750 ;     mV ;       ; 01:32:32
   2:59'59"63 ; DC    ;  66,750 ;     mV ;       ; 01:32:32
   2:59'59"90 ; DC    ;  66,730 ;     mV ;       ; 01:32:32
   3:00'00"22 ; DC    ;  66,740 ;     mV ;       ; 01:32:32
   3:00'00"52 ; DC    ;  66,750 ;     mV ;       ; 01:32:33
   3:00'00"83 ; DC    ;  66,770 ;     mV ;       ; 01:32:33
   3:00'01"11 ; DC    ;  66,770 ;     mV ;       ; 01:32:33
   3:00'01"43 ; DC    ;  66,770 ;     mV ;       ; 01:32:34
   3:00'01"75 ; DC    ;  66,770 ;     mV ;       ; 01:32:34
   3:00'02"04 ; DC    ;  66,780 ;     mV ;       ; 01:32:34
   3:00'02"46 ; DC    ;  66,790 ;     mV ;       ; 01:32:35
   3:00'02"73 ; DC    ;  66,800 ;     mV ;       ; 01:32:35
   3:00'03"03 ; DC    ;  66,780 ;     mV ;       ; 01:32:35
   3:00'03"32 ; DC    ;  66,770 ;     mV ;       ; 01:32:35
   3:00'03"60 ; DC    ;  66,780 ;     mV ;       ; 01:32:36
   3:00'03"92 ; DC    ;  66,770 ;     mV ;       ; 01:32:36
   3:00'04"22 ; DC    ;  66,780 ;     mV ;       ; 01:32:36
   3:00'04"54 ; DC    ;  66,780 ;     mV ;       ; 01:32:37
   3:00'04"82 ; DC    ;  66,790 ;     mV ;       ; 01:32:37
   3:00'05"10 ; DC    ;  66,790 ;     mV ;       ; 01:32:37
   3:00'05"40 ; DC    ;  66,780 ;     mV ;       ; 01:32:38
   3:00'05"72 ; DC    ;  66,790 ;     mV ;       ; 01:32:38
   3:00'06"00 ; DC    ;  66,780 ;     mV ;       ; 01:32:38
   3:00'06"31 ; DC    ;  66,760 ;     mV ;       ; 01:32:38
   3:00'06"63 ; DC    ;  66,770 ;     mV ;       ; 01:32:39
   3:00'06"93 ; DC    ;  66,760 ;     mV ;       ; 01:32:39
   3:00'07"21 ; DC    ;  66,690 ;     mV ;       ; 01:32:39
   3:00'07"52 ; DC    ;  66,700 ;     mV ;       ; 01:32:40
   3:00'07"80 ; DC    ;  66,710 ;     mV ;       ; 01:32:40
   3:00'08"10 ; DC    ;  66,730 ;     mV ;       ; 01:32:40
   3:00'08"38 ; DC    ;  66,770 ;     mV ;       ; 01:32:41
   3:00'08"67 ; DC    ;  66,770 ;     mV ;       ; 01:32:41
   3:00'08"97 ; DC    ;  66,770 ;     mV ;       ; 01:32:41
   3:00'09"28 ; DC    ;  66,770 ;     mV ;       ; 01:32:41
   3:00'09"58 ; DC    ;  66,770 ;     mV ;       ; 01:32:42
   3:00'09"91 ; DC    ;  66,780 ;     mV ;       ; 01:32:42
   3:00'10"22 ; DC    ;  66,790 ;     mV ;       ; 01:32:42
   3:00'10"50 ; DC    ;  66,800 ;     mV ;       ; 01:32:43
   3:00'10"79 ; DC    ;  66,820 ;     mV ;       ; 01:32:43
   3:00'11"07 ; DC    ;  66,790 ;     mV ;       ; 01:32:43
   3:00'11"35 ; DC    ;  66,800 ;     mV ;       ; 01:32:44
   3:00'11"64 ; DC    ;  66,800 ;     mV ;       ; 01:32:44
   3:00'11"92 ; DC    ;  66,800 ;     mV ;       ; 01:32:44
   3:00'12"19 ; DC    ;  66,790 ;     mV ;       ; 01:32:44
   3:00'12"47 ; DC    ;  66,780 ;     mV ;       ; 01:32:45
   3:00'12"77 ; DC    ;  66,780 ;     mV ;       ; 01:32:45
   3:00'13"05 ; DC    ;  66,780 ;     mV ;       ; 01:32:45
   3:00'13"32 ; DC    ;  66,780 ;     mV ;       ; 01:32:45
   3:00'13"62 ; DC    ;  66,760 ;     mV ;       ; 01:32:46
   3:00'13"93 ; DC    ;  66,780 ;     mV ;       ; 01:32:46
   3:00'14"24 ; DC    ;  66,800 ;     mV ;       ; 01:32:46
   3:00'14"52 ; DC    ;  66,810 ;     mV ;       ; 01:32:47
   3:00'14"82 ; DC    ;  66,800 ;     mV ;       ; 01:32:47
   3:00'15"11 ; DC    ;  66,800 ;     mV ;       ; 01:32:47
   3:00'15"41 ; DC    ;  66,780 ;     mV ;       ; 01:32:48
   3:00'15"68 ; DC    ;  66,790 ;     mV ;       ; 01:32:48
   3:00'15"97 ; DC    ;  66,780 ;     mV ;       ; 01:32:48
   3:00'16"26 ; DC    ;  66,780 ;     mV ;       ; 01:32:48
   3:00'16"55 ; DC    ;  66,790 ;     mV ;       ; 01:32:49
   3:00'16"86 ; DC    ;  66,790 ;     mV ;       ; 01:32:49
   3:00'17"15 ; DC    ;  66,790 ;     mV ;       ; 01:32:49
   3:00'17"44 ; DC    ;  66,780 ;     mV ;       ; 01:32:50
   3:00'17"71 ; DC    ;  66,800 ;     mV ;       ; 01:32:50
   3:00'17"99 ; DC    ;  66,790 ;     mV ;       ; 01:32:50
   3:00'18"26 ; DC    ;  66,770 ;     mV ;       ; 01:32:50
   3:00'18"52 ; DC    ;  66,780 ;     mV ;       ; 01:32:51
   3:00'18"82 ; DC    ;  66,790 ;     mV ;       ; 01:32:51
   3:00'19"10 ; DC    ;  66,780 ;     mV ;       ; 01:32:51
   3:00'19"41 ; DC    ;  66,780 ;     mV ;       ; 01:32:52
   3:00'19"68 ; DC    ;  66,770 ;     mV ;       ; 01:32:52
   3:00'19"98 ; DC    ;  66,760 ;     mV ;       ; 01:32:52
   3:00'20"28 ; DC    ;  66,770 ;     mV ;       ; 01:32:52
   3:00'20"57 ; DC    ;  66,770 ;     mV ;       ; 01:32:53
   3:00'20"85 ; DC    ;  66,760 ;     mV ;       ; 01:32:53
   3:00'21"14 ; DC    ;  66,730 ;     mV ;       ; 01:32:53
   3:00'21"48 ; DC    ;  66,710 ;     mV ;       ; 01:32:54
   3:00'21"78 ; DC    ;  66,720 ;     mV ;       ; 01:32:54
   3:00'22"09 ; DC    ;  66,700 ;     mV ;       ; 01:32:54
   3:00'22"37 ; DC    ;  66,710 ;     mV ;       ; 01:32:55
   3:00'22"67 ; DC    ;  66,710 ;     mV ;       ; 01:32:55
   3:00'22"95 ; DC    ;  66,730 ;     mV ;       ; 01:32:55
   3:00'23"21 ; DC    ;  66,730 ;     mV ;       ; 01:32:55
   3:00'23"53 ; DC    ;  66,730 ;     mV ;       ; 01:32:56
   3:00'23"84 ; DC    ;  66,700 ;     mV ;       ; 01:32:56
   3:00'24"14 ; DC    ;  66,720 ;     mV ;       ; 01:32:56
   3:00'24"42 ; DC    ;  66,740 ;     mV ;       ; 01:32:57
   3:00'24"70 ; DC    ;  66,770 ;     mV ;       ; 01:32:57
   3:00'25"01 ; DC    ;  66,770 ;     mV ;       ; 01:32:57
   3:00'25"29 ; DC    ;  66,730 ;     mV ;       ; 01:32:57
   3:00'25"57 ; DC    ;  66,720 ;     mV ;       ; 01:32:58
   3:00'25"87 ; DC    ;  66,680 ;     mV ;       ; 01:32:58
   3:00'26"19 ; DC    ;  66,690 ;     mV ;       ; 01:32:58
   3:00'26"53 ; DC    ;  66,700 ;     mV ;       ; 01:32:59
   3:00'26"81 ; DC    ;  66,710 ;     mV ;       ; 01:32:59
   3:00'27"18 ; DC    ;  66,720 ;     mV ;       ; 01:32:59
   3:00'27"49 ; DC    ;  66,750 ;     mV ;       ; 01:33:00
   3:00'27"78 ; DC    ;  66,720 ;     mV ;       ; 01:33:00
   3:00'28"06 ; DC    ;  66,720 ;     mV ;       ; 01:33:00
   3:00'28"34 ; DC    ;  66,740 ;     mV ;       ; 01:33:01
   3:00'28"62 ; DC    ;  66,740 ;     mV ;       ; 01:33:01
   3:00'28"93 ; DC    ;  66,740 ;     mV ;       ; 01:33:01
   3:00'29"27 ; DC    ;  66,730 ;     mV ;       ; 01:33:01
   3:00'29"55 ; DC    ;  66,720 ;     mV ;       ; 01:33:02
   3:00'29"83 ; DC    ;  66,720 ;     mV ;       ; 01:33:02
   3:00'30"11 ; DC    ;  66,700 ;     mV ;       ; 01:33:02
   3:00'30"39 ; DC    ;  66,710 ;     mV ;       ; 01:33:03
   3:00'30"66 ; DC    ;  66,720 ;     mV ;       ; 01:33:03
   3:00'30"93 ; DC    ;  66,700 ;     mV ;       ; 01:33:03
   3:00'31"22 ; DC    ;  66,690 ;     mV ;       ; 01:33:03
   3:00'31"50 ; DC    ;  66,660 ;     mV ;       ; 01:33:04
   3:00'31"77 ; DC    ;  66,650 ;     mV ;       ; 01:33:04
   3:00'32"05 ; DC    ;  66,690 ;     mV ;       ; 01:33:04
   3:00'32"33 ; DC    ;  66,700 ;     mV ;       ; 01:33:05
   3:00'32"60 ; DC    ;  66,710 ;     mV ;       ; 01:33:05
   3:00'32"87 ; DC    ;  66,720 ;     mV ;       ; 01:33:05
   3:00'33"13 ; DC    ;  66,720 ;     mV ;       ; 01:33:05
   3:00'33"41 ; DC    ;  66,720 ;     mV ;       ; 01:33:06
   3:00'33"71 ; DC    ;  66,710 ;     mV ;       ; 01:33:06
   3:00'33"98 ; DC    ;  66,700 ;     mV ;       ; 01:33:06
   3:00'34"24 ; DC    ;  66,690 ;     mV ;       ; 01:33:06
   3:00'34"54 ; DC    ;  66,700 ;     mV ;       ; 01:33:07
   3:00'34"82 ; DC    ;  66,690 ;     mV ;       ; 01:33:07
   3:00'35"11 ; DC    ;  66,680 ;     mV ;       ; 01:33:07
   3:00'35"40 ; DC    ;  66,690 ;     mV ;       ; 01:33:08
   3:00'35"68 ; DC    ;  66,680 ;     mV ;       ; 01:33:08
   3:00'35"96 ; DC    ;  66,690 ;     mV ;       ; 01:33:08
   3:00'36"26 ; DC    ;  66,690 ;     mV ;       ; 01:33:08
   3:00'36"54 ; DC    ;  66,680 ;     mV ;       ; 01:33:09
   3:00'36"82 ; DC    ;  66,700 ;     mV ;       ; 01:33:09
   3:00'37"11 ; DC    ;  66,710 ;     mV ;       ; 01:33:09
   3:00'37"42 ; DC    ;  66,690 ;     mV ;       ; 01:33:10
   3:00'37"69 ; DC    ;  66,670 ;     mV ;       ; 01:33:10
   3:00'37"97 ; DC    ;  66,670 ;     mV ;       ; 01:33:10
   3:00'38"25 ; DC    ;  66,640 ;     mV ;       ; 01:33:10
   3:00'38"53 ; DC    ;  66,640 ;     mV ;       ; 01:33:11
   3:00'38"84 ; DC    ;  66,640 ;     mV ;       ; 01:33:11
   3:00'39"11 ; DC    ;  66,680 ;     mV ;       ; 01:33:11
   3:00'39"41 ; DC    ;  66,690 ;     mV ;       ; 01:33:12
   3:00'39"69 ; DC    ;  66,700 ;     mV ;       ; 01:33:12
   3:00'39"98 ; DC    ;  66,700 ;     mV ;       ; 01:33:12
   3:00'40"26 ; DC    ;  66,700 ;     mV ;       ; 01:33:12
   3:00'40"55 ; DC    ;  66,690 ;     mV ;       ; 01:33:13
   3:00'40"83 ; DC    ;  66,700 ;     mV ;       ; 01:33:13
   3:00'41"14 ; DC    ;  66,710 ;     mV ;       ; 01:33:13
   3:00'41"46 ; DC    ;  66,720 ;     mV ;       ; 01:33:14
   3:00'41"74 ; DC    ;  66,710 ;     mV ;       ; 01:33:14
   3:00'42"06 ; DC    ;  66,710 ;     mV ;       ; 01:33:14
   3:00'42"36 ; DC    ;  66,700 ;     mV ;       ; 01:33:15
   3:00'42"65 ; DC    ;  66,690 ;     mV ;       ; 01:33:15
   3:00'42"92 ; DC    ;  66,690 ;     mV ;       ; 01:33:15
   3:00'43"20 ; DC    ;  66,700 ;     mV ;       ; 01:33:15
   3:00'43"48 ; DC    ;  66,690 ;     mV ;       ; 01:33:16
   3:00'43"74 ; DC    ;  66,690 ;     mV ;       ; 01:33:16
   3:00'44"05 ; DC    ;  66,710 ;     mV ;       ; 01:33:16
   3:00'44"35 ; DC    ;  66,700 ;     mV ;       ; 01:33:17
   3:00'44"65 ; DC    ;  66,700 ;     mV ;       ; 01:33:17
   3:00'44"93 ; DC    ;  66,710 ;     mV ;       ; 01:33:17
   3:00'45"21 ; DC    ;  66,720 ;     mV ;       ; 01:33:17
   3:00'45"47 ; DC    ;  66,700 ;     mV ;       ; 01:33:18
   3:00'45"74 ; DC    ;  66,720 ;     mV ;       ; 01:33:18
   3:00'46"07 ; DC    ;  66,720 ;     mV ;       ; 01:33:18
   3:00'46"35 ; DC    ;  66,710 ;     mV ;       ; 01:33:19
   3:00'46"66 ; DC    ;  66,710 ;     mV ;       ; 01:33:19
   3:00'46"94 ; DC    ;  66,720 ;     mV ;       ; 01:33:19
   3:00'47"23 ; DC    ;  66,720 ;     mV ;       ; 01:33:19
   3:00'47"52 ; DC    ;  66,710 ;     mV ;       ; 01:33:20
   3:00'47"80 ; DC    ;  66,720 ;     mV ;       ; 01:33:20
   3:00'48"08 ; DC    ;  66,680 ;     mV ;       ; 01:33:20
   3:00'48"42 ; DC    ;  66,700 ;     mV ;       ; 01:33:21
   3:00'48"70 ; DC    ;  66,690 ;     mV ;       ; 01:33:21
   3:00'48"98 ; DC    ;  66,690 ;     mV ;       ; 01:33:21
   3:00'49"34 ; DC    ;  66,700 ;     mV ;       ; 01:33:22
   3:00'49"66 ; DC    ;  66,680 ;     mV ;       ; 01:33:22
   3:00'49"96 ; DC    ;  66,690 ;     mV ;       ; 01:33:22
   3:00'50"25 ; DC    ;  66,690 ;     mV ;       ; 01:33:22
   3:00'50"54 ; DC    ;  66,680 ;     mV ;       ; 01:33:23
   3:00'50"84 ; DC    ;  66,690 ;     mV ;       ; 01:33:23
   3:00'51"10 ; DC    ;  66,690 ;     mV ;       ; 01:33:23
   3:00'51"41 ; DC    ;  66,660 ;     mV ;       ; 01:33:24
   3:00'51"69 ; DC    ;  66,660 ;     mV ;       ; 01:33:24
   3:00'51"96 ; DC    ;  66,680 ;     mV ;       ; 01:33:24
   3:00'52"23 ; DC    ;  66,670 ;     mV ;       ; 01:33:24
   3:00'52"49 ; DC    ;  66,680 ;     mV ;       ; 01:33:25
   3:00'52"79 ; DC    ;  66,680 ;     mV ;       ; 01:33:25
   3:00'53"06 ; DC    ;  66,660 ;     mV ;       ; 01:33:25
   3:00'53"33 ; DC    ;  66,680 ;     mV ;       ; 01:33:26
   3:00'53"62 ; DC    ;  66,660 ;     mV ;       ; 01:33:26
   3:00'53"92 ; DC    ;  66,660 ;     mV ;       ; 01:33:26
   3:00'54"21 ; DC    ;  66,680 ;     mV ;       ; 01:33:26
   3:00'54"52 ; DC    ;  66,690 ;     mV ;       ; 01:33:27
   3:00'54"81 ; DC    ;  66,690 ;     mV ;       ; 01:33:27
   3:00'55"11 ; DC    ;  66,720 ;     mV ;       ; 01:33:27
   3:00'55"40 ; DC    ;  66,670 ;     mV ;       ; 01:33:28
   3:00'55"70 ; DC    ;  66,710 ;     mV ;       ; 01:33:28
   3:00'56"02 ; DC    ;  66,730 ;     mV ;       ; 01:33:28
   3:00'56"32 ; DC    ;  66,730 ;     mV ;       ; 01:33:28
   3:00'56"62 ; DC    ;  66,730 ;     mV ;       ; 01:33:29
   3:00'56"90 ; DC    ;  66,680 ;     mV ;       ; 01:33:29
   3:00'57"19 ; DC    ;  66,650 ;     mV ;       ; 01:33:29
   3:00'57"49 ; DC    ;  66,720 ;     mV ;       ; 01:33:30
   3:00'57"78 ; DC    ;  66,650 ;     mV ;       ; 01:33:30
   3:00'58"07 ; DC    ;  66,640 ;     mV ;       ; 01:33:30
   3:00'58"35 ; DC    ;  66,650 ;     mV ;       ; 01:33:31
   3:00'58"63 ; DC    ;  66,650 ;     mV ;       ; 01:33:31
   3:00'58"89 ; DC    ;  66,730 ;     mV ;       ; 01:33:31
   3:00'59"17 ; DC    ;  66,740 ;     mV ;       ; 01:33:31
   3:00'59"45 ; DC    ;  66,720 ;     mV ;       ; 01:33:32
   3:00'59"73 ; DC    ;  66,740 ;     mV ;       ; 01:33:32
   3:01'00"01 ; DC    ;  66,740 ;     mV ;       ; 01:33:32
   3:01'00"29 ; DC    ;  66,740 ;     mV ;       ; 01:33:32
   3:01'00"55 ; DC    ;  66,730 ;     mV ;       ; 01:33:33
   3:01'00"86 ; DC    ;  66,730 ;     mV ;       ; 01:33:33
   3:01'01"19 ; DC    ;  66,730 ;     mV ;       ; 01:33:33
   3:01'01"48 ; DC    ;  66,740 ;     mV ;       ; 01:33:34
   3:01'01"76 ; DC    ;  66,730 ;     mV ;       ; 01:33:34
   3:01'02"05 ; DC    ;  66,710 ;     mV ;       ; 01:33:34
   3:01'02"32 ; DC    ;  66,730 ;     mV ;       ; 01:33:34
   3:01'02"60 ; DC    ;  66,730 ;     mV ;       ; 01:33:35
   3:01'02"88 ; DC    ;  66,710 ;     mV ;       ; 01:33:35
   3:01'03"18 ; DC    ;  66,710 ;     mV ;       ; 01:33:35
   3:01'03"46 ; DC    ;  66,640 ;     mV ;       ; 01:33:36
   3:01'03"79 ; DC    ;  66,640 ;     mV ;       ; 01:33:36
   3:01'04"08 ; DC    ;  66,630 ;     mV ;       ; 01:33:36
   3:01'04"38 ; DC    ;  66,640 ;     mV ;       ; 01:33:37
   3:01'04"66 ; DC    ;  66,620 ;     mV ;       ; 01:33:37
   3:01'04"94 ; DC    ;  66,620 ;     mV ;       ; 01:33:37
   3:01'05"22 ; DC    ;  66,650 ;     mV ;       ; 01:33:37
   3:01'05"61 ; DC    ;  66,650 ;     mV ;       ; 01:33:38
   3:01'05"87 ; DC    ;  66,650 ;     mV ;       ; 01:33:38
   3:01'06"16 ; DC    ;  66,680 ;     mV ;       ; 01:33:38
   3:01'06"45 ; DC    ;  66,680 ;     mV ;       ; 01:33:39
   3:01'06"75 ; DC    ;  66,680 ;     mV ;       ; 01:33:39
   3:01'07"02 ; DC    ;  66,700 ;     mV ;       ; 01:33:39
   3:01'07"34 ; DC    ;  66,700 ;     mV ;       ; 01:33:40
   3:01'07"63 ; DC    ;  66,700 ;     mV ;       ; 01:33:40
   3:01'07"94 ; DC    ;  66,690 ;     mV ;       ; 01:33:40
   3:01'08"24 ; DC    ;  66,690 ;     mV ;       ; 01:33:40
   3:01'08"55 ; DC    ;  66,690 ;     mV ;       ; 01:33:41
   3:01'08"88 ; DC    ;  66,700 ;     mV ;       ; 01:33:41
   3:01'09"18 ; DC    ;  66,680 ;     mV ;       ; 01:33:41
   3:01'09"47 ; DC    ;  66,680 ;     mV ;       ; 01:33:42
   3:01'09"79 ; DC    ;  66,670 ;     mV ;       ; 01:33:42
   3:01'10"08 ; DC    ;  66,680 ;     mV ;       ; 01:33:42
   3:01'10"37 ; DC    ;  66,660 ;     mV ;       ; 01:33:43
   3:01'10"67 ; DC    ;  66,660 ;     mV ;       ; 01:33:43
   3:01'10"99 ; DC    ;  66,650 ;     mV ;       ; 01:33:43
   3:01'11"28 ; DC    ;  66,670 ;     mV ;       ; 01:33:43
   3:01'11"57 ; DC    ;  66,670 ;     mV ;       ; 01:33:44
   3:01'11"86 ; DC    ;  66,680 ;     mV ;       ; 01:33:44
   3:01'12"15 ; DC    ;  66,680 ;     mV ;       ; 01:33:44
   3:01'12"50 ; DC    ;  66,680 ;     mV ;       ; 01:33:45
   3:01'12"80 ; DC    ;  66,700 ;     mV ;       ; 01:33:45
   3:01'13"07 ; DC    ;  66,680 ;     mV ;       ; 01:33:45
   3:01'13"37 ; DC    ;  66,680 ;     mV ;       ; 01:33:46
   3:01'13"67 ; DC    ;  66,640 ;     mV ;       ; 01:33:46
   3:01'13"99 ; DC    ;  66,630 ;     mV ;       ; 01:33:46
   3:01'14"30 ; DC    ;  66,630 ;     mV ;       ; 01:33:46
   3:01'14"68 ; DC    ;  66,710 ;     mV ;       ; 01:33:47
   3:01'15"01 ; DC    ;  66,720 ;     mV ;       ; 01:33:47
   3:01'15"32 ; DC    ;  66,730 ;     mV ;       ; 01:33:47
   3:01'15"65 ; DC    ;  66,750 ;     mV ;       ; 01:33:48
   3:01'15"95 ; DC    ;  66,730 ;     mV ;       ; 01:33:48
   3:01'16"26 ; DC    ;  66,730 ;     mV ;       ; 01:33:48
   3:01'16"59 ; DC    ;  66,730 ;     mV ;       ; 01:33:49
   3:01'16"89 ; DC    ;  66,740 ;     mV ;       ; 01:33:49
   3:01'17"21 ; DC    ;  66,740 ;     mV ;       ; 01:33:49
   3:01'17"51 ; DC    ;  66,730 ;     mV ;       ; 01:33:50
   3:01'17"83 ; DC    ;  66,730 ;     mV ;       ; 01:33:50
   3:01'18"16 ; DC    ;  66,730 ;     mV ;       ; 01:33:50
   3:01'18"45 ; DC    ;  66,710 ;     mV ;       ; 01:33:51
   3:01'18"77 ; DC    ;  66,710 ;     mV ;       ; 01:33:51
   3:01'19"08 ; DC    ;  66,690 ;     mV ;       ; 01:33:51
   3:01'19"38 ; DC    ;  66,700 ;     mV ;       ; 01:33:52
   3:01'19"70 ; DC    ;  66,710 ;     mV ;       ; 01:33:52
   3:01'19"99 ; DC    ;  66,720 ;     mV ;       ; 01:33:52
   3:01'20"31 ; DC    ;  66,750 ;     mV ;       ; 01:33:52
   3:01'20"58 ; DC    ;  66,740 ;     mV ;       ; 01:33:53
   3:01'20"87 ; DC    ;  66,740 ;     mV ;       ; 01:33:53
   3:01'21"15 ; DC    ;  66,720 ;     mV ;       ; 01:33:53
   3:01'21"41 ; DC    ;  66,720 ;     mV ;       ; 01:33:54
   3:01'21"70 ; DC    ;  66,700 ;     mV ;       ; 01:33:54
   3:01'21"96 ; DC    ;  66,690 ;     mV ;       ; 01:33:54
   3:01'22"25 ; DC    ;  66,700 ;     mV ;       ; 01:33:54
   3:01'22"54 ; DC    ;  66,700 ;     mV ;       ; 01:33:55
   3:01'22"84 ; DC    ;  66,690 ;     mV ;       ; 01:33:55
   3:01'23"14 ; DC    ;  66,690 ;     mV ;       ; 01:33:55
   3:01'23"45 ; DC    ;  66,680 ;     mV ;       ; 01:33:56
   3:01'23"75 ; DC    ;  66,660 ;     mV ;       ; 01:33:56
   3:01'24"03 ; DC    ;  66,640 ;     mV ;       ; 01:33:56
   3:01'24"30 ; DC    ;  66,630 ;     mV ;       ; 01:33:56
   3:01'24"68 ; DC    ;  66,640 ;     mV ;       ; 01:33:57
   3:01'24"96 ; DC    ;  66,650 ;     mV ;       ; 01:33:57
   3:01'25"24 ; DC    ;  66,650 ;     mV ;       ; 01:33:57
   3:01'25"53 ; DC    ;  66,640 ;     mV ;       ; 01:33:58
   3:01'25"80 ; DC    ;  66,630 ;     mV ;       ; 01:33:58
   3:01'26"10 ; DC    ;  66,730 ;     mV ;       ; 01:33:58
   3:01'26"38 ; DC    ;  66,720 ;     mV ;       ; 01:33:59
   3:01'26"67 ; DC    ;  66,720 ;     mV ;       ; 01:33:59
   3:01'26"99 ; DC    ;  66,730 ;     mV ;       ; 01:33:59
   3:01'27"29 ; DC    ;  66,740 ;     mV ;       ; 01:33:59
   3:01'27"58 ; DC    ;  66,740 ;     mV ;       ; 01:34:00
   3:01'27"89 ; DC    ;  66,730 ;     mV ;       ; 01:34:00
   3:01'28"18 ; DC    ;  66,730 ;     mV ;       ; 01:34:00
   3:01'28"46 ; DC    ;  66,740 ;     mV ;       ; 01:34:01
   3:01'28"74 ; DC    ;  66,740 ;     mV ;       ; 01:34:01
   3:01'29"03 ; DC    ;  66,720 ;     mV ;       ; 01:34:01
   3:01'29"34 ; DC    ;  66,730 ;     mV ;       ; 01:34:02
   3:01'29"62 ; DC    ;  66,720 ;     mV ;       ; 01:34:02
   3:01'29"88 ; DC    ;  66,730 ;     mV ;       ; 01:34:02
   3:01'30"16 ; DC    ;  66,730 ;     mV ;       ; 01:34:02
   3:01'30"42 ; DC    ;  66,740 ;     mV ;       ; 01:34:03
   3:01'30"71 ; DC    ;  66,740 ;     mV ;       ; 01:34:03
   3:01'31"01 ; DC    ;  66,700 ;     mV ;       ; 01:34:03
   3:01'31"29 ; DC    ;  66,700 ;     mV ;       ; 01:34:03
   3:01'31"57 ; DC    ;  66,670 ;     mV ;       ; 01:34:04
   3:01'31"85 ; DC    ;  66,650 ;     mV ;       ; 01:34:04
   3:01'32"14 ; DC    ;  66,660 ;     mV ;       ; 01:34:04
   3:01'32"40 ; DC    ;  66,690 ;     mV ;       ; 01:34:05
   3:01'32"67 ; DC    ;  66,660 ;     mV ;       ; 01:34:05
   3:01'32"93 ; DC    ;  66,620 ;     mV ;       ; 01:34:05
   3:01'33"19 ; DC    ;  66,630 ;     mV ;       ; 01:34:05
   3:01'33"47 ; DC    ;  66,620 ;     mV ;       ; 01:34:06
   3:01'33"76 ; DC    ;  66,640 ;     mV ;       ; 01:34:06
   3:01'34"07 ; DC    ;  66,640 ;     mV ;       ; 01:34:06
   3:01'34"36 ; DC    ;  66,640 ;     mV ;       ; 01:34:07
   3:01'34"69 ; DC    ;  66,640 ;     mV ;       ; 01:34:07
   3:01'35"00 ; DC    ;  66,640 ;     mV ;       ; 01:34:07
   3:01'35"29 ; DC    ;  66,650 ;     mV ;       ; 01:34:07
   3:01'35"60 ; DC    ;  66,650 ;     mV ;       ; 01:34:08
   3:01'35"92 ; DC    ;  66,660 ;     mV ;       ; 01:34:08
   3:01'36"23 ; DC    ;  66,650 ;     mV ;       ; 01:34:08
   3:01'36"52 ; DC    ;  66,650 ;     mV ;       ; 01:34:09
   3:01'36"83 ; DC    ;  66,650 ;     mV ;       ; 01:34:09
   3:01'37"12 ; DC    ;  66,640 ;     mV ;       ; 01:34:09
   3:01'37"42 ; DC    ;  66,690 ;     mV ;       ; 01:34:10
   3:01'37"72 ; DC    ;  66,670 ;     mV ;       ; 01:34:10
   3:01'38"00 ; DC    ;  66,680 ;     mV ;       ; 01:34:10
   3:01'38"30 ; DC    ;  66,680 ;     mV ;       ; 01:34:10
   3:01'38"59 ; DC    ;  66,690 ;     mV ;       ; 01:34:11
   3:01'38"87 ; DC    ;  66,680 ;     mV ;       ; 01:34:11
   3:01'39"17 ; DC    ;  66,660 ;     mV ;       ; 01:34:11
   3:01'39"47 ; DC    ;  66,650 ;     mV ;       ; 01:34:12
   3:01'39"84 ; DC    ;  66,650 ;     mV ;       ; 01:34:12
   3:01'40"15 ; DC    ;  66,650 ;     mV ;       ; 01:34:12
   3:01'40"44 ; DC    ;  66,640 ;     mV ;       ; 01:34:13
   3:01'40"73 ; DC    ;  66,640 ;     mV ;       ; 01:34:13
   3:01'41"01 ; DC    ;  66,620 ;     mV ;       ; 01:34:13
   3:01'41"30 ; DC    ;  66,610 ;     mV ;       ; 01:34:13
   3:01'41"58 ; DC    ;  66,610 ;     mV ;       ; 01:34:14
   3:01'41"89 ; DC    ;  66,610 ;     mV ;       ; 01:34:14
   3:01'42"20 ; DC    ;  66,620 ;     mV ;       ; 01:34:14
   3:01'42"55 ; DC    ;  66,610 ;     mV ;       ; 01:34:15
   3:01'42"89 ; DC    ;  66,610 ;     mV ;       ; 01:34:15
   3:01'43"19 ; DC    ;  66,600 ;     mV ;       ; 01:34:15
   3:01'43"53 ; DC    ;  66,590 ;     mV ;       ; 01:34:16
   3:01'43"94 ; DC    ;  66,610 ;     mV ;       ; 01:34:16
   3:01'44"29 ; DC    ;  66,590 ;     mV ;       ; 01:34:16
   3:01'44"64 ; DC    ;  66,590 ;     mV ;       ; 01:34:17
   3:01'44"94 ; DC    ;  66,580 ;     mV ;       ; 01:34:17
   3:01'45"23 ; DC    ;  66,590 ;     mV ;       ; 01:34:17
   3:01'45"53 ; DC    ;  66,610 ;     mV ;       ; 01:34:18
   3:01'45"83 ; DC    ;  66,600 ;     mV ;       ; 01:34:18
   3:01'46"13 ; DC    ;  66,590 ;     mV ;       ; 01:34:18
   3:01'46"44 ; DC    ;  66,600 ;     mV ;       ; 01:34:19
   3:01'46"73 ; DC    ;  66,650 ;     mV ;       ; 01:34:19
   3:01'47"02 ; DC    ;  66,590 ;     mV ;       ; 01:34:19
   3:01'47"32 ; DC    ;  66,580 ;     mV ;       ; 01:34:19
   3:01'47"63 ; DC    ;  66,580 ;     mV ;       ; 01:34:20
   3:01'47"93 ; DC    ;  66,570 ;     mV ;       ; 01:34:20
   3:01'48"25 ; DC    ;  66,580 ;     mV ;       ; 01:34:20
   3:01'48"56 ; DC    ;  66,590 ;     mV ;       ; 01:34:21
   3:01'48"86 ; DC    ;  66,590 ;     mV ;       ; 01:34:21
   3:01'49"16 ; DC    ;  66,570 ;     mV ;       ; 01:34:21
   3:01'49"44 ; DC    ;  66,580 ;     mV ;       ; 01:34:22
   3:01'49"75 ; DC    ;  66,590 ;     mV ;       ; 01:34:22
   3:01'50"06 ; DC    ;  66,600 ;     mV ;       ; 01:34:22
   3:01'50"35 ; DC    ;  66,590 ;     mV ;       ; 01:34:23
   3:01'50"63 ; DC    ;  66,590 ;     mV ;       ; 01:34:23
   3:01'50"90 ; DC    ;  66,580 ;     mV ;       ; 01:34:23
   3:01'51"16 ; DC    ;  66,620 ;     mV ;       ; 01:34:23
   3:01'51"45 ; DC    ;  66,700 ;     mV ;       ; 01:34:24
   3:01'51"77 ; DC    ;  66,700 ;     mV ;       ; 01:34:24
   3:01'52"08 ; DC    ;  66,700 ;     mV ;       ; 01:34:24
   3:01'52"35 ; DC    ;  66,700 ;     mV ;       ; 01:34:25
   3:01'52"64 ; DC    ;  66,690 ;     mV ;       ; 01:34:25
   3:01'52"92 ; DC    ;  66,690 ;     mV ;       ; 01:34:25
   3:01'53"20 ; DC    ;  66,670 ;     mV ;       ; 01:34:25
   3:01'53"49 ; DC    ;  66,660 ;     mV ;       ; 01:34:26
   3:01'53"77 ; DC    ;  66,620 ;     mV ;       ; 01:34:26
   3:01'54"04 ; DC    ;  66,620 ;     mV ;       ; 01:34:26
   3:01'54"34 ; DC    ;  66,630 ;     mV ;       ; 01:34:27
   3:01'54"62 ; DC    ;  66,660 ;     mV ;       ; 01:34:27
   3:01'54"89 ; DC    ;  66,670 ;     mV ;       ; 01:34:27
   3:01'55"18 ; DC    ;  66,630 ;     mV ;       ; 01:34:27
   3:01'55"44 ; DC    ;  66,600 ;     mV ;       ; 01:34:28
   3:01'55"72 ; DC    ;  66,590 ;     mV ;       ; 01:34:28
   3:01'56"01 ; DC    ;  66,590 ;     mV ;       ; 01:34:28
   3:01'56"30 ; DC    ;  66,590 ;     mV ;       ; 01:34:28
   3:01'56"58 ; DC    ;  66,600 ;     mV ;       ; 01:34:29
   3:01'56"86 ; DC    ;  66,600 ;     mV ;       ; 01:34:29
   3:01'57"14 ; DC    ;  66,610 ;     mV ;       ; 01:34:29
   3:01'57"46 ; DC    ;  66,610 ;     mV ;       ; 01:34:30
   3:01'57"74 ; DC    ;  66,610 ;     mV ;       ; 01:34:30
   3:01'58"01 ; DC    ;  66,610 ;     mV ;       ; 01:34:30
   3:01'58"28 ; DC    ;  66,620 ;     mV ;       ; 01:34:30
   3:01'58"55 ; DC    ;  66,610 ;     mV ;       ; 01:34:31
   3:01'58"82 ; DC    ;  66,620 ;     mV ;       ; 01:34:31
   3:01'59"09 ; DC    ;  66,610 ;     mV ;       ; 01:34:31
   3:01'59"39 ; DC    ;  66,590 ;     mV ;       ; 01:34:32
   3:01'59"69 ; DC    ;  66,580 ;     mV ;       ; 01:34:32
   3:02'00"00 ; DC    ;  66,580 ;     mV ;       ; 01:34:32
   3:02'00"28 ; DC    ;  66,600 ;     mV ;       ; 01:34:32
   3:02'00"60 ; DC    ;  66,600 ;     mV ;       ; 01:34:33
   3:02'00"89 ; DC    ;  66,600 ;     mV ;       ; 01:34:33
   3:02'01"18 ; DC    ;  66,600 ;     mV ;       ; 01:34:33
   3:02'01"44 ; DC    ;  66,600 ;     mV ;       ; 01:34:34
   3:02'01"72 ; DC    ;  66,610 ;     mV ;       ; 01:34:34
   3:02'01"99 ; DC    ;  66,590 ;     mV ;       ; 01:34:34
   3:02'02"26 ; DC    ;  66,590 ;     mV ;       ; 01:34:34
   3:02'02"54 ; DC    ;  66,590 ;     mV ;       ; 01:34:35
   3:02'02"84 ; DC    ;  66,590 ;     mV ;       ; 01:34:35
   3:02'03"12 ; DC    ;  66,610 ;     mV ;       ; 01:34:35
   3:02'03"40 ; DC    ;  66,610 ;     mV ;       ; 01:34:36
   3:02'03"69 ; DC    ;  66,610 ;     mV ;       ; 01:34:36
   3:02'03"96 ; DC    ;  66,610 ;     mV ;       ; 01:34:36
   3:02'04"23 ; DC    ;  66,610 ;     mV ;       ; 01:34:36
   3:02'04"49 ; DC    ;  66,590 ;     mV ;       ; 01:34:37
   3:02'04"78 ; DC    ;  66,600 ;     mV ;       ; 01:34:37
   3:02'05"06 ; DC    ;  66,580 ;     mV ;       ; 01:34:37
   3:02'05"32 ; DC    ;  66,590 ;     mV ;       ; 01:34:37
   3:02'05"62 ; DC    ;  66,580 ;     mV ;       ; 01:34:38
   3:02'05"89 ; DC    ;  66,580 ;     mV ;       ; 01:34:38
   3:02'06"19 ; DC    ;  66,580 ;     mV ;       ; 01:34:38
   3:02'06"46 ; DC    ;  66,570 ;     mV ;       ; 01:34:39
   3:02'06"72 ; DC    ;  66,570 ;     mV ;       ; 01:34:39
   3:02'07"01 ; DC    ;  66,570 ;     mV ;       ; 01:34:39
   3:02'07"29 ; DC    ;  66,580 ;     mV ;       ; 01:34:39
   3:02'07"59 ; DC    ;  66,580 ;     mV ;       ; 01:34:40
   3:02'07"87 ; DC    ;  66,580 ;     mV ;       ; 01:34:40
   3:02'08"15 ; DC    ;  66,570 ;     mV ;       ; 01:34:40
   3:02'08"43 ; DC    ;  66,580 ;     mV ;       ; 01:34:41
   3:02'08"71 ; DC    ;  66,570 ;     mV ;       ; 01:34:41
   3:02'08"97 ; DC    ;  66,580 ;     mV ;       ; 01:34:41
   3:02'09"26 ; DC    ;  66,590 ;     mV ;       ; 01:34:41
   3:02'09"55 ; DC    ;  66,600 ;     mV ;       ; 01:34:42
   3:02'09"82 ; DC    ;  66,590 ;     mV ;       ; 01:34:42
   3:02'10"10 ; DC    ;  66,590 ;     mV ;       ; 01:34:42
   3:02'10"40 ; DC    ;  66,580 ;     mV ;       ; 01:34:43
   3:02'10"69 ; DC    ;  66,580 ;     mV ;       ; 01:34:43
   3:02'11"00 ; DC    ;  66,580 ;     mV ;       ; 01:34:43
   3:02'11"29 ; DC    ;  66,590 ;     mV ;       ; 01:34:43
   3:02'11"57 ; DC    ;  66,600 ;     mV ;       ; 01:34:44
   3:02'11"85 ; DC    ;  66,600 ;     mV ;       ; 01:34:44
   3:02'12"13 ; DC    ;  66,640 ;     mV ;       ; 01:34:44
   3:02'12"43 ; DC    ;  66,640 ;     mV ;       ; 01:34:45
   3:02'12"74 ; DC    ;  66,640 ;     mV ;       ; 01:34:45
   3:02'13"03 ; DC    ;  66,640 ;     mV ;       ; 01:34:45
   3:02'13"32 ; DC    ;  66,650 ;     mV ;       ; 01:34:45
   3:02'13"61 ; DC    ;  66,650 ;     mV ;       ; 01:34:46
   3:02'13"89 ; DC    ;  66,650 ;     mV ;       ; 01:34:46
   3:02'14"18 ; DC    ;  66,640 ;     mV ;       ; 01:34:46
   3:02'14"47 ; DC    ;  66,610 ;     mV ;       ; 01:34:47
   3:02'14"76 ; DC    ;  66,600 ;     mV ;       ; 01:34:47
   3:02'15"06 ; DC    ;  66,600 ;     mV ;       ; 01:34:47
   3:02'15"37 ; DC    ;  66,620 ;     mV ;       ; 01:34:48
   3:02'15"65 ; DC    ;  66,620 ;     mV ;       ; 01:34:48
   3:02'15"97 ; DC    ;  66,640 ;     mV ;       ; 01:34:48
   3:02'16"25 ; DC    ;  66,650 ;     mV ;       ; 01:34:48
   3:02'16"54 ; DC    ;  66,660 ;     mV ;       ; 01:34:49
   3:02'16"84 ; DC    ;  66,650 ;     mV ;       ; 01:34:49
   3:02'17"14 ; DC    ;  66,660 ;     mV ;       ; 01:34:49
   3:02'17"43 ; DC    ;  66,670 ;     mV ;       ; 01:34:50
   3:02'17"69 ; DC    ;  66,670 ;     mV ;       ; 01:34:50
   3:02'17"99 ; DC    ;  66,680 ;     mV ;       ; 01:34:50
   3:02'18"29 ; DC    ;  66,680 ;     mV ;       ; 01:34:50
   3:02'18"61 ; DC    ;  66,690 ;     mV ;       ; 01:34:51
   3:02'18"96 ; DC    ;  66,680 ;     mV ;       ; 01:34:51
   3:02'19"25 ; DC    ;  66,690 ;     mV ;       ; 01:34:51
   3:02'19"57 ; DC    ;  66,660 ;     mV ;       ; 01:34:52
   3:02'19"87 ; DC    ;  66,640 ;     mV ;       ; 01:34:52
   3:02'20"17 ; DC    ;  66,630 ;     mV ;       ; 01:34:52
   3:02'20"47 ; DC    ;  66,610 ;     mV ;       ; 01:34:53
   3:02'20"75 ; DC    ;  66,630 ;     mV ;       ; 01:34:53
   3:02'21"03 ; DC    ;  66,600 ;     mV ;       ; 01:34:53
   3:02'21"31 ; DC    ;  66,610 ;     mV ;       ; 01:34:53
   3:02'21"60 ; DC    ;  66,630 ;     mV ;       ; 01:34:54
   3:02'21"88 ; DC    ;  66,640 ;     mV ;       ; 01:34:54
   3:02'22"17 ; DC    ;  66,620 ;     mV ;       ; 01:34:54
   3:02'22"45 ; DC    ;  66,610 ;     mV ;       ; 01:34:55
   3:02'22"72 ; DC    ;  66,600 ;     mV ;       ; 01:34:55
   3:02'22"99 ; DC    ;  66,630 ;     mV ;       ; 01:34:55
   3:02'23"25 ; DC    ;  66,600 ;     mV ;       ; 01:34:55
   3:02'23"53 ; DC    ;  66,590 ;     mV ;       ; 01:34:56
   3:02'23"83 ; DC    ;  66,590 ;     mV ;       ; 01:34:56
   3:02'24"11 ; DC    ;  66,580 ;     mV ;       ; 01:34:56
   3:02'24"40 ; DC    ;  66,590 ;     mV ;       ; 01:34:57
   3:02'24"69 ; DC    ;  66,590 ;     mV ;       ; 01:34:57
   3:02'24"99 ; DC    ;  66,600 ;     mV ;       ; 01:34:57
   3:02'25"31 ; DC    ;  66,600 ;     mV ;       ; 01:34:57
   3:02'25"61 ; DC    ;  66,600 ;     mV ;       ; 01:34:58
   3:02'25"92 ; DC    ;  66,600 ;     mV ;       ; 01:34:58
   3:02'26"23 ; DC    ;  66,610 ;     mV ;       ; 01:34:58
   3:02'26"54 ; DC    ;  66,650 ;     mV ;       ; 01:34:59
   3:02'26"86 ; DC    ;  66,610 ;     mV ;       ; 01:34:59
   3:02'27"15 ; DC    ;  66,610 ;     mV ;       ; 01:34:59
   3:02'27"47 ; DC    ;  66,610 ;     mV ;       ; 01:35:00
   3:02'27"77 ; DC    ;  66,580 ;     mV ;       ; 01:35:00
   3:02'28"06 ; DC    ;  66,580 ;     mV ;       ; 01:35:00
   3:02'28"39 ; DC    ;  66,600 ;     mV ;       ; 01:35:01
   3:02'28"68 ; DC    ;  66,580 ;     mV ;       ; 01:35:01
   3:02'28"96 ; DC    ;  66,590 ;     mV ;       ; 01:35:01
   3:02'29"26 ; DC    ;  66,590 ;     mV ;       ; 01:35:01
   3:02'29"54 ; DC    ;  66,600 ;     mV ;       ; 01:35:02
   3:02'29"84 ; DC    ;  66,600 ;     mV ;       ; 01:35:02
   3:02'30"13 ; DC    ;  66,590 ;     mV ;       ; 01:35:02
   3:02'30"42 ; DC    ;  66,590 ;     mV ;       ; 01:35:03
   3:02'30"71 ; DC    ;  66,620 ;     mV ;       ; 01:35:03
   3:02'30"99 ; DC    ;  66,620 ;     mV ;       ; 01:35:03
   3:02'31"27 ; DC    ;  66,620 ;     mV ;       ; 01:35:03
   3:02'31"57 ; DC    ;  66,630 ;     mV ;       ; 01:35:04
   3:02'31"88 ; DC    ;  66,630 ;     mV ;       ; 01:35:04
   3:02'32"18 ; DC    ;  66,610 ;     mV ;       ; 01:35:04
   3:02'32"48 ; DC    ;  66,600 ;     mV ;       ; 01:35:05
   3:02'32"78 ; DC    ;  66,620 ;     mV ;       ; 01:35:05
   3:02'33"13 ; DC    ;  66,620 ;     mV ;       ; 01:35:05
   3:02'33"47 ; DC    ;  66,620 ;     mV ;       ; 01:35:06
   3:02'33"76 ; DC    ;  66,630 ;     mV ;       ; 01:35:06
   3:02'34"04 ; DC    ;  66,620 ;     mV ;       ; 01:35:06
   3:02'34"32 ; DC    ;  66,620 ;     mV ;       ; 01:35:06
   3:02'34"63 ; DC    ;  66,610 ;     mV ;       ; 01:35:07
   3:02'34"92 ; DC    ;  66,600 ;     mV ;       ; 01:35:07
   3:02'35"22 ; DC    ;  66,610 ;     mV ;       ; 01:35:07
   3:02'35"51 ; DC    ;  66,640 ;     mV ;       ; 01:35:08
   3:02'35"79 ; DC    ;  66,610 ;     mV ;       ; 01:35:08
   3:02'36"11 ; DC    ;  66,620 ;     mV ;       ; 01:35:08
   3:02'36"39 ; DC    ;  66,620 ;     mV ;       ; 01:35:09
   3:02'36"69 ; DC    ;  66,620 ;     mV ;       ; 01:35:09
   3:02'36"98 ; DC    ;  66,620 ;     mV ;       ; 01:35:09
   3:02'37"26 ; DC    ;  66,620 ;     mV ;       ; 01:35:09
   3:02'37"56 ; DC    ;  66,620 ;     mV ;       ; 01:35:10
   3:02'37"86 ; DC    ;  66,630 ;     mV ;       ; 01:35:10
   3:02'38"20 ; DC    ;  66,650 ;     mV ;       ; 01:35:10
   3:02'38"49 ; DC    ;  66,630 ;     mV ;       ; 01:35:11
   3:02'38"80 ; DC    ;  66,630 ;     mV ;       ; 01:35:11
   3:02'39"08 ; DC    ;  66,630 ;     mV ;       ; 01:35:11
   3:02'39"37 ; DC    ;  66,630 ;     mV ;       ; 01:35:12
   3:02'39"65 ; DC    ;  66,630 ;     mV ;       ; 01:35:12
   3:02'39"94 ; DC    ;  66,620 ;     mV ;       ; 01:35:12
   3:02'40"27 ; DC    ;  66,620 ;     mV ;       ; 01:35:12
   3:02'40"56 ; DC    ;  66,630 ;     mV ;       ; 01:35:13
   3:02'40"85 ; DC    ;  66,620 ;     mV ;       ; 01:35:13
   3:02'41"13 ; DC    ;  66,630 ;     mV ;       ; 01:35:13
   3:02'41"43 ; DC    ;  66,630 ;     mV ;       ; 01:35:14
   3:02'41"75 ; DC    ;  66,640 ;     mV ;       ; 01:35:14
   3:02'42"04 ; DC    ;  66,650 ;     mV ;       ; 01:35:14
   3:02'42"35 ; DC    ;  66,620 ;     mV ;       ; 01:35:15
   3:02'42"63 ; DC    ;  66,620 ;     mV ;       ; 01:35:15
   3:02'42"96 ; DC    ;  66,620 ;     mV ;       ; 01:35:15
   3:02'43"24 ; DC    ;  66,610 ;     mV ;       ; 01:35:15
   3:02'43"50 ; DC    ;  66,600 ;     mV ;       ; 01:35:16
   3:02'43"80 ; DC    ;  66,610 ;     mV ;       ; 01:35:16
   3:02'44"10 ; DC    ;  66,610 ;     mV ;       ; 01:35:16
   3:02'44"40 ; DC    ;  66,610 ;     mV ;       ; 01:35:17
   3:02'44"67 ; DC    ;  66,590 ;     mV ;       ; 01:35:17
   3:02'44"94 ; DC    ;  66,610 ;     mV ;       ; 01:35:17
   3:02'45"22 ; DC    ;  66,610 ;     mV ;       ; 01:35:17
   3:02'45"52 ; DC    ;  66,620 ;     mV ;       ; 01:35:18
   3:02'45"81 ; DC    ;  66,610 ;     mV ;       ; 01:35:18
   3:02'46"08 ; DC    ;  66,620 ;     mV ;       ; 01:35:18
   3:02'46"38 ; DC    ;  66,620 ;     mV ;       ; 01:35:19
   3:02'46"65 ; DC    ;  66,610 ;     mV ;       ; 01:35:19
   3:02'46"94 ; DC    ;  66,620 ;     mV ;       ; 01:35:19
   3:02'47"23 ; DC    ;  66,620 ;     mV ;       ; 01:35:19
   3:02'47"49 ; DC    ;  66,610 ;     mV ;       ; 01:35:20
   3:02'47"77 ; DC    ;  66,610 ;     mV ;       ; 01:35:20
   3:02'48"05 ; DC    ;  66,620 ;     mV ;       ; 01:35:20
   3:02'48"34 ; DC    ;  66,600 ;     mV ;       ; 01:35:21
   3:02'48"65 ; DC    ;  66,620 ;     mV ;       ; 01:35:21
   3:02'48"93 ; DC    ;  66,610 ;     mV ;       ; 01:35:21
   3:02'49"19 ; DC    ;  66,620 ;     mV ;       ; 01:35:21
   3:02'49"49 ; DC    ;  66,610 ;     mV ;       ; 01:35:22
   3:02'49"81 ; DC    ;  66,610 ;     mV ;       ; 01:35:22
   3:02'50"11 ; DC    ;  66,620 ;     mV ;       ; 01:35:22
   3:02'50"41 ; DC    ;  66,610 ;     mV ;       ; 01:35:23
   3:02'50"69 ; DC    ;  66,600 ;     mV ;       ; 01:35:23
   3:02'51"01 ; DC    ;  66,600 ;     mV ;       ; 01:35:23
   3:02'51"32 ; DC    ;  66,600 ;     mV ;       ; 01:35:23
   3:02'51"66 ; DC    ;  66,610 ;     mV ;       ; 01:35:24
   3:02'51"96 ; DC    ;  66,610 ;     mV ;       ; 01:35:24
   3:02'52"28 ; DC    ;  66,600 ;     mV ;       ; 01:35:24
   3:02'52"58 ; DC    ;  66,600 ;     mV ;       ; 01:35:25
   3:02'52"86 ; DC    ;  66,600 ;     mV ;       ; 01:35:25
   3:02'53"17 ; DC    ;  66,610 ;     mV ;       ; 01:35:25
   3:02'53"47 ; DC    ;  66,600 ;     mV ;       ; 01:35:26
   3:02'53"76 ; DC    ;  66,610 ;     mV ;       ; 01:35:26
   3:02'54"10 ; DC    ;  66,610 ;     mV ;       ; 01:35:26
   3:02'54"38 ; DC    ;  66,610 ;     mV ;       ; 01:35:27
   3:02'54"66 ; DC    ;  66,600 ;     mV ;       ; 01:35:27
   3:02'54"93 ; DC    ;  66,590 ;     mV ;       ; 01:35:27
   3:02'55"21 ; DC    ;  66,540 ;     mV ;       ; 01:35:27
   3:02'55"47 ; DC    ;  66,530 ;     mV ;       ; 01:35:28
   3:02'55"76 ; DC    ;  66,540 ;     mV ;       ; 01:35:28
   3:02'56"04 ; DC    ;  66,520 ;     mV ;       ; 01:35:28
   3:02'56"32 ; DC    ;  66,520 ;     mV ;       ; 01:35:28
   3:02'56"60 ; DC    ;  66,540 ;     mV ;       ; 01:35:29
   3:02'56"88 ; DC    ;  66,530 ;     mV ;       ; 01:35:29
   3:02'57"16 ; DC    ;  66,520 ;     mV ;       ; 01:35:29
   3:02'57"43 ; DC    ;  66,540 ;     mV ;       ; 01:35:30
   3:02'57"71 ; DC    ;  66,540 ;     mV ;       ; 01:35:30
   3:02'57"99 ; DC    ;  66,540 ;     mV ;       ; 01:35:30
   3:02'58"27 ; DC    ;  66,530 ;     mV ;       ; 01:35:30
   3:02'58"55 ; DC    ;  66,560 ;     mV ;       ; 01:35:31
   3:02'58"83 ; DC    ;  66,590 ;     mV ;       ; 01:35:31
   3:02'59"10 ; DC    ;  66,590 ;     mV ;       ; 01:35:31
   3:02'59"38 ; DC    ;  66,560 ;     mV ;       ; 01:35:32
   3:02'59"66 ; DC    ;  66,560 ;     mV ;       ; 01:35:32
   3:02'59"94 ; DC    ;  66,570 ;     mV ;       ; 01:35:32
   3:03'00"23 ; DC    ;  66,590 ;     mV ;       ; 01:35:32
   3:03'00"51 ; DC    ;  66,580 ;     mV ;       ; 01:35:33
   3:03'00"79 ; DC    ;  66,570 ;     mV ;       ; 01:35:33
   3:03'01"06 ; DC    ;  66,570 ;     mV ;       ; 01:35:33
   3:03'01"35 ; DC    ;  66,570 ;     mV ;       ; 01:35:34
   3:03'01"63 ; DC    ;  66,570 ;     mV ;       ; 01:35:34
   3:03'01"91 ; DC    ;  66,590 ;     mV ;       ; 01:35:34
   3:03'02"18 ; DC    ;  66,590 ;     mV ;       ; 01:35:34
   3:03'02"48 ; DC    ;  66,560 ;     mV ;       ; 01:35:35
   3:03'02"74 ; DC    ;  66,580 ;     mV ;       ; 01:35:35
   3:03'03"01 ; DC    ;  66,580 ;     mV ;       ; 01:35:35
   3:03'03"27 ; DC    ;  66,590 ;     mV ;       ; 01:35:35
   3:03'03"56 ; DC    ;  66,570 ;     mV ;       ; 01:35:36
   3:03'03"84 ; DC    ;  66,580 ;     mV ;       ; 01:35:36
   3:03'04"15 ; DC    ;  66,590 ;     mV ;       ; 01:35:36
   3:03'04"45 ; DC    ;  66,600 ;     mV ;       ; 01:35:37
   3:03'04"71 ; DC    ;  66,610 ;     mV ;       ; 01:35:37
   3:03'05"00 ; DC    ;  66,610 ;     mV ;       ; 01:35:37
   3:03'05"30 ; DC    ;  66,600 ;     mV ;       ; 01:35:37
   3:03'05"61 ; DC    ;  66,610 ;     mV ;       ; 01:35:38
   3:03'05"90 ; DC    ;  66,580 ;     mV ;       ; 01:35:38
   3:03'06"20 ; DC    ;  66,580 ;     mV ;       ; 01:35:38
   3:03'06"51 ; DC    ;  66,590 ;     mV ;       ; 01:35:39
   3:03'06"81 ; DC    ;  66,580 ;     mV ;       ; 01:35:39
   3:03'07"09 ; DC    ;  66,570 ;     mV ;       ; 01:35:39
   3:03'07"37 ; DC    ;  66,580 ;     mV ;       ; 01:35:40
   3:03'07"68 ; DC    ;  66,580 ;     mV ;       ; 01:35:40
   3:03'07"96 ; DC    ;  66,580 ;     mV ;       ; 01:35:40
   3:03'08"24 ; DC    ;  66,580 ;     mV ;       ; 01:35:40
   3:03'08"52 ; DC    ;  66,580 ;     mV ;       ; 01:35:41
   3:03'08"80 ; DC    ;  66,580 ;     mV ;       ; 01:35:41
   3:03'09"10 ; DC    ;  66,580 ;     mV ;       ; 01:35:41
   3:03'09"38 ; DC    ;  66,570 ;     mV ;       ; 01:35:42
   3:03'09"66 ; DC    ;  66,580 ;     mV ;       ; 01:35:42
   3:03'09"95 ; DC    ;  66,600 ;     mV ;       ; 01:35:42
   3:03'10"25 ; DC    ;  66,610 ;     mV ;       ; 01:35:42
   3:03'10"57 ; DC    ;  66,590 ;     mV ;       ; 01:35:43
   3:03'10"85 ; DC    ;  66,580 ;     mV ;       ; 01:35:43
   3:03'11"12 ; DC    ;  66,590 ;     mV ;       ; 01:35:43
   3:03'11"40 ; DC    ;  66,580 ;     mV ;       ; 01:35:44
   3:03'11"68 ; DC    ;  66,580 ;     mV ;       ; 01:35:44
   3:03'11"95 ; DC    ;  66,590 ;     mV ;       ; 01:35:44
   3:03'12"22 ; DC    ;  66,590 ;     mV ;       ; 01:35:44
   3:03'12"50 ; DC    ;  66,580 ;     mV ;       ; 01:35:45
   3:03'12"78 ; DC    ;  66,590 ;     mV ;       ; 01:35:45
   3:03'13"06 ; DC    ;  66,590 ;     mV ;       ; 01:35:45
   3:03'13"34 ; DC    ;  66,600 ;     mV ;       ; 01:35:46
   3:03'13"62 ; DC    ;  66,580 ;     mV ;       ; 01:35:46
   3:03'13"90 ; DC    ;  66,580 ;     mV ;       ; 01:35:46
   3:03'14"18 ; DC    ;  66,580 ;     mV ;       ; 01:35:46
   3:03'14"46 ; DC    ;  66,580 ;     mV ;       ; 01:35:47
   3:03'14"74 ; DC    ;  66,570 ;     mV ;       ; 01:35:47
   3:03'15"02 ; DC    ;  66,580 ;     mV ;       ; 01:35:47
   3:03'15"32 ; DC    ;  66,570 ;     mV ;       ; 01:35:47
   3:03'15"61 ; DC    ;  66,570 ;     mV ;       ; 01:35:48
   3:03'15"89 ; DC    ;  66,570 ;     mV ;       ; 01:35:48
   3:03'16"15 ; DC    ;  66,580 ;     mV ;       ; 01:35:48
   3:03'16"43 ; DC    ;  66,590 ;     mV ;       ; 01:35:49
   3:03'16"72 ; DC    ;  66,600 ;     mV ;       ; 01:35:49
   3:03'17"04 ; DC    ;  66,580 ;     mV ;       ; 01:35:49
   3:03'17"33 ; DC    ;  66,580 ;     mV ;       ; 01:35:49
   3:03'17"60 ; DC    ;  66,600 ;     mV ;       ; 01:35:50
   3:03'17"91 ; DC    ;  66,600 ;     mV ;       ; 01:35:50
   3:03'18"19 ; DC    ;  66,590 ;     mV ;       ; 01:35:50
   3:03'18"47 ; DC    ;  66,580 ;     mV ;       ; 01:35:51
   3:03'18"75 ; DC    ;  66,600 ;     mV ;       ; 01:35:51
   3:03'19"03 ; DC    ;  66,590 ;     mV ;       ; 01:35:51
   3:03'19"33 ; DC    ;  66,590 ;     mV ;       ; 01:35:51
   3:03'19"64 ; DC    ;  66,600 ;     mV ;       ; 01:35:52
   3:03'19"94 ; DC    ;  66,600 ;     mV ;       ; 01:35:52
   3:03'20"26 ; DC    ;  66,650 ;     mV ;       ; 01:35:52
   3:03'20"55 ; DC    ;  66,660 ;     mV ;       ; 01:35:53
   3:03'20"85 ; DC    ;  66,650 ;     mV ;       ; 01:35:53
   3:03'21"14 ; DC    ;  66,650 ;     mV ;       ; 01:35:53
   3:03'21"44 ; DC    ;  66,650 ;     mV ;       ; 01:35:54
   3:03'21"74 ; DC    ;  66,660 ;     mV ;       ; 01:35:54
   3:03'22"02 ; DC    ;  66,660 ;     mV ;       ; 01:35:54
   3:03'22"32 ; DC    ;  66,650 ;     mV ;       ; 01:35:54
   3:03'22"64 ; DC    ;  66,640 ;     mV ;       ; 01:35:55
   3:03'22"95 ; DC    ;  66,680 ;     mV ;       ; 01:35:55
   3:03'23"24 ; DC    ;  66,680 ;     mV ;       ; 01:35:55
   3:03'23"53 ; DC    ;  66,670 ;     mV ;       ; 01:35:56
   3:03'23"80 ; DC    ;  66,670 ;     mV ;       ; 01:35:56
   3:03'24"11 ; DC    ;  66,640 ;     mV ;       ; 01:35:56
   3:03'24"39 ; DC    ;  66,630 ;     mV ;       ; 01:35:57
   3:03'24"70 ; DC    ;  66,640 ;     mV ;       ; 01:35:57
   3:03'25"01 ; DC    ;  66,700 ;     mV ;       ; 01:35:57
   3:03'25"31 ; DC    ;  66,690 ;     mV ;       ; 01:35:57
   3:03'25"60 ; DC    ;  66,670 ;     mV ;       ; 01:35:58
   3:03'25"88 ; DC    ;  66,650 ;     mV ;       ; 01:35:58
   3:03'26"22 ; DC    ;  66,650 ;     mV ;       ; 01:35:58
   3:03'26"50 ; DC    ;  66,670 ;     mV ;       ; 01:35:59
   3:03'26"78 ; DC    ;  66,660 ;     mV ;       ; 01:35:59
   3:03'27"06 ; DC    ;  66,680 ;     mV ;       ; 01:35:59
   3:03'27"34 ; DC    ;  66,650 ;     mV ;       ; 01:36:00
   3:03'27"64 ; DC    ;  66,660 ;     mV ;       ; 01:36:00
   3:03'27"91 ; DC    ;  66,660 ;     mV ;       ; 01:36:00
   3:03'28"20 ; DC    ;  66,670 ;     mV ;       ; 01:36:00
   3:03'28"48 ; DC    ;  66,660 ;     mV ;       ; 01:36:01
   3:03'28"76 ; DC    ;  66,660 ;     mV ;       ; 01:36:01
   3:03'29"04 ; DC    ;  66,690 ;     mV ;       ; 01:36:01
   3:03'29"30 ; DC    ;  66,680 ;     mV ;       ; 01:36:01
   3:03'29"58 ; DC    ;  66,680 ;     mV ;       ; 01:36:02
   3:03'29"86 ; DC    ;  66,680 ;     mV ;       ; 01:36:02
   3:03'30"14 ; DC    ;  66,720 ;     mV ;       ; 01:36:02
   3:03'30"41 ; DC    ;  66,720 ;     mV ;       ; 01:36:03
   3:03'30"71 ; DC    ;  66,720 ;     mV ;       ; 01:36:03
   3:03'30"99 ; DC    ;  66,720 ;     mV ;       ; 01:36:03
   3:03'31"27 ; DC    ;  66,740 ;     mV ;       ; 01:36:03
   3:03'31"54 ; DC    ;  66,730 ;     mV ;       ; 01:36:04
   3:03'31"81 ; DC    ;  66,730 ;     mV ;       ; 01:36:04
   3:03'32"09 ; DC    ;  66,730 ;     mV ;       ; 01:36:04
   3:03'32"37 ; DC    ;  66,740 ;     mV ;       ; 01:36:05
   3:03'32"63 ; DC    ;  66,750 ;     mV ;       ; 01:36:05
   3:03'32"89 ; DC    ;  66,750 ;     mV ;       ; 01:36:05
   3:03'33"17 ; DC    ;  66,750 ;     mV ;       ; 01:36:05
   3:03'33"45 ; DC    ;  66,730 ;     mV ;       ; 01:36:06
   3:03'33"74 ; DC    ;  66,730 ;     mV ;       ; 01:36:06
   3:03'34"00 ; DC    ;  66,730 ;     mV ;       ; 01:36:06
   3:03'34"31 ; DC    ;  66,730 ;     mV ;       ; 01:36:06
   3:03'34"59 ; DC    ;  66,730 ;     mV ;       ; 01:36:07
   3:03'34"89 ; DC    ;  66,720 ;     mV ;       ; 01:36:07
   3:03'35"16 ; DC    ;  66,710 ;     mV ;       ; 01:36:07
   3:03'35"43 ; DC    ;  66,720 ;     mV ;       ; 01:36:08
   3:03'35"72 ; DC    ;  66,720 ;     mV ;       ; 01:36:08
   3:03'35"99 ; DC    ;  66,710 ;     mV ;       ; 01:36:08
   3:03'36"28 ; DC    ;  66,720 ;     mV ;       ; 01:36:08
   3:03'36"58 ; DC    ;  66,730 ;     mV ;       ; 01:36:09
   3:03'36"88 ; DC    ;  66,740 ;     mV ;       ; 01:36:09
   3:03'37"19 ; DC    ;  66,720 ;     mV ;       ; 01:36:09
   3:03'37"48 ; DC    ;  66,740 ;     mV ;       ; 01:36:10
   3:03'37"74 ; DC    ;  66,740 ;     mV ;       ; 01:36:10
   3:03'38"00 ; DC    ;  66,720 ;     mV ;       ; 01:36:10
   3:03'38"30 ; DC    ;  66,720 ;     mV ;       ; 01:36:10
   3:03'38"58 ; DC    ;  66,700 ;     mV ;       ; 01:36:11
   3:03'38"86 ; DC    ;  66,740 ;     mV ;       ; 01:36:11
   3:03'39"16 ; DC    ;  66,740 ;     mV ;       ; 01:36:11
   3:03'39"44 ; DC    ;  66,720 ;     mV ;       ; 01:36:12
   3:03'39"74 ; DC    ;  66,720 ;     mV ;       ; 01:36:12
   3:03'40"03 ; DC    ;  66,710 ;     mV ;       ; 01:36:12
   3:03'40"31 ; DC    ;  66,660 ;     mV ;       ; 01:36:12
   3:03'40"61 ; DC    ;  66,660 ;     mV ;       ; 01:36:13
   3:03'40"91 ; DC    ;  66,670 ;     mV ;       ; 01:36:13
   3:03'41"20 ; DC    ;  66,700 ;     mV ;       ; 01:36:13
   3:03'41"48 ; DC    ;  66,690 ;     mV ;       ; 01:36:14
   3:03'41"76 ; DC    ;  66,720 ;     mV ;       ; 01:36:14
   3:03'42"05 ; DC    ;  66,710 ;     mV ;       ; 01:36:14
   3:03'42"35 ; DC    ;  66,680 ;     mV ;       ; 01:36:15
   3:03'42"63 ; DC    ;  66,710 ;     mV ;       ; 01:36:15
   3:03'42"92 ; DC    ;  66,700 ;     mV ;       ; 01:36:15
   3:03'43"20 ; DC    ;  66,700 ;     mV ;       ; 01:36:15
   3:03'43"48 ; DC    ;  66,680 ;     mV ;       ; 01:36:16
   3:03'43"74 ; DC    ;  66,680 ;     mV ;       ; 01:36:16
   3:03'44"04 ; DC    ;  66,690 ;     mV ;       ; 01:36:16
   3:03'44"32 ; DC    ;  66,680 ;     mV ;       ; 01:36:16
   3:03'44"63 ; DC    ;  66,680 ;     mV ;       ; 01:36:17
   3:03'44"94 ; DC    ;  66,700 ;     mV ;       ; 01:36:17
   3:03'45"23 ; DC    ;  66,680 ;     mV ;       ; 01:36:17
   3:03'45"51 ; DC    ;  66,630 ;     mV ;       ; 01:36:18
   3:03'45"83 ; DC    ;  66,650 ;     mV ;       ; 01:36:18
   3:03'46"12 ; DC    ;  66,640 ;     mV ;       ; 01:36:18
   3:03'46"40 ; DC    ;  66,620 ;     mV ;       ; 01:36:19
   3:03'46"68 ; DC    ;  66,620 ;     mV ;       ; 01:36:19
   3:03'46"94 ; DC    ;  66,660 ;     mV ;       ; 01:36:19
   3:03'47"24 ; DC    ;  66,660 ;     mV ;       ; 01:36:19
   3:03'47"52 ; DC    ;  66,650 ;     mV ;       ; 01:36:20
   3:03'47"80 ; DC    ;  66,650 ;     mV ;       ; 01:36:20
   3:03'48"09 ; DC    ;  66,660 ;     mV ;       ; 01:36:20
   3:03'48"38 ; DC    ;  66,660 ;     mV ;       ; 01:36:21
   3:03'48"67 ; DC    ;  66,640 ;     mV ;       ; 01:36:21
   3:03'48"95 ; DC    ;  66,650 ;     mV ;       ; 01:36:21
   3:03'49"25 ; DC    ;  66,660 ;     mV ;       ; 01:36:21
   3:03'49"53 ; DC    ;  66,660 ;     mV ;       ; 01:36:22
   3:03'49"81 ; DC    ;  66,670 ;     mV ;       ; 01:36:22
   3:03'50"09 ; DC    ;  66,640 ;     mV ;       ; 01:36:22
   3:03'50"37 ; DC    ;  66,670 ;     mV ;       ; 01:36:23
   3:03'50"65 ; DC    ;  66,640 ;     mV ;       ; 01:36:23
   3:03'50"93 ; DC    ;  66,660 ;     mV ;       ; 01:36:23
   3:03'51"21 ; DC    ;  66,660 ;     mV ;       ; 01:36:23
   3:03'51"51 ; DC    ;  66,640 ;     mV ;       ; 01:36:24
   3:03'51"81 ; DC    ;  66,660 ;     mV ;       ; 01:36:24
   3:03'52"12 ; DC    ;  66,660 ;     mV ;       ; 01:36:24
   3:03'52"45 ; DC    ;  66,650 ;     mV ;       ; 01:36:25
   3:03'52"72 ; DC    ;  66,670 ;     mV ;       ; 01:36:25
   3:03'53"02 ; DC    ;  66,660 ;     mV ;       ; 01:36:25
   3:03'53"35 ; DC    ;  66,660 ;     mV ;       ; 01:36:26
   3:03'53"67 ; DC    ;  66,650 ;     mV ;       ; 01:36:26
   3:03'53"98 ; DC    ;  66,660 ;     mV ;       ; 01:36:26
   3:03'54"30 ; DC    ;  66,640 ;     mV ;       ; 01:36:26
   3:03'54"60 ; DC    ;  66,650 ;     mV ;       ; 01:36:27
   3:03'54"93 ; DC    ;  66,630 ;     mV ;       ; 01:36:27
   3:03'55"19 ; DC    ;  66,640 ;     mV ;       ; 01:36:27
   3:03'55"52 ; DC    ;  66,610 ;     mV ;       ; 01:36:28
   3:03'55"82 ; DC    ;  66,610 ;     mV ;       ; 01:36:28
   3:03'56"13 ; DC    ;  66,590 ;     mV ;       ; 01:36:28
   3:03'56"41 ; DC    ;  66,600 ;     mV ;       ; 01:36:29
   3:03'56"71 ; DC    ;  66,600 ;     mV ;       ; 01:36:29
   3:03'57"04 ; DC    ;  66,570 ;     mV ;       ; 01:36:29
   3:03'57"32 ; DC    ;  66,600 ;     mV ;       ; 01:36:29
   3:03'57"63 ; DC    ;  66,610 ;     mV ;       ; 01:36:30
   3:03'57"93 ; DC    ;  66,610 ;     mV ;       ; 01:36:30
   3:03'58"25 ; DC    ;  66,650 ;     mV ;       ; 01:36:30
   3:03'58"55 ; DC    ;  66,640 ;     mV ;       ; 01:36:31
   3:03'58"83 ; DC    ;  66,640 ;     mV ;       ; 01:36:31
   3:03'59"12 ; DC    ;  66,680 ;     mV ;       ; 01:36:31
   3:03'59"42 ; DC    ;  66,670 ;     mV ;       ; 01:36:32
   3:03'59"70 ; DC    ;  66,690 ;     mV ;       ; 01:36:32
   3:03'59"98 ; DC    ;  66,690 ;     mV ;       ; 01:36:32
   3:04'00"28 ; DC    ;  66,690 ;     mV ;       ; 01:36:32
   3:04'00"55 ; DC    ;  66,660 ;     mV ;       ; 01:36:33
   3:04'00"83 ; DC    ;  66,670 ;     mV ;       ; 01:36:33
   3:04'01"11 ; DC    ;  66,680 ;     mV ;       ; 01:36:33
   3:04'01"40 ; DC    ;  66,720 ;     mV ;       ; 01:36:34
   3:04'01"70 ; DC    ;  66,730 ;     mV ;       ; 01:36:34
   3:04'01"96 ; DC    ;  66,760 ;     mV ;       ; 01:36:34
   3:04'02"23 ; DC    ;  66,760 ;     mV ;       ; 01:36:34
   3:04'02"49 ; DC    ;  66,760 ;     mV ;       ; 01:36:35
   3:04'02"77 ; DC    ;  66,750 ;     mV ;       ; 01:36:35
   3:04'03"05 ; DC    ;  66,750 ;     mV ;       ; 01:36:35
   3:04'03"33 ; DC    ;  66,750 ;     mV ;       ; 01:36:35
   3:04'03"60 ; DC    ;  66,740 ;     mV ;       ; 01:36:36
   3:04'03"88 ; DC    ;  66,750 ;     mV ;       ; 01:36:36
   3:04'04"31 ; DC    ;  66,730 ;     mV ;       ; 01:36:36
   3:04'04"60 ; DC    ;  66,730 ;     mV ;       ; 01:36:37
   3:04'04"93 ; DC    ;  66,740 ;     mV ;       ; 01:36:37
   3:04'05"21 ; DC    ;  66,730 ;     mV ;       ; 01:36:37
   3:04'05"49 ; DC    ;  66,720 ;     mV ;       ; 01:36:38
   3:04'05"78 ; DC    ;  66,730 ;     mV ;       ; 01:36:38
   3:04'06"05 ; DC    ;  66,730 ;     mV ;       ; 01:36:38
   3:04'06"33 ; DC    ;  66,750 ;     mV ;       ; 01:36:39
   3:04'06"60 ; DC    ;  66,770 ;     mV ;       ; 01:36:39
   3:04'06"88 ; DC    ;  66,770 ;     mV ;       ; 01:36:39
   3:04'07"15 ; DC    ;  66,750 ;     mV ;       ; 01:36:39
   3:04'07"44 ; DC    ;  66,730 ;     mV ;       ; 01:36:40
   3:04'07"72 ; DC    ;  66,750 ;     mV ;       ; 01:36:40
   3:04'08"04 ; DC    ;  66,750 ;     mV ;       ; 01:36:40
   3:04'08"32 ; DC    ;  66,750 ;     mV ;       ; 01:36:40
   3:04'08"60 ; DC    ;  66,760 ;     mV ;       ; 01:36:41
   3:04'08"93 ; DC    ;  66,750 ;     mV ;       ; 01:36:41
   3:04'09"22 ; DC    ;  66,740 ;     mV ;       ; 01:36:41
   3:04'09"49 ; DC    ;  66,720 ;     mV ;       ; 01:36:42
   3:04'09"76 ; DC    ;  66,700 ;     mV ;       ; 01:36:42
   3:04'10"04 ; DC    ;  66,710 ;     mV ;       ; 01:36:42
   3:04'10"32 ; DC    ;  66,720 ;     mV ;       ; 01:36:42
   3:04'10"60 ; DC    ;  66,720 ;     mV ;       ; 01:36:43
   3:04'10"88 ; DC    ;  66,700 ;     mV ;       ; 01:36:43
   3:04'11"15 ; DC    ;  66,700 ;     mV ;       ; 01:36:43
   3:04'11"43 ; DC    ;  66,710 ;     mV ;       ; 01:36:44
   3:04'11"71 ; DC    ;  66,690 ;     mV ;       ; 01:36:44
   3:04'12"01 ; DC    ;  66,690 ;     mV ;       ; 01:36:44
   3:04'12"28 ; DC    ;  66,700 ;     mV ;       ; 01:36:44
   3:04'12"56 ; DC    ;  66,700 ;     mV ;       ; 01:36:45
   3:04'12"84 ; DC    ;  66,710 ;     mV ;       ; 01:36:45
   3:04'13"14 ; DC    ;  66,690 ;     mV ;       ; 01:36:45
   3:04'13"42 ; DC    ;  66,670 ;     mV ;       ; 01:36:46
   3:04'13"70 ; DC    ;  66,670 ;     mV ;       ; 01:36:46
   3:04'14"02 ; DC    ;  66,650 ;     mV ;       ; 01:36:46
   3:04'14"30 ; DC    ;  66,680 ;     mV ;       ; 01:36:46
   3:04'14"59 ; DC    ;  66,670 ;     mV ;       ; 01:36:47
   3:04'14"89 ; DC    ;  66,630 ;     mV ;       ; 01:36:47
   3:04'15"17 ; DC    ;  66,630 ;     mV ;       ; 01:36:47
   3:04'15"45 ; DC    ;  66,630 ;     mV ;       ; 01:36:48
   3:04'15"73 ; DC    ;  66,610 ;     mV ;       ; 01:36:48
   3:04'15"99 ; DC    ;  66,610 ;     mV ;       ; 01:36:48
   3:04'16"27 ; DC    ;  66,600 ;     mV ;       ; 01:36:48
   3:04'16"56 ; DC    ;  66,580 ;     mV ;       ; 01:36:49
   3:04'16"84 ; DC    ;  66,590 ;     mV ;       ; 01:36:49
   3:04'17"11 ; DC    ;  66,590 ;     mV ;       ; 01:36:49
   3:04'17"39 ; DC    ;  66,620 ;     mV ;       ; 01:36:50
   3:04'17"67 ; DC    ;  66,620 ;     mV ;       ; 01:36:50
   3:04'17"93 ; DC    ;  66,620 ;     mV ;       ; 01:36:50
   3:04'18"20 ; DC    ;  66,600 ;     mV ;       ; 01:36:50
   3:04'18"50 ; DC    ;  66,610 ;     mV ;       ; 01:36:51
   3:04'18"78 ; DC    ;  66,610 ;     mV ;       ; 01:36:51
   3:04'19"04 ; DC    ;  66,620 ;     mV ;       ; 01:36:51
   3:04'19"31 ; DC    ;  66,620 ;     mV ;       ; 01:36:51
   3:04'19"60 ; DC    ;  66,610 ;     mV ;       ; 01:36:52
   3:04'19"89 ; DC    ;  66,610 ;     mV ;       ; 01:36:52
   3:04'20"17 ; DC    ;  66,610 ;     mV ;       ; 01:36:52
   3:04'20"43 ; DC    ;  66,630 ;     mV ;       ; 01:36:53
   3:04'20"70 ; DC    ;  66,630 ;     mV ;       ; 01:36:53
   3:04'20"96 ; DC    ;  66,640 ;     mV ;       ; 01:36:53
   3:04'21"24 ; DC    ;  66,630 ;     mV ;       ; 01:36:53
   3:04'21"51 ; DC    ;  66,630 ;     mV ;       ; 01:36:54
   3:04'21"80 ; DC    ;  66,640 ;     mV ;       ; 01:36:54
   3:04'22"07 ; DC    ;  66,630 ;     mV ;       ; 01:36:54
   3:04'22"35 ; DC    ;  66,630 ;     mV ;       ; 01:36:55
   3:04'22"63 ; DC    ;  66,640 ;     mV ;       ; 01:36:55
   3:04'22"92 ; DC    ;  66,640 ;     mV ;       ; 01:36:55
   3:04'23"23 ; DC    ;  66,650 ;     mV ;       ; 01:36:55
   3:04'23"53 ; DC    ;  66,650 ;     mV ;       ; 01:36:56
   3:04'23"82 ; DC    ;  66,660 ;     mV ;       ; 01:36:56
   3:04'24"10 ; DC    ;  66,640 ;     mV ;       ; 01:36:56
   3:04'24"40 ; DC    ;  66,640 ;     mV ;       ; 01:36:57
   3:04'24"68 ; DC    ;  66,640 ;     mV ;       ; 01:36:57
   3:04'24"98 ; DC    ;  66,650 ;     mV ;       ; 01:36:57
   3:04'25"25 ; DC    ;  66,650 ;     mV ;       ; 01:36:57
   3:04'25"54 ; DC    ;  66,640 ;     mV ;       ; 01:36:58
   3:04'25"82 ; DC    ;  66,640 ;     mV ;       ; 01:36:58
   3:04'26"09 ; DC    ;  66,650 ;     mV ;       ; 01:36:58
   3:04'26"37 ; DC    ;  66,640 ;     mV ;       ; 01:36:59
   3:04'26"65 ; DC    ;  66,630 ;     mV ;       ; 01:36:59
   3:04'26"93 ; DC    ;  66,630 ;     mV ;       ; 01:36:59
   3:04'27"20 ; DC    ;  66,620 ;     mV ;       ; 01:36:59
   3:04'27"47 ; DC    ;  66,620 ;     mV ;       ; 01:37:00
   3:04'27"75 ; DC    ;  66,630 ;     mV ;       ; 01:37:00
   3:04'28"02 ; DC    ;  66,630 ;     mV ;       ; 01:37:00
   3:04'28"29 ; DC    ;  66,630 ;     mV ;       ; 01:37:00
   3:04'28"59 ; DC    ;  66,620 ;     mV ;       ; 01:37:01
   3:04'28"85 ; DC    ;  66,630 ;     mV ;       ; 01:37:01
   3:04'29"13 ; DC    ;  66,640 ;     mV ;       ; 01:37:01
   3:04'29"44 ; DC    ;  66,640 ;     mV ;       ; 01:37:02
   3:04'29"72 ; DC    ;  66,650 ;     mV ;       ; 01:37:02
   3:04'29"99 ; DC    ;  66,650 ;     mV ;       ; 01:37:02
   3:04'30"27 ; DC    ;  66,630 ;     mV ;       ; 01:37:02
   3:04'30"54 ; DC    ;  66,650 ;     mV ;       ; 01:37:03
   3:04'30"82 ; DC    ;  66,630 ;     mV ;       ; 01:37:03
   3:04'31"09 ; DC    ;  66,630 ;     mV ;       ; 01:37:03
   3:04'31"36 ; DC    ;  66,630 ;     mV ;       ; 01:37:04
   3:04'31"64 ; DC    ;  66,620 ;     mV ;       ; 01:37:04
   3:04'31"92 ; DC    ;  66,620 ;     mV ;       ; 01:37:04
   3:04'32"19 ; DC    ;  66,620 ;     mV ;       ; 01:37:04
   3:04'32"49 ; DC    ;  66,650 ;     mV ;       ; 01:37:05
   3:04'32"79 ; DC    ;  66,650 ;     mV ;       ; 01:37:05
   3:04'33"08 ; DC    ;  66,660 ;     mV ;       ; 01:37:05
   3:04'33"35 ; DC    ;  66,650 ;     mV ;       ; 01:37:06
   3:04'33"61 ; DC    ;  66,650 ;     mV ;       ; 01:37:06
   3:04'33"88 ; DC    ;  66,640 ;     mV ;       ; 01:37:06
   3:04'34"19 ; DC    ;  66,640 ;     mV ;       ; 01:37:06
   3:04'34"49 ; DC    ;  66,660 ;     mV ;       ; 01:37:07
   3:04'34"76 ; DC    ;  66,660 ;     mV ;       ; 01:37:07
   3:04'35"02 ; DC    ;  66,650 ;     mV ;       ; 01:37:07
   3:04'35"28 ; DC    ;  66,670 ;     mV ;       ; 01:37:07
   3:04'35"57 ; DC    ;  66,660 ;     mV ;       ; 01:37:08
   3:04'35"83 ; DC    ;  66,660 ;     mV ;       ; 01:37:08
   3:04'36"11 ; DC    ;  66,660 ;     mV ;       ; 01:37:08
   3:04'36"38 ; DC    ;  66,670 ;     mV ;       ; 01:37:09
   3:04'36"69 ; DC    ;  66,670 ;     mV ;       ; 01:37:09
   3:04'36"96 ; DC    ;  66,670 ;     mV ;       ; 01:37:09
   3:04'37"24 ; DC    ;  66,660 ;     mV ;       ; 01:37:09
   3:04'37"50 ; DC    ;  66,680 ;     mV ;       ; 01:37:10
   3:04'37"78 ; DC    ;  66,670 ;     mV ;       ; 01:37:10
   3:04'38"04 ; DC    ;  66,670 ;     mV ;       ; 01:37:10
   3:04'38"32 ; DC    ;  66,660 ;     mV ;       ; 01:37:10
   3:04'38"61 ; DC    ;  66,680 ;     mV ;       ; 01:37:11
   3:04'38"88 ; DC    ;  66,720 ;     mV ;       ; 01:37:11
   3:04'39"16 ; DC    ;  66,690 ;     mV ;       ; 01:37:11
   3:04'39"45 ; DC    ;  66,700 ;     mV ;       ; 01:37:12
   3:04'39"74 ; DC    ;  66,700 ;     mV ;       ; 01:37:12
   3:04'40"02 ; DC    ;  66,700 ;     mV ;       ; 01:37:12
   3:04'40"29 ; DC    ;  66,700 ;     mV ;       ; 01:37:12
   3:04'40"56 ; DC    ;  66,710 ;     mV ;       ; 01:37:13
   3:04'40"82 ; DC    ;  66,680 ;     mV ;       ; 01:37:13
   3:04'41"11 ; DC    ;  66,670 ;     mV ;       ; 01:37:13
   3:04'41"39 ; DC    ;  66,670 ;     mV ;       ; 01:37:14
   3:04'41"67 ; DC    ;  66,690 ;     mV ;       ; 01:37:14
   3:04'41"94 ; DC    ;  66,690 ;     mV ;       ; 01:37:14
   3:04'42"21 ; DC    ;  66,710 ;     mV ;       ; 01:37:14
   3:04'42"50 ; DC    ;  66,700 ;     mV ;       ; 01:37:15
   3:04'42"78 ; DC    ;  66,690 ;     mV ;       ; 01:37:15
   3:04'43"06 ; DC    ;  66,680 ;     mV ;       ; 01:37:15
   3:04'43"33 ; DC    ;  66,670 ;     mV ;       ; 01:37:16
   3:04'43"60 ; DC    ;  66,660 ;     mV ;       ; 01:37:16
   3:04'43"88 ; DC    ;  66,660 ;     mV ;       ; 01:37:16
   3:04'44"16 ; DC    ;  66,660 ;     mV ;       ; 01:37:16
   3:04'44"43 ; DC    ;  66,680 ;     mV ;       ; 01:37:17
   3:04'44"73 ; DC    ;  66,670 ;     mV ;       ; 01:37:17
   3:04'45"03 ; DC    ;  66,660 ;     mV ;       ; 01:37:17
   3:04'45"34 ; DC    ;  66,660 ;     mV ;       ; 01:37:18
   3:04'45"60 ; DC    ;  66,660 ;     mV ;       ; 01:37:18
   3:04'45"89 ; DC    ;  66,670 ;     mV ;       ; 01:37:18
   3:04'46"16 ; DC    ;  66,670 ;     mV ;       ; 01:37:18
   3:04'46"43 ; DC    ;  66,650 ;     mV ;       ; 01:37:19
   3:04'46"71 ; DC    ;  66,680 ;     mV ;       ; 01:37:19
   3:04'46"99 ; DC    ;  66,670 ;     mV ;       ; 01:37:19
   3:04'47"26 ; DC    ;  66,670 ;     mV ;       ; 01:37:19
   3:04'47"52 ; DC    ;  66,670 ;     mV ;       ; 01:37:20
   3:04'47"80 ; DC    ;  66,640 ;     mV ;       ; 01:37:20
   3:04'48"08 ; DC    ;  66,640 ;     mV ;       ; 01:37:20
   3:04'48"35 ; DC    ;  66,670 ;     mV ;       ; 01:37:21
   3:04'48"62 ; DC    ;  66,660 ;     mV ;       ; 01:37:21
   3:04'48"88 ; DC    ;  66,660 ;     mV ;       ; 01:37:21
   3:04'49"15 ; DC    ;  66,660 ;     mV ;       ; 01:37:21
   3:04'49"43 ; DC    ;  66,660 ;     mV ;       ; 01:37:22
   3:04'49"69 ; DC    ;  66,640 ;     mV ;       ; 01:37:22
   3:04'49"99 ; DC    ;  66,630 ;     mV ;       ; 01:37:22
   3:04'50"26 ; DC    ;  66,640 ;     mV ;       ; 01:37:22
   3:04'50"52 ; DC    ;  66,650 ;     mV ;       ; 01:37:23
   3:04'50"79 ; DC    ;  66,650 ;     mV ;       ; 01:37:23
   3:04'51"07 ; DC    ;  66,650 ;     mV ;       ; 01:37:23
   3:04'51"35 ; DC    ;  66,650 ;     mV ;       ; 01:37:24
   3:04'51"64 ; DC    ;  66,660 ;     mV ;       ; 01:37:24
   3:04'51"93 ; DC    ;  66,690 ;     mV ;       ; 01:37:24
   3:04'52"19 ; DC    ;  66,700 ;     mV ;       ; 01:37:24
   3:04'52"49 ; DC    ;  66,700 ;     mV ;       ; 01:37:25
   3:04'52"77 ; DC    ;  66,680 ;     mV ;       ; 01:37:25
   3:04'53"05 ; DC    ;  66,650 ;     mV ;       ; 01:37:25
   3:04'53"32 ; DC    ;  66,640 ;     mV ;       ; 01:37:25
   3:04'53"60 ; DC    ;  66,640 ;     mV ;       ; 01:37:26
   3:04'53"86 ; DC    ;  66,660 ;     mV ;       ; 01:37:26
   3:04'54"14 ; DC    ;  66,640 ;     mV ;       ; 01:37:26
   3:04'54"42 ; DC    ;  66,640 ;     mV ;       ; 01:37:27
   3:04'54"71 ; DC    ;  66,640 ;     mV ;       ; 01:37:27
   3:04'54"99 ; DC    ;  66,640 ;     mV ;       ; 01:37:27
   3:04'55"27 ; DC    ;  66,630 ;     mV ;       ; 01:37:27
   3:04'55"57 ; DC    ;  66,630 ;     mV ;       ; 01:37:28
   3:04'55"86 ; DC    ;  66,640 ;     mV ;       ; 01:37:28
   3:04'56"14 ; DC    ;  66,640 ;     mV ;       ; 01:37:28
   3:04'56"42 ; DC    ;  66,640 ;     mV ;       ; 01:37:29
   3:04'56"69 ; DC    ;  66,610 ;     mV ;       ; 01:37:29
   3:04'56"96 ; DC    ;  66,600 ;     mV ;       ; 01:37:29
   3:04'57"24 ; DC    ;  66,600 ;     mV ;       ; 01:37:29
   3:04'57"51 ; DC    ;  66,610 ;     mV ;       ; 01:37:30
   3:04'57"79 ; DC    ;  66,620 ;     mV ;       ; 01:37:30
   3:04'58"10 ; DC    ;  66,610 ;     mV ;       ; 01:37:30
   3:04'58"37 ; DC    ;  66,600 ;     mV ;       ; 01:37:31
   3:04'58"65 ; DC    ;  66,600 ;     mV ;       ; 01:37:31
   3:04'58"93 ; DC    ;  66,600 ;     mV ;       ; 01:37:31
   3:04'59"20 ; DC    ;  66,610 ;     mV ;       ; 01:37:31
   3:04'59"48 ; DC    ;  66,610 ;     mV ;       ; 01:37:32
   3:04'59"74 ; DC    ;  66,590 ;     mV ;       ; 01:37:32
   3:05'00"01 ; DC    ;  66,590 ;     mV ;       ; 01:37:32
   3:05'00"28 ; DC    ;  66,610 ;     mV ;       ; 01:37:32
   3:05'00"56 ; DC    ;  66,600 ;     mV ;       ; 01:37:33
   3:05'00"85 ; DC    ;  66,600 ;     mV ;       ; 01:37:33
   3:05'01"13 ; DC    ;  66,610 ;     mV ;       ; 01:37:33
   3:05'01"57 ; DC    ;  66,620 ;     mV ;       ; 01:37:34
   3:05'01"83 ; DC    ;  66,620 ;     mV ;       ; 01:37:34
   3:05'02"10 ; DC    ;  66,610 ;     mV ;       ; 01:37:34
   3:05'02"37 ; DC    ;  66,620 ;     mV ;       ; 01:37:35
   3:05'02"64 ; DC    ;  66,610 ;     mV ;       ; 01:37:35
   3:05'02"92 ; DC    ;  66,590 ;     mV ;       ; 01:37:35
   3:05'03"18 ; DC    ;  66,590 ;     mV ;       ; 01:37:35
   3:05'03"44 ; DC    ;  66,610 ;     mV ;       ; 01:37:36
   3:05'03"72 ; DC    ;  66,620 ;     mV ;       ; 01:37:36
   3:05'03"99 ; DC    ;  66,620 ;     mV ;       ; 01:37:36
   3:05'04"28 ; DC    ;  66,610 ;     mV ;       ; 01:37:36
   3:05'04"53 ; DC    ;  66,600 ;     mV ;       ; 01:37:37
   3:05'04"80 ; DC    ;  66,610 ;     mV ;       ; 01:37:37
   3:05'05"07 ; DC    ;  66,600 ;     mV ;       ; 01:37:37
   3:05'05"35 ; DC    ;  66,600 ;     mV ;       ; 01:37:38
   3:05'05"61 ; DC    ;  66,600 ;     mV ;       ; 01:37:38
   3:05'05"92 ; DC    ;  66,590 ;     mV ;       ; 01:37:38
   3:05'06"18 ; DC    ;  66,600 ;     mV ;       ; 01:37:38
   3:05'06"46 ; DC    ;  66,590 ;     mV ;       ; 01:37:39
   3:05'06"73 ; DC    ;  66,590 ;     mV ;       ; 01:37:39
   3:05'06"99 ; DC    ;  66,610 ;     mV ;       ; 01:37:39
   3:05'07"26 ; DC    ;  66,610 ;     mV ;       ; 01:37:39
   3:05'07"57 ; DC    ;  66,610 ;     mV ;       ; 01:37:40
   3:05'07"84 ; DC    ;  66,620 ;     mV ;       ; 01:37:40
   3:05'08"12 ; DC    ;  66,620 ;     mV ;       ; 01:37:40
   3:05'08"40 ; DC    ;  66,620 ;     mV ;       ; 01:37:41
   3:05'08"68 ; DC    ;  66,630 ;     mV ;       ; 01:37:41
   3:05'08"97 ; DC    ;  66,620 ;     mV ;       ; 01:37:41
   3:05'09"25 ; DC    ;  66,620 ;     mV ;       ; 01:37:41
   3:05'09"52 ; DC    ;  66,610 ;     mV ;       ; 01:37:42
   3:05'09"80 ; DC    ;  66,600 ;     mV ;       ; 01:37:42
   3:05'10"09 ; DC    ;  66,610 ;     mV ;       ; 01:37:42
   3:05'10"38 ; DC    ;  66,600 ;     mV ;       ; 01:37:43
   3:05'10"65 ; DC    ;  66,610 ;     mV ;       ; 01:37:43
   3:05'10"94 ; DC    ;  66,610 ;     mV ;       ; 01:37:43
   3:05'11"23 ; DC    ;  66,630 ;     mV ;       ; 01:37:43
   3:05'11"54 ; DC    ;  66,630 ;     mV ;       ; 01:37:44
   3:05'11"84 ; DC    ;  66,630 ;     mV ;       ; 01:37:44
   3:05'12"12 ; DC    ;  66,610 ;     mV ;       ; 01:37:44
   3:05'12"38 ; DC    ;  66,610 ;     mV ;       ; 01:37:45
   3:05'12"66 ; DC    ;  66,600 ;     mV ;       ; 01:37:45
   3:05'12"94 ; DC    ;  66,600 ;     mV ;       ; 01:37:45
   3:05'13"22 ; DC    ;  66,600 ;     mV ;       ; 01:37:45
   3:05'13"52 ; DC    ;  66,610 ;     mV ;       ; 01:37:46
   3:05'13"79 ; DC    ;  66,610 ;     mV ;       ; 01:37:46
   3:05'14"10 ; DC    ;  66,630 ;     mV ;       ; 01:37:46
   3:05'14"38 ; DC    ;  66,610 ;     mV ;       ; 01:37:47
   3:05'14"67 ; DC    ;  66,610 ;     mV ;       ; 01:37:47
   3:05'14"95 ; DC    ;  66,610 ;     mV ;       ; 01:37:47
   3:05'15"24 ; DC    ;  66,620 ;     mV ;       ; 01:37:47
   3:05'15"51 ; DC    ;  66,620 ;     mV ;       ; 01:37:48
   3:05'15"81 ; DC    ;  66,620 ;     mV ;       ; 01:37:48
   3:05'16"09 ; DC    ;  66,650 ;     mV ;       ; 01:37:48
   3:05'16"36 ; DC    ;  66,640 ;     mV ;       ; 01:37:49
   3:05'16"64 ; DC    ;  66,640 ;     mV ;       ; 01:37:49
   3:05'16"94 ; DC    ;  66,630 ;     mV ;       ; 01:37:49
   3:05'17"24 ; DC    ;  66,630 ;     mV ;       ; 01:37:49
   3:05'17"54 ; DC    ;  66,620 ;     mV ;       ; 01:37:50
   3:05'17"82 ; DC    ;  66,620 ;     mV ;       ; 01:37:50
   3:05'18"12 ; DC    ;  66,620 ;     mV ;       ; 01:37:50
   3:05'18"41 ; DC    ;  66,620 ;     mV ;       ; 01:37:51
   3:05'18"70 ; DC    ;  66,620 ;     mV ;       ; 01:37:51
   3:05'18"98 ; DC    ;  66,630 ;     mV ;       ; 01:37:51
   3:05'19"32 ; DC    ;  66,610 ;     mV ;       ; 01:37:51
   3:05'19"60 ; DC    ;  66,610 ;     mV ;       ; 01:37:52
   3:05'19"88 ; DC    ;  66,610 ;     mV ;       ; 01:37:52
   3:05'20"16 ; DC    ;  66,630 ;     mV ;       ; 01:37:52
   3:05'20"44 ; DC    ;  66,620 ;     mV ;       ; 01:37:53
   3:05'20"72 ; DC    ;  66,610 ;     mV ;       ; 01:37:53
   3:05'21"03 ; DC    ;  66,620 ;     mV ;       ; 01:37:53
   3:05'21"32 ; DC    ;  66,620 ;     mV ;       ; 01:37:53
   3:05'21"60 ; DC    ;  66,620 ;     mV ;       ; 01:37:54
   3:05'21"88 ; DC    ;  66,640 ;     mV ;       ; 01:37:54
   3:05'22"16 ; DC    ;  66,630 ;     mV ;       ; 01:37:54
   3:05'22"44 ; DC    ;  66,630 ;     mV ;       ; 01:37:55
   3:05'22"72 ; DC    ;  66,630 ;     mV ;       ; 01:37:55
   3:05'22"99 ; DC    ;  66,630 ;     mV ;       ; 01:37:55
   3:05'23"31 ; DC    ;  66,620 ;     mV ;       ; 01:37:55
   3:05'23"58 ; DC    ;  66,630 ;     mV ;       ; 01:37:56
   3:05'23"87 ; DC    ;  66,620 ;     mV ;       ; 01:37:56
   3:05'24"16 ; DC    ;  66,590 ;     mV ;       ; 01:37:56
   3:05'24"57 ; DC    ;  66,570 ;     mV ;       ; 01:37:57
   3:05'24"94 ; DC    ;  66,600 ;     mV ;       ; 01:37:57
   3:05'25"23 ; DC    ;  66,590 ;     mV ;       ; 01:37:57
   3:05'25"49 ; DC    ;  66,600 ;     mV ;       ; 01:37:58
   3:05'25"77 ; DC    ;  66,590 ;     mV ;       ; 01:37:58
   3:05'26"10 ; DC    ;  66,610 ;     mV ;       ; 01:37:58
   3:05'26"40 ; DC    ;  66,600 ;     mV ;       ; 01:37:59
   3:05'26"68 ; DC    ;  66,620 ;     mV ;       ; 01:37:59
   3:05'26"96 ; DC    ;  66,620 ;     mV ;       ; 01:37:59
   3:05'27"23 ; DC    ;  66,650 ;     mV ;       ; 01:37:59
   3:05'27"51 ; DC    ;  66,620 ;     mV ;       ; 01:38:00
   3:05'27"77 ; DC    ;  66,630 ;     mV ;       ; 01:38:00
   3:05'28"04 ; DC    ;  66,640 ;     mV ;       ; 01:38:00
   3:05'28"32 ; DC    ;  66,640 ;     mV ;       ; 01:38:00
   3:05'28"60 ; DC    ;  66,640 ;     mV ;       ; 01:38:01
   3:05'28"90 ; DC    ;  66,630 ;     mV ;       ; 01:38:01
   3:05'29"18 ; DC    ;  66,650 ;     mV ;       ; 01:38:01
   3:05'29"50 ; DC    ;  66,650 ;     mV ;       ; 01:38:02
   3:05'29"81 ; DC    ;  66,650 ;     mV ;       ; 01:38:02
   3:05'30"13 ; DC    ;  66,690 ;     mV ;       ; 01:38:02
   3:05'30"44 ; DC    ;  66,660 ;     mV ;       ; 01:38:03
   3:05'30"71 ; DC    ;  66,660 ;     mV ;       ; 01:38:03
   3:05'30"99 ; DC    ;  66,620 ;     mV ;       ; 01:38:03
   3:05'31"27 ; DC    ;  66,600 ;     mV ;       ; 01:38:03
   3:05'31"56 ; DC    ;  66,600 ;     mV ;       ; 01:38:04
   3:05'31"82 ; DC    ;  66,620 ;     mV ;       ; 01:38:04
   3:05'32"10 ; DC    ;  66,620 ;     mV ;       ; 01:38:04
   3:05'32"36 ; DC    ;  66,620 ;     mV ;       ; 01:38:05
   3:05'32"66 ; DC    ;  66,630 ;     mV ;       ; 01:38:05
   3:05'32"93 ; DC    ;  66,600 ;     mV ;       ; 01:38:05
   3:05'33"20 ; DC    ;  66,610 ;     mV ;       ; 01:38:05
   3:05'33"48 ; DC    ;  66,600 ;     mV ;       ; 01:38:06
   3:05'33"76 ; DC    ;  66,600 ;     mV ;       ; 01:38:06
   3:05'34"03 ; DC    ;  66,610 ;     mV ;       ; 01:38:06
   3:05'34"33 ; DC    ;  66,610 ;     mV ;       ; 01:38:07
   3:05'34"64 ; DC    ;  66,620 ;     mV ;       ; 01:38:07
   3:05'34"95 ; DC    ;  66,630 ;     mV ;       ; 01:38:07
   3:05'35"22 ; DC    ;  66,630 ;     mV ;       ; 01:38:07
   3:05'35"50 ; DC    ;  66,610 ;     mV ;       ; 01:38:08
   3:05'35"78 ; DC    ;  66,610 ;     mV ;       ; 01:38:08
   3:05'36"05 ; DC    ;  66,630 ;     mV ;       ; 01:38:08
   3:05'36"34 ; DC    ;  66,610 ;     mV ;       ; 01:38:09
   3:05'36"60 ; DC    ;  66,600 ;     mV ;       ; 01:38:09
   3:05'36"88 ; DC    ;  66,600 ;     mV ;       ; 01:38:09
   3:05'37"15 ; DC    ;  66,610 ;     mV ;       ; 01:38:09
   3:05'37"45 ; DC    ;  66,580 ;     mV ;       ; 01:38:10
   3:05'37"77 ; DC    ;  66,600 ;     mV ;       ; 01:38:10
   3:05'38"04 ; DC    ;  66,610 ;     mV ;       ; 01:38:10
   3:05'38"36 ; DC    ;  66,600 ;     mV ;       ; 01:38:11
   3:05'38"65 ; DC    ;  66,610 ;     mV ;       ; 01:38:11
   3:05'38"95 ; DC    ;  66,600 ;     mV ;       ; 01:38:11
   3:05'39"25 ; DC    ;  66,620 ;     mV ;       ; 01:38:11
   3:05'39"52 ; DC    ;  66,610 ;     mV ;       ; 01:38:12
   3:05'39"80 ; DC    ;  66,620 ;     mV ;       ; 01:38:12
   3:05'40"09 ; DC    ;  66,630 ;     mV ;       ; 01:38:12
   3:05'40"40 ; DC    ;  66,610 ;     mV ;       ; 01:38:13
   3:05'40"68 ; DC    ;  66,630 ;     mV ;       ; 01:38:13
   3:05'40"99 ; DC    ;  66,620 ;     mV ;       ; 01:38:13
   3:05'41"27 ; DC    ;  66,610 ;     mV ;       ; 01:38:13
   3:05'41"55 ; DC    ;  66,610 ;     mV ;       ; 01:38:14
   3:05'41"82 ; DC    ;  66,620 ;     mV ;       ; 01:38:14
   3:05'42"12 ; DC    ;  66,620 ;     mV ;       ; 01:38:14
   3:05'42"40 ; DC    ;  66,620 ;     mV ;       ; 01:38:15
   3:05'42"66 ; DC    ;  66,610 ;     mV ;       ; 01:38:15
   3:05'42"95 ; DC    ;  66,610 ;     mV ;       ; 01:38:15
   3:05'43"23 ; DC    ;  66,620 ;     mV ;       ; 01:38:15
   3:05'43"50 ; DC    ;  66,610 ;     mV ;       ; 01:38:16
   3:05'43"78 ; DC    ;  66,600 ;     mV ;       ; 01:38:16
   3:05'44"06 ; DC    ;  66,620 ;     mV ;       ; 01:38:16
   3:05'44"32 ; DC    ;  66,610 ;     mV ;       ; 01:38:16
   3:05'44"60 ; DC    ;  66,620 ;     mV ;       ; 01:38:17
   3:05'44"87 ; DC    ;  66,620 ;     mV ;       ; 01:38:17
   3:05'45"15 ; DC    ;  66,640 ;     mV ;       ; 01:38:17
   3:05'45"42 ; DC    ;  66,620 ;     mV ;       ; 01:38:18
   3:05'45"74 ; DC    ;  66,620 ;     mV ;       ; 01:38:18
   3:05'46"04 ; DC    ;  66,630 ;     mV ;       ; 01:38:18
   3:05'46"33 ; DC    ;  66,630 ;     mV ;       ; 01:38:19
   3:05'46"67 ; DC    ;  66,630 ;     mV ;       ; 01:38:19
   3:05'46"96 ; DC    ;  66,610 ;     mV ;       ; 01:38:19
   3:05'47"25 ; DC    ;  66,600 ;     mV ;       ; 01:38:19
   3:05'47"54 ; DC    ;  66,620 ;     mV ;       ; 01:38:20
   3:05'47"84 ; DC    ;  66,620 ;     mV ;       ; 01:38:20
   3:05'48"16 ; DC    ;  66,620 ;     mV ;       ; 01:38:20
   3:05'48"46 ; DC    ;  66,620 ;     mV ;       ; 01:38:21
   3:05'48"77 ; DC    ;  66,620 ;     mV ;       ; 01:38:21
   3:05'49"06 ; DC    ;  66,650 ;     mV ;       ; 01:38:21
   3:05'49"36 ; DC    ;  66,620 ;     mV ;       ; 01:38:22
   3:05'49"64 ; DC    ;  66,630 ;     mV ;       ; 01:38:22
   3:05'49"94 ; DC    ;  66,620 ;     mV ;       ; 01:38:22
   3:05'50"23 ; DC    ;  66,640 ;     mV ;       ; 01:38:22
   3:05'50"52 ; DC    ;  66,640 ;     mV ;       ; 01:38:23
   3:05'50"81 ; DC    ;  66,650 ;     mV ;       ; 01:38:23
   3:05'51"09 ; DC    ;  66,650 ;     mV ;       ; 01:38:23
   3:05'51"37 ; DC    ;  66,640 ;     mV ;       ; 01:38:24
   3:05'51"65 ; DC    ;  66,650 ;     mV ;       ; 01:38:24
   3:05'51"91 ; DC    ;  66,650 ;     mV ;       ; 01:38:24
   3:05'52"19 ; DC    ;  66,650 ;     mV ;       ; 01:38:24
   3:05'52"50 ; DC    ;  66,660 ;     mV ;       ; 01:38:25
   3:05'52"78 ; DC    ;  66,680 ;     mV ;       ; 01:38:25
   3:05'53"04 ; DC    ;  66,660 ;     mV ;       ; 01:38:25
   3:05'53"32 ; DC    ;  66,650 ;     mV ;       ; 01:38:25
   3:05'53"58 ; DC    ;  66,650 ;     mV ;       ; 01:38:26
   3:05'53"86 ; DC    ;  66,650 ;     mV ;       ; 01:38:26
   3:05'54"13 ; DC    ;  66,650 ;     mV ;       ; 01:38:26
   3:05'54"41 ; DC    ;  66,650 ;     mV ;       ; 01:38:27
   3:05'54"70 ; DC    ;  66,650 ;     mV ;       ; 01:38:27
   3:05'54"98 ; DC    ;  66,650 ;     mV ;       ; 01:38:27
   3:05'55"28 ; DC    ;  66,660 ;     mV ;       ; 01:38:27
   3:05'55"55 ; DC    ;  66,660 ;     mV ;       ; 01:38:28
   3:05'55"84 ; DC    ;  66,660 ;     mV ;       ; 01:38:28
   3:05'56"10 ; DC    ;  66,650 ;     mV ;       ; 01:38:28
   3:05'56"42 ; DC    ;  66,640 ;     mV ;       ; 01:38:29
   3:05'56"72 ; DC    ;  66,650 ;     mV ;       ; 01:38:29
   3:05'56"99 ; DC    ;  66,650 ;     mV ;       ; 01:38:29
   3:05'57"28 ; DC    ;  66,660 ;     mV ;       ; 01:38:29
   3:05'57"56 ; DC    ;  66,650 ;     mV ;       ; 01:38:30
   3:05'57"86 ; DC    ;  66,650 ;     mV ;       ; 01:38:30
   3:05'58"13 ; DC    ;  66,640 ;     mV ;       ; 01:38:30
   3:05'58"44 ; DC    ;  66,640 ;     mV ;       ; 01:38:31
   3:05'58"73 ; DC    ;  66,640 ;     mV ;       ; 01:38:31
   3:05'59"00 ; DC    ;  66,640 ;     mV ;       ; 01:38:31
   3:05'59"28 ; DC    ;  66,640 ;     mV ;       ; 01:38:31
   3:05'59"56 ; DC    ;  66,650 ;     mV ;       ; 01:38:32
   3:05'59"83 ; DC    ;  66,650 ;     mV ;       ; 01:38:32
   3:06'00"11 ; DC    ;  66,650 ;     mV ;       ; 01:38:32
   3:06'00"38 ; DC    ;  66,630 ;     mV ;       ; 01:38:33
   3:06'00"67 ; DC    ;  66,630 ;     mV ;       ; 01:38:33
   3:06'00"96 ; DC    ;  66,620 ;     mV ;       ; 01:38:33
   3:06'01"26 ; DC    ;  66,620 ;     mV ;       ; 01:38:33
   3:06'01"57 ; DC    ;  66,620 ;     mV ;       ; 01:38:34
   3:06'01"87 ; DC    ;  66,630 ;     mV ;       ; 01:38:34
   3:06'02"15 ; DC    ;  66,600 ;     mV ;       ; 01:38:34
   3:06'02"43 ; DC    ;  66,610 ;     mV ;       ; 01:38:35
   3:06'02"70 ; DC    ;  66,600 ;     mV ;       ; 01:38:35
   3:06'02"98 ; DC    ;  66,600 ;     mV ;       ; 01:38:35
   3:06'03"28 ; DC    ;  66,600 ;     mV ;       ; 01:38:35
   3:06'03"58 ; DC    ;  66,600 ;     mV ;       ; 01:38:36
   3:06'03"85 ; DC    ;  66,600 ;     mV ;       ; 01:38:36
   3:06'04"11 ; DC    ;  66,610 ;     mV ;       ; 01:38:36
   3:06'04"40 ; DC    ;  66,590 ;     mV ;       ; 01:38:37
   3:06'04"68 ; DC    ;  66,590 ;     mV ;       ; 01:38:37
   3:06'04"95 ; DC    ;  66,570 ;     mV ;       ; 01:38:37
   3:06'05"27 ; DC    ;  66,580 ;     mV ;       ; 01:38:37
   3:06'05"55 ; DC    ;  66,570 ;     mV ;       ; 01:38:38
   3:06'05"82 ; DC    ;  66,560 ;     mV ;       ; 01:38:38
   3:06'06"10 ; DC    ;  66,560 ;     mV ;       ; 01:38:38
   3:06'06"38 ; DC    ;  66,580 ;     mV ;       ; 01:38:39
   3:06'06"65 ; DC    ;  66,610 ;     mV ;       ; 01:38:39
   3:06'06"93 ; DC    ;  66,580 ;     mV ;       ; 01:38:39
   3:06'07"21 ; DC    ;  66,590 ;     mV ;       ; 01:38:39
   3:06'07"50 ; DC    ;  66,560 ;     mV ;       ; 01:38:40
   3:06'07"77 ; DC    ;  66,570 ;     mV ;       ; 01:38:40
   3:06'08"04 ; DC    ;  66,580 ;     mV ;       ; 01:38:40
   3:06'08"32 ; DC    ;  66,580 ;     mV ;       ; 01:38:40
   3:06'08"61 ; DC    ;  66,590 ;     mV ;       ; 01:38:41
   3:06'08"89 ; DC    ;  66,590 ;     mV ;       ; 01:38:41
   3:06'09"19 ; DC    ;  66,580 ;     mV ;       ; 01:38:41
   3:06'09"46 ; DC    ;  66,560 ;     mV ;       ; 01:38:42
   3:06'09"74 ; DC    ;  66,550 ;     mV ;       ; 01:38:42
   3:06'10"01 ; DC    ;  66,550 ;     mV ;       ; 01:38:42
   3:06'10"27 ; DC    ;  66,550 ;     mV ;       ; 01:38:42
   3:06'10"55 ; DC    ;  66,550 ;     mV ;       ; 01:38:43
   3:06'10"84 ; DC    ;  66,550 ;     mV ;       ; 01:38:43
   3:06'11"13 ; DC    ;  66,570 ;     mV ;       ; 01:38:43
   3:06'11"40 ; DC    ;  66,570 ;     mV ;       ; 01:38:44
   3:06'11"68 ; DC    ;  66,570 ;     mV ;       ; 01:38:44
   3:06'11"96 ; DC    ;  66,560 ;     mV ;       ; 01:38:44
   3:06'12"27 ; DC    ;  66,570 ;     mV ;       ; 01:38:44
   3:06'12"58 ; DC    ;  66,570 ;     mV ;       ; 01:38:45
   3:06'12"94 ; DC    ;  66,570 ;     mV ;       ; 01:38:45
   3:06'13"27 ; DC    ;  66,560 ;     mV ;       ; 01:38:45
   3:06'13"54 ; DC    ;  66,570 ;     mV ;       ; 01:38:46
   3:06'13"82 ; DC    ;  66,540 ;     mV ;       ; 01:38:46
   3:06'14"12 ; DC    ;  66,550 ;     mV ;       ; 01:38:46
   3:06'14"41 ; DC    ;  66,540 ;     mV ;       ; 01:38:47
   3:06'14"69 ; DC    ;  66,520 ;     mV ;       ; 01:38:47
   3:06'14"96 ; DC    ;  66,530 ;     mV ;       ; 01:38:47
   3:06'15"24 ; DC    ;  66,530 ;     mV ;       ; 01:38:47
   3:06'15"52 ; DC    ;  66,530 ;     mV ;       ; 01:38:48
   3:06'15"81 ; DC    ;  66,530 ;     mV ;       ; 01:38:48
   3:06'16"09 ; DC    ;  66,530 ;     mV ;       ; 01:38:48
   3:06'16"39 ; DC    ;  66,520 ;     mV ;       ; 01:38:49
   3:06'16"68 ; DC    ;  66,510 ;     mV ;       ; 01:38:49
   3:06'16"99 ; DC    ;  66,530 ;     mV ;       ; 01:38:49
   3:06'17"27 ; DC    ;  66,540 ;     mV ;       ; 01:38:49
   3:06'17"58 ; DC    ;  66,530 ;     mV ;       ; 01:38:50
   3:06'17"88 ; DC    ;  66,540 ;     mV ;       ; 01:38:50
   3:06'18"15 ; DC    ;  66,560 ;     mV ;       ; 01:38:50
   3:06'18"45 ; DC    ;  66,550 ;     mV ;       ; 01:38:51
   3:06'18"72 ; DC    ;  66,530 ;     mV ;       ; 01:38:51
   3:06'19"02 ; DC    ;  66,530 ;     mV ;       ; 01:38:51
   3:06'19"32 ; DC    ;  66,520 ;     mV ;       ; 01:38:51
   3:06'19"62 ; DC    ;  66,520 ;     mV ;       ; 01:38:52
   3:06'19"91 ; DC    ;  66,510 ;     mV ;       ; 01:38:52
   3:06'20"21 ; DC    ;  66,510 ;     mV ;       ; 01:38:52
   3:06'20"49 ; DC    ;  66,510 ;     mV ;       ; 01:38:53
   3:06'20"76 ; DC    ;  66,550 ;     mV ;       ; 01:38:53
   3:06'21"04 ; DC    ;  66,540 ;     mV ;       ; 01:38:53
   3:06'21"32 ; DC    ;  66,540 ;     mV ;       ; 01:38:53
   3:06'21"61 ; DC    ;  66,530 ;     mV ;       ; 01:38:54
   3:06'21"89 ; DC    ;  66,530 ;     mV ;       ; 01:38:54
   3:06'22"18 ; DC    ;  66,520 ;     mV ;       ; 01:38:54
   3:06'22"46 ; DC    ;  66,510 ;     mV ;       ; 01:38:55
   3:06'22"76 ; DC    ;  66,520 ;     mV ;       ; 01:38:55
   3:06'23"08 ; DC    ;  66,530 ;     mV ;       ; 01:38:55
   3:06'23"38 ; DC    ;  66,530 ;     mV ;       ; 01:38:56
   3:06'23"65 ; DC    ;  66,550 ;     mV ;       ; 01:38:56
   3:06'23"97 ; DC    ;  66,530 ;     mV ;       ; 01:38:56
   3:06'24"26 ; DC    ;  66,510 ;     mV ;       ; 01:38:56
   3:06'24"55 ; DC    ;  66,500 ;     mV ;       ; 01:38:57
   3:06'24"83 ; DC    ;  66,510 ;     mV ;       ; 01:38:57
   3:06'25"13 ; DC    ;  66,500 ;     mV ;       ; 01:38:57
   3:06'25"41 ; DC    ;  66,520 ;     mV ;       ; 01:38:58
   3:06'25"70 ; DC    ;  66,520 ;     mV ;       ; 01:38:58
   3:06'25"96 ; DC    ;  66,520 ;     mV ;       ; 01:38:58
   3:06'26"23 ; DC    ;  66,540 ;     mV ;       ; 01:38:58
   3:06'26"52 ; DC    ;  66,550 ;     mV ;       ; 01:38:59
   3:06'26"81 ; DC    ;  66,550 ;     mV ;       ; 01:38:59
   3:06'27"10 ; DC    ;  66,530 ;     mV ;       ; 01:38:59
   3:06'27"38 ; DC    ;  66,540 ;     mV ;       ; 01:39:00
   3:06'27"70 ; DC    ;  66,570 ;     mV ;       ; 01:39:00
   3:06'27"97 ; DC    ;  66,570 ;     mV ;       ; 01:39:00
   3:06'28"28 ; DC    ;  66,590 ;     mV ;       ; 01:39:00
   3:06'28"58 ; DC    ;  66,580 ;     mV ;       ; 01:39:01
   3:06'28"86 ; DC    ;  66,580 ;     mV ;       ; 01:39:01
   3:06'29"15 ; DC    ;  66,540 ;     mV ;       ; 01:39:01
   3:06'29"43 ; DC    ;  66,550 ;     mV ;       ; 01:39:02
   3:06'29"73 ; DC    ;  66,560 ;     mV ;       ; 01:39:02
   3:06'30"02 ; DC    ;  66,570 ;     mV ;       ; 01:39:02
   3:06'30"32 ; DC    ;  66,560 ;     mV ;       ; 01:39:02
   3:06'30"60 ; DC    ;  66,550 ;     mV ;       ; 01:39:03
   3:06'30"89 ; DC    ;  66,560 ;     mV ;       ; 01:39:03
   3:06'31"19 ; DC    ;  66,580 ;     mV ;       ; 01:39:03
   3:06'31"48 ; DC    ;  66,590 ;     mV ;       ; 01:39:04
   3:06'31"77 ; DC    ;  66,590 ;     mV ;       ; 01:39:04
   3:06'32"05 ; DC    ;  66,570 ;     mV ;       ; 01:39:04
   3:06'32"36 ; DC    ;  66,560 ;     mV ;       ; 01:39:05
   3:06'32"65 ; DC    ;  66,560 ;     mV ;       ; 01:39:05
   3:06'32"95 ; DC    ;  66,550 ;     mV ;       ; 01:39:05
   3:06'33"23 ; DC    ;  66,590 ;     mV ;       ; 01:39:05
   3:06'33"52 ; DC    ;  66,580 ;     mV ;       ; 01:39:06
   3:06'33"82 ; DC    ;  66,590 ;     mV ;       ; 01:39:06
   3:06'34"13 ; DC    ;  66,580 ;     mV ;       ; 01:39:06
   3:06'34"44 ; DC    ;  66,580 ;     mV ;       ; 01:39:07
   3:06'34"74 ; DC    ;  66,580 ;     mV ;       ; 01:39:07
   3:06'35"03 ; DC    ;  66,600 ;     mV ;       ; 01:39:07
   3:06'35"32 ; DC    ;  66,590 ;     mV ;       ; 01:39:07
   3:06'35"59 ; DC    ;  66,590 ;     mV ;       ; 01:39:08
   3:06'35"87 ; DC    ;  66,610 ;     mV ;       ; 01:39:08
   3:06'36"16 ; DC    ;  66,610 ;     mV ;       ; 01:39:08
   3:06'36"44 ; DC    ;  66,630 ;     mV ;       ; 01:39:09
   3:06'36"72 ; DC    ;  66,620 ;     mV ;       ; 01:39:09
   3:06'37"02 ; DC    ;  66,620 ;     mV ;       ; 01:39:09
   3:06'37"31 ; DC    ;  66,590 ;     mV ;       ; 01:39:09
   3:06'37"61 ; DC    ;  66,590 ;     mV ;       ; 01:39:10
   3:06'37"90 ; DC    ;  66,610 ;     mV ;       ; 01:39:10
   3:06'38"20 ; DC    ;  66,600 ;     mV ;       ; 01:39:10
   3:06'38"48 ; DC    ;  66,600 ;     mV ;       ; 01:39:11
   3:06'38"78 ; DC    ;  66,610 ;     mV ;       ; 01:39:11
   3:06'39"08 ; DC    ;  66,620 ;     mV ;       ; 01:39:11
   3:06'39"38 ; DC    ;  66,620 ;     mV ;       ; 01:39:12
   3:06'39"68 ; DC    ;  66,610 ;     mV ;       ; 01:39:12
   3:06'40"03 ; DC    ;  66,630 ;     mV ;       ; 01:39:12
   3:06'40"41 ; DC    ;  66,630 ;     mV ;       ; 01:39:13
   3:06'40"73 ; DC    ;  66,630 ;     mV ;       ; 01:39:13
   3:06'41"03 ; DC    ;  66,640 ;     mV ;       ; 01:39:13
   3:06'41"34 ; DC    ;  66,650 ;     mV ;       ; 01:39:14
   3:06'41"62 ; DC    ;  66,650 ;     mV ;       ; 01:39:14
   3:06'41"92 ; DC    ;  66,660 ;     mV ;       ; 01:39:14
   3:06'42"22 ; DC    ;  66,650 ;     mV ;       ; 01:39:14
   3:06'42"51 ; DC    ;  66,630 ;     mV ;       ; 01:39:15
   3:06'42"81 ; DC    ;  66,650 ;     mV ;       ; 01:39:15
   3:06'43"12 ; DC    ;  66,640 ;     mV ;       ; 01:39:15
   3:06'43"40 ; DC    ;  66,650 ;     mV ;       ; 01:39:16
   3:06'43"67 ; DC    ;  66,660 ;     mV ;       ; 01:39:16
   3:06'43"96 ; DC    ;  66,660 ;     mV ;       ; 01:39:16
   3:06'44"27 ; DC    ;  66,670 ;     mV ;       ; 01:39:16
   3:06'44"55 ; DC    ;  66,660 ;     mV ;       ; 01:39:17
   3:06'44"85 ; DC    ;  66,680 ;     mV ;       ; 01:39:17
   3:06'45"13 ; DC    ;  66,680 ;     mV ;       ; 01:39:17
   3:06'45"43 ; DC    ;  66,680 ;     mV ;       ; 01:39:18
   3:06'45"73 ; DC    ;  66,720 ;     mV ;       ; 01:39:18
   3:06'46"02 ; DC    ;  66,730 ;     mV ;       ; 01:39:18
   3:06'46"30 ; DC    ;  66,730 ;     mV ;       ; 01:39:18
   3:06'46"60 ; DC    ;  66,740 ;     mV ;       ; 01:39:19
   3:06'46"90 ; DC    ;  66,740 ;     mV ;       ; 01:39:19
   3:06'47"19 ; DC    ;  66,740 ;     mV ;       ; 01:39:19
   3:06'47"48 ; DC    ;  66,750 ;     mV ;       ; 01:39:20
   3:06'47"76 ; DC    ;  66,770 ;     mV ;       ; 01:39:20
   3:06'48"04 ; DC    ;  66,760 ;     mV ;       ; 01:39:20
   3:06'48"31 ; DC    ;  66,760 ;     mV ;       ; 01:39:20
   3:06'48"57 ; DC    ;  66,750 ;     mV ;       ; 01:39:21
   3:06'48"87 ; DC    ;  66,770 ;     mV ;       ; 01:39:21
   3:06'49"17 ; DC    ;  66,760 ;     mV ;       ; 01:39:21
   3:06'49"46 ; DC    ;  66,780 ;     mV ;       ; 01:39:22
   3:06'49"73 ; DC    ;  66,770 ;     mV ;       ; 01:39:22
   3:06'50"00 ; DC    ;  66,770 ;     mV ;       ; 01:39:22
   3:06'50"27 ; DC    ;  66,780 ;     mV ;       ; 01:39:22
   3:06'50"56 ; DC    ;  66,780 ;     mV ;       ; 01:39:23
   3:06'50"84 ; DC    ;  66,790 ;     mV ;       ; 01:39:23
   3:06'51"13 ; DC    ;  66,770 ;     mV ;       ; 01:39:23
   3:06'51"40 ; DC    ;  66,790 ;     mV ;       ; 01:39:24
   3:06'51"66 ; DC    ;  66,790 ;     mV ;       ; 01:39:24
   3:06'51"93 ; DC    ;  66,790 ;     mV ;       ; 01:39:24
   3:06'52"19 ; DC    ;  66,780 ;     mV ;       ; 01:39:24
   3:06'52"49 ; DC    ;  66,790 ;     mV ;       ; 01:39:25
   3:06'52"76 ; DC    ;  66,770 ;     mV ;       ; 01:39:25
   3:06'53"04 ; DC    ;  66,780 ;     mV ;       ; 01:39:25
   3:06'53"33 ; DC    ;  66,800 ;     mV ;       ; 01:39:26
   3:06'53"63 ; DC    ;  66,790 ;     mV ;       ; 01:39:26
   3:06'53"92 ; DC    ;  66,800 ;     mV ;       ; 01:39:26
   3:06'54"20 ; DC    ;  66,780 ;     mV ;       ; 01:39:26
   3:06'54"48 ; DC    ;  66,770 ;     mV ;       ; 01:39:27
   3:06'54"75 ; DC    ;  66,770 ;     mV ;       ; 01:39:27
   3:06'55"02 ; DC    ;  66,760 ;     mV ;       ; 01:39:27
   3:06'55"29 ; DC    ;  66,760 ;     mV ;       ; 01:39:27
   3:06'55"57 ; DC    ;  66,760 ;     mV ;       ; 01:39:28
   3:06'55"86 ; DC    ;  66,760 ;     mV ;       ; 01:39:28
   3:06'56"14 ; DC    ;  66,780 ;     mV ;       ; 01:39:28
   3:06'56"41 ; DC    ;  66,770 ;     mV ;       ; 01:39:29
   3:06'56"68 ; DC    ;  66,760 ;     mV ;       ; 01:39:29
   3:06'56"94 ; DC    ;  66,760 ;     mV ;       ; 01:39:29
   3:06'57"23 ; DC    ;  66,760 ;     mV ;       ; 01:39:29
   3:06'57"51 ; DC    ;  66,760 ;     mV ;       ; 01:39:30
   3:06'57"79 ; DC    ;  66,800 ;     mV ;       ; 01:39:30
   3:06'58"06 ; DC    ;  66,780 ;     mV ;       ; 01:39:30
   3:06'58"32 ; DC    ;  66,770 ;     mV ;       ; 01:39:30
   3:06'58"59 ; DC    ;  66,770 ;     mV ;       ; 01:39:31
   3:06'58"86 ; DC    ;  66,720 ;     mV ;       ; 01:39:31
   3:06'59"14 ; DC    ;  66,710 ;     mV ;       ; 01:39:31
   3:06'59"41 ; DC    ;  66,700 ;     mV ;       ; 01:39:32
   3:06'59"68 ; DC    ;  66,730 ;     mV ;       ; 01:39:32
   3:06'59"96 ; DC    ;  66,800 ;     mV ;       ; 01:39:32
   3:07'00"24 ; DC    ;  66,830 ;     mV ;       ; 01:39:32
   3:07'00"52 ; DC    ;  66,820 ;     mV ;       ; 01:39:33
   3:07'00"83 ; DC    ;  66,820 ;     mV ;       ; 01:39:33
   3:07'01"11 ; DC    ;  66,820 ;     mV ;       ; 01:39:33
   3:07'01"40 ; DC    ;  66,810 ;     mV ;       ; 01:39:34
   3:07'01"66 ; DC    ;  66,810 ;     mV ;       ; 01:39:34
   3:07'01"93 ; DC    ;  66,830 ;     mV ;       ; 01:39:34
   3:07'02"21 ; DC    ;  66,830 ;     mV ;       ; 01:39:34
   3:07'02"48 ; DC    ;  66,840 ;     mV ;       ; 01:39:35
   3:07'02"77 ; DC    ;  66,820 ;     mV ;       ; 01:39:35
   3:07'03"05 ; DC    ;  66,810 ;     mV ;       ; 01:39:35
   3:07'03"33 ; DC    ;  66,810 ;     mV ;       ; 01:39:35
   3:07'03"60 ; DC    ;  66,810 ;     mV ;       ; 01:39:36
   3:07'03"87 ; DC    ;  66,820 ;     mV ;       ; 01:39:36
   3:07'04"18 ; DC    ;  66,820 ;     mV ;       ; 01:39:36
   3:07'04"46 ; DC    ;  66,820 ;     mV ;       ; 01:39:37
   3:07'04"76 ; DC    ;  66,840 ;     mV ;       ; 01:39:37
   3:07'05"05 ; DC    ;  66,840 ;     mV ;       ; 01:39:37
   3:07'05"35 ; DC    ;  66,850 ;     mV ;       ; 01:39:38
   3:07'05"62 ; DC    ;  66,860 ;     mV ;       ; 01:39:38
   3:07'05"90 ; DC    ;  66,860 ;     mV ;       ; 01:39:38
   3:07'06"20 ; DC    ;  66,830 ;     mV ;       ; 01:39:38
   3:07'06"51 ; DC    ;  66,820 ;     mV ;       ; 01:39:39
   3:07'06"81 ; DC    ;  66,850 ;     mV ;       ; 01:39:39
   3:07'07"11 ; DC    ;  66,840 ;     mV ;       ; 01:39:39
   3:07'07"38 ; DC    ;  66,820 ;     mV ;       ; 01:39:40
   3:07'07"69 ; DC    ;  66,830 ;     mV ;       ; 01:39:40
   3:07'07"98 ; DC    ;  66,790 ;     mV ;       ; 01:39:40
   3:07'08"29 ; DC    ;  66,770 ;     mV ;       ; 01:39:40
   3:07'08"57 ; DC    ;  66,770 ;     mV ;       ; 01:39:41
   3:07'08"86 ; DC    ;  66,780 ;     mV ;       ; 01:39:41
   3:07'09"17 ; DC    ;  66,790 ;     mV ;       ; 01:39:41
   3:07'09"44 ; DC    ;  66,810 ;     mV ;       ; 01:39:42
   3:07'09"73 ; DC    ;  66,810 ;     mV ;       ; 01:39:42
   3:07'10"02 ; DC    ;  66,810 ;     mV ;       ; 01:39:42
   3:07'10"32 ; DC    ;  66,810 ;     mV ;       ; 01:39:42
   3:07'10"60 ; DC    ;  66,880 ;     mV ;       ; 01:39:43
   3:07'10"89 ; DC    ;  66,880 ;     mV ;       ; 01:39:43
   3:07'11"19 ; DC    ;  66,860 ;     mV ;       ; 01:39:43
   3:07'11"48 ; DC    ;  66,860 ;     mV ;       ; 01:39:44
   3:07'11"78 ; DC    ;  66,820 ;     mV ;       ; 01:39:44
   3:07'12"08 ; DC    ;  66,820 ;     mV ;       ; 01:39:44
   3:07'12"38 ; DC    ;  66,790 ;     mV ;       ; 01:39:45
   3:07'12"71 ; DC    ;  66,820 ;     mV ;       ; 01:39:45
   3:07'13"04 ; DC    ;  66,790 ;     mV ;       ; 01:39:45
   3:07'13"34 ; DC    ;  66,780 ;     mV ;       ; 01:39:46
   3:07'13"62 ; DC    ;  66,800 ;     mV ;       ; 01:39:46
   3:07'13"90 ; DC    ;  66,800 ;     mV ;       ; 01:39:46
   3:07'14"19 ; DC    ;  66,790 ;     mV ;       ; 01:39:46
   3:07'14"49 ; DC    ;  66,770 ;     mV ;       ; 01:39:47
   3:07'14"81 ; DC    ;  66,780 ;     mV ;       ; 01:39:47
   3:07'15"11 ; DC    ;  66,760 ;     mV ;       ; 01:39:47
   3:07'15"38 ; DC    ;  66,760 ;     mV ;       ; 01:39:48
   3:07'15"65 ; DC    ;  66,760 ;     mV ;       ; 01:39:48
   3:07'15"91 ; DC    ;  66,740 ;     mV ;       ; 01:39:48
   3:07'16"18 ; DC    ;  66,750 ;     mV ;       ; 01:39:48
   3:07'16"45 ; DC    ;  66,750 ;     mV ;       ; 01:39:49
   3:07'16"71 ; DC    ;  66,760 ;     mV ;       ; 01:39:49
   3:07'16"98 ; DC    ;  66,750 ;     mV ;       ; 01:39:49
   3:07'17"26 ; DC    ;  66,760 ;     mV ;       ; 01:39:49
   3:07'17"55 ; DC    ;  66,760 ;     mV ;       ; 01:39:50
   3:07'17"85 ; DC    ;  66,740 ;     mV ;       ; 01:39:50
   3:07'18"13 ; DC    ;  66,820 ;     mV ;       ; 01:39:50
   3:07'18"42 ; DC    ;  66,820 ;     mV ;       ; 01:39:51
   3:07'18"72 ; DC    ;  66,720 ;     mV ;       ; 01:39:51
   3:07'19"01 ; DC    ;  66,720 ;     mV ;       ; 01:39:51
   3:07'19"33 ; DC    ;  66,750 ;     mV ;       ; 01:39:52
   3:07'19"63 ; DC    ;  66,790 ;     mV ;       ; 01:39:52
   3:07'19"95 ; DC    ;  66,800 ;     mV ;       ; 01:39:52
   3:07'20"23 ; DC    ;  66,800 ;     mV ;       ; 01:39:52
   3:07'20"55 ; DC    ;  66,790 ;     mV ;       ; 01:39:53
   3:07'20"83 ; DC    ;  66,820 ;     mV ;       ; 01:39:53
   3:07'21"13 ; DC    ;  66,820 ;     mV ;       ; 01:39:53
   3:07'21"43 ; DC    ;  66,850 ;     mV ;       ; 01:39:54
   3:07'21"71 ; DC    ;  66,850 ;     mV ;       ; 01:39:54
   3:07'22"01 ; DC    ;  66,850 ;     mV ;       ; 01:39:54
   3:07'22"29 ; DC    ;  66,880 ;     mV ;       ; 01:39:54
   3:07'22"61 ; DC    ;  66,880 ;     mV ;       ; 01:39:55
   3:07'22"91 ; DC    ;  66,860 ;     mV ;       ; 01:39:55
   3:07'23"23 ; DC    ;  66,880 ;     mV ;       ; 01:39:55
   3:07'23"54 ; DC    ;  66,860 ;     mV ;       ; 01:39:56
   3:07'23"83 ; DC    ;  66,860 ;     mV ;       ; 01:39:56
   3:07'24"13 ; DC    ;  66,860 ;     mV ;       ; 01:39:56
   3:07'24"44 ; DC    ;  66,860 ;     mV ;       ; 01:39:57
   3:07'24"75 ; DC    ;  66,860 ;     mV ;       ; 01:39:57
   3:07'25"03 ; DC    ;  66,830 ;     mV ;       ; 01:39:57
   3:07'25"32 ; DC    ;  66,810 ;     mV ;       ; 01:39:57
   3:07'25"63 ; DC    ;  66,810 ;     mV ;       ; 01:39:58
   3:07'25"96 ; DC    ;  66,810 ;     mV ;       ; 01:39:58
   3:07'26"26 ; DC    ;  66,800 ;     mV ;       ; 01:39:58
   3:07'26"54 ; DC    ;  66,810 ;     mV ;       ; 01:39:59
   3:07'26"86 ; DC    ;  66,910 ;     mV ;       ; 01:39:59
   3:07'27"16 ; DC    ;  66,900 ;     mV ;       ; 01:39:59
   3:07'27"47 ; DC    ;  66,910 ;     mV ;       ; 01:40:00
   3:07'27"75 ; DC    ;  66,900 ;     mV ;       ; 01:40:00
   3:07'28"04 ; DC    ;  66,950 ;     mV ;       ; 01:40:00
   3:07'28"32 ; DC    ;  66,950 ;     mV ;       ; 01:40:00
   3:07'28"61 ; DC    ;  66,950 ;     mV ;       ; 01:40:01
   3:07'28"93 ; DC    ;  66,910 ;     mV ;       ; 01:40:01
   3:07'29"21 ; DC    ;  66,910 ;     mV ;       ; 01:40:01
   3:07'29"49 ; DC    ;  66,880 ;     mV ;       ; 01:40:02
   3:07'29"77 ; DC    ;  66,860 ;     mV ;       ; 01:40:02
   3:07'30"04 ; DC    ;  66,880 ;     mV ;       ; 01:40:02
   3:07'30"31 ; DC    ;  66,860 ;     mV ;       ; 01:40:02
   3:07'30"59 ; DC    ;  66,910 ;     mV ;       ; 01:40:03
   3:07'30"89 ; DC    ;  66,860 ;     mV ;       ; 01:40:03
   3:07'31"17 ; DC    ;  66,840 ;     mV ;       ; 01:40:03
   3:07'31"46 ; DC    ;  66,840 ;     mV ;       ; 01:40:04
   3:07'31"76 ; DC    ;  66,860 ;     mV ;       ; 01:40:04
   3:07'32"11 ; DC    ;  66,880 ;     mV ;       ; 01:40:04
   3:07'32"41 ; DC    ;  66,880 ;     mV ;       ; 01:40:05
   3:07'32"72 ; DC    ;  66,870 ;     mV ;       ; 01:40:05
   3:07'33"01 ; DC    ;  66,850 ;     mV ;       ; 01:40:05
   3:07'33"35 ; DC    ;  66,900 ;     mV ;       ; 01:40:06
   3:07'33"63 ; DC    ;  66,870 ;     mV ;       ; 01:40:06
   3:07'33"94 ; DC    ;  66,850 ;     mV ;       ; 01:40:06
   3:07'34"23 ; DC    ;  66,850 ;     mV ;       ; 01:40:06
   3:07'34"53 ; DC    ;  66,850 ;     mV ;       ; 01:40:07
   3:07'34"85 ; DC    ;  66,860 ;     mV ;       ; 01:40:07
   3:07'35"15 ; DC    ;  66,850 ;     mV ;       ; 01:40:07
   3:07'35"45 ; DC    ;  66,870 ;     mV ;       ; 01:40:08
   3:07'35"74 ; DC    ;  66,880 ;     mV ;       ; 01:40:08
   3:07'36"02 ; DC    ;  66,900 ;     mV ;       ; 01:40:08
   3:07'36"30 ; DC    ;  66,900 ;     mV ;       ; 01:40:08
   3:07'36"57 ; DC    ;  66,920 ;     mV ;       ; 01:40:09
   3:07'36"85 ; DC    ;  66,930 ;     mV ;       ; 01:40:09
   3:07'37"13 ; DC    ;  66,930 ;     mV ;       ; 01:40:09
   3:07'37"41 ; DC    ;  66,940 ;     mV ;       ; 01:40:10
   3:07'37"68 ; DC    ;  66,940 ;     mV ;       ; 01:40:10
   3:07'38"01 ; DC    ;  66,960 ;     mV ;       ; 01:40:10
   3:07'38"30 ; DC    ;  66,960 ;     mV ;       ; 01:40:10
   3:07'38"60 ; DC    ;  66,950 ;     mV ;       ; 01:40:11
   3:07'38"87 ; DC    ;  66,940 ;     mV ;       ; 01:40:11
   3:07'39"15 ; DC    ;  66,930 ;     mV ;       ; 01:40:11
   3:07'39"43 ; DC    ;  66,930 ;     mV ;       ; 01:40:12
   3:07'39"69 ; DC    ;  66,940 ;     mV ;       ; 01:40:12
   3:07'39"97 ; DC    ;  66,940 ;     mV ;       ; 01:40:12
   3:07'40"25 ; DC    ;  66,920 ;     mV ;       ; 01:40:12
   3:07'40"52 ; DC    ;  66,940 ;     mV ;       ; 01:40:13
   3:07'40"80 ; DC    ;  66,930 ;     mV ;       ; 01:40:13
   3:07'41"11 ; DC    ;  66,960 ;     mV ;       ; 01:40:13
   3:07'41"39 ; DC    ;  66,980 ;     mV ;       ; 01:40:14
   3:07'41"67 ; DC    ;  66,970 ;     mV ;       ; 01:40:14
   3:07'41"95 ; DC    ;  66,970 ;     mV ;       ; 01:40:14
   3:07'42"23 ; DC    ;  66,960 ;     mV ;       ; 01:40:14
   3:07'42"49 ; DC    ;  66,970 ;     mV ;       ; 01:40:15
   3:07'42"79 ; DC    ;  66,950 ;     mV ;       ; 01:40:15
   3:07'43"08 ; DC    ;  66,950 ;     mV ;       ; 01:40:15
   3:07'43"35 ; DC    ;  66,960 ;     mV ;       ; 01:40:16
   3:07'43"63 ; DC    ;  66,960 ;     mV ;       ; 01:40:16
   3:07'43"91 ; DC    ;  66,960 ;     mV ;       ; 01:40:16
   3:07'44"22 ; DC    ;  66,960 ;     mV ;       ; 01:40:16
   3:07'44"51 ; DC    ;  66,960 ;     mV ;       ; 01:40:17
   3:07'44"80 ; DC    ;  66,970 ;     mV ;       ; 01:40:17
   3:07'45"08 ; DC    ;  66,940 ;     mV ;       ; 01:40:17
   3:07'45"35 ; DC    ;  66,960 ;     mV ;       ; 01:40:18
   3:07'45"64 ; DC    ;  66,980 ;     mV ;       ; 01:40:18
   3:07'45"93 ; DC    ;  66,960 ;     mV ;       ; 01:40:18
   3:07'46"21 ; DC    ;  66,960 ;     mV ;       ; 01:40:18
   3:07'46"49 ; DC    ;  66,950 ;     mV ;       ; 01:40:19
   3:07'46"81 ; DC    ;  66,950 ;     mV ;       ; 01:40:19
   3:07'47"10 ; DC    ;  66,960 ;     mV ;       ; 01:40:19
   3:07'47"38 ; DC    ;  66,950 ;     mV ;       ; 01:40:20
   3:07'47"68 ; DC    ;  66,940 ;     mV ;       ; 01:40:20
   3:07'47"97 ; DC    ;  66,920 ;     mV ;       ; 01:40:20
   3:07'48"27 ; DC    ;  66,940 ;     mV ;       ; 01:40:20
   3:07'48"56 ; DC    ;  66,960 ;     mV ;       ; 01:40:21
   3:07'48"83 ; DC    ;  66,940 ;     mV ;       ; 01:40:21
   3:07'49"10 ; DC    ;  66,940 ;     mV ;       ; 01:40:21
   3:07'49"39 ; DC    ;  66,910 ;     mV ;       ; 01:40:22
   3:07'49"67 ; DC    ;  66,910 ;     mV ;       ; 01:40:22
   3:07'49"95 ; DC    ;  66,940 ;     mV ;       ; 01:40:22
   3:07'50"23 ; DC    ;  66,940 ;     mV ;       ; 01:40:22
   3:07'50"51 ; DC    ;  66,970 ;     mV ;       ; 01:40:23
   3:07'50"80 ; DC    ;  66,970 ;     mV ;       ; 01:40:23
   3:07'51"08 ; DC    ;  67,000 ;     mV ;       ; 01:40:23
   3:07'51"37 ; DC    ;  67,000 ;     mV ;       ; 01:40:24
   3:07'51"65 ; DC    ;  67,000 ;     mV ;       ; 01:40:24
   3:07'51"93 ; DC    ;  67,000 ;     mV ;       ; 01:40:24
   3:07'52"21 ; DC    ;  67,020 ;     mV ;       ; 01:40:24
   3:07'52"54 ; DC    ;  67,020 ;     mV ;       ; 01:40:25
   3:07'52"86 ; DC    ;  67,000 ;     mV ;       ; 01:40:25
   3:07'53"16 ; DC    ;  67,020 ;     mV ;       ; 01:40:25
   3:07'53"45 ; DC    ;  67,010 ;     mV ;       ; 01:40:26
   3:07'53"71 ; DC    ;  67,010 ;     mV ;       ; 01:40:26
   3:07'53"98 ; DC    ;  67,030 ;     mV ;       ; 01:40:26
   3:07'54"26 ; DC    ;  67,010 ;     mV ;       ; 01:40:26
   3:07'54"55 ; DC    ;  67,000 ;     mV ;       ; 01:40:27
   3:07'54"89 ; DC    ;  67,010 ;     mV ;       ; 01:40:27
   3:07'55"21 ; DC    ;  67,020 ;     mV ;       ; 01:40:27
   3:07'55"52 ; DC    ;  67,010 ;     mV ;       ; 01:40:28
   3:07'55"81 ; DC    ;  67,020 ;     mV ;       ; 01:40:28
   3:07'56"13 ; DC    ;  67,030 ;     mV ;       ; 01:40:28
   3:07'56"43 ; DC    ;  67,040 ;     mV ;       ; 01:40:29
   3:07'56"71 ; DC    ;  67,020 ;     mV ;       ; 01:40:29
   3:07'56"99 ; DC    ;  67,010 ;     mV ;       ; 01:40:29
   3:07'57"27 ; DC    ;  67,010 ;     mV ;       ; 01:40:29
   3:07'57"56 ; DC    ;  67,030 ;     mV ;       ; 01:40:30
   3:07'57"83 ; DC    ;  67,030 ;     mV ;       ; 01:40:30
   3:07'58"11 ; DC    ;  67,030 ;     mV ;       ; 01:40:30
   3:07'58"39 ; DC    ;  67,030 ;     mV ;       ; 01:40:31
   3:07'58"67 ; DC    ;  67,020 ;     mV ;       ; 01:40:31
   3:07'58"93 ; DC    ;  67,020 ;     mV ;       ; 01:40:31
   3:07'59"22 ; DC    ;  67,020 ;     mV ;       ; 01:40:31
   3:07'59"50 ; DC    ;  67,040 ;     mV ;       ; 01:40:32
   3:07'59"78 ; DC    ;  67,040 ;     mV ;       ; 01:40:32
   3:08'00"07 ; DC    ;  67,030 ;     mV ;       ; 01:40:32
   3:08'00"34 ; DC    ;  67,020 ;     mV ;       ; 01:40:33
   3:08'00"63 ; DC    ;  67,040 ;     mV ;       ; 01:40:33
   3:08'00"90 ; DC    ;  67,020 ;     mV ;       ; 01:40:33
   3:08'01"18 ; DC    ;  67,020 ;     mV ;       ; 01:40:33
   3:08'01"46 ; DC    ;  66,990 ;     mV ;       ; 01:40:34
   3:08'01"73 ; DC    ;  67,000 ;     mV ;       ; 01:40:34
   3:08'02"02 ; DC    ;  66,970 ;     mV ;       ; 01:40:34
   3:08'02"29 ; DC    ;  66,940 ;     mV ;       ; 01:40:34
   3:08'02"55 ; DC    ;  66,930 ;     mV ;       ; 01:40:35
   3:08'02"82 ; DC    ;  66,940 ;     mV ;       ; 01:40:35
   3:08'03"10 ; DC    ;  66,950 ;     mV ;       ; 01:40:35
   3:08'03"37 ; DC    ;  66,950 ;     mV ;       ; 01:40:36
   3:08'03"65 ; DC    ;  66,940 ;     mV ;       ; 01:40:36
   3:08'03"93 ; DC    ;  66,920 ;     mV ;       ; 01:40:36
   3:08'04"21 ; DC    ;  66,920 ;     mV ;       ; 01:40:36
   3:08'04"48 ; DC    ;  66,930 ;     mV ;       ; 01:40:37
   3:08'04"78 ; DC    ;  66,940 ;     mV ;       ; 01:40:37
   3:08'05"05 ; DC    ;  66,960 ;     mV ;       ; 01:40:37
   3:08'05"33 ; DC    ;  66,940 ;     mV ;       ; 01:40:38
   3:08'05"63 ; DC    ;  66,950 ;     mV ;       ; 01:40:38
   3:08'05"90 ; DC    ;  66,980 ;     mV ;       ; 01:40:38
   3:08'06"18 ; DC    ;  66,990 ;     mV ;       ; 01:40:38
   3:08'06"46 ; DC    ;  67,010 ;     mV ;       ; 01:40:39
   3:08'06"72 ; DC    ;  67,000 ;     mV ;       ; 01:40:39
   3:08'07"00 ; DC    ;  67,000 ;     mV ;       ; 01:40:39
   3:08'07"31 ; DC    ;  67,010 ;     mV ;       ; 01:40:39
   3:08'07"57 ; DC    ;  67,010 ;     mV ;       ; 01:40:40
   3:08'07"84 ; DC    ;  67,010 ;     mV ;       ; 01:40:40
   3:08'08"10 ; DC    ;  67,000 ;     mV ;       ; 01:40:40
   3:08'08"37 ; DC    ;  67,010 ;     mV ;       ; 01:40:41
   3:08'08"65 ; DC    ;  66,990 ;     mV ;       ; 01:40:41
   3:08'08"92 ; DC    ;  67,010 ;     mV ;       ; 01:40:41
   3:08'09"18 ; DC    ;  67,030 ;     mV ;       ; 01:40:41
   3:08'09"44 ; DC    ;  67,040 ;     mV ;       ; 01:40:42
   3:08'09"71 ; DC    ;  67,020 ;     mV ;       ; 01:40:42
   3:08'09"99 ; DC    ;  67,000 ;     mV ;       ; 01:40:42
   3:08'10"27 ; DC    ;  67,000 ;     mV ;       ; 01:40:42
   3:08'10"55 ; DC    ;  67,000 ;     mV ;       ; 01:40:43
   3:08'10"82 ; DC    ;  67,010 ;     mV ;       ; 01:40:43
   3:08'11"10 ; DC    ;  67,020 ;     mV ;       ; 01:40:43
   3:08'11"41 ; DC    ;  67,030 ;     mV ;       ; 01:40:44
   3:08'11"68 ; DC    ;  67,040 ;     mV ;       ; 01:40:44
   3:08'11"96 ; DC    ;  67,060 ;     mV ;       ; 01:40:44
   3:08'12"23 ; DC    ;  67,030 ;     mV ;       ; 01:40:44
   3:08'12"51 ; DC    ;  67,030 ;     mV ;       ; 01:40:45
   3:08'12"79 ; DC    ;  67,000 ;     mV ;       ; 01:40:45
   3:08'13"07 ; DC    ;  67,020 ;     mV ;       ; 01:40:45
   3:08'13"34 ; DC    ;  66,990 ;     mV ;       ; 01:40:46
   3:08'13"61 ; DC    ;  66,990 ;     mV ;       ; 01:40:46
   3:08'13"89 ; DC    ;  66,990 ;     mV ;       ; 01:40:46
   3:08'14"17 ; DC    ;  67,010 ;     mV ;       ; 01:40:46
   3:08'14"43 ; DC    ;  67,010 ;     mV ;       ; 01:40:47
   3:08'14"69 ; DC    ;  66,990 ;     mV ;       ; 01:40:47
   3:08'14"98 ; DC    ;  66,950 ;     mV ;       ; 01:40:47
   3:08'15"28 ; DC    ;  66,950 ;     mV ;       ; 01:40:47
   3:08'15"56 ; DC    ;  66,960 ;     mV ;       ; 01:40:48
   3:08'15"82 ; DC    ;  66,950 ;     mV ;       ; 01:40:48
   3:08'16"10 ; DC    ;  66,940 ;     mV ;       ; 01:40:48
   3:08'16"37 ; DC    ;  66,950 ;     mV ;       ; 01:40:49
   3:08'16"63 ; DC    ;  66,980 ;     mV ;       ; 01:40:49
   3:08'16"89 ; DC    ;  67,010 ;     mV ;       ; 01:40:49
   3:08'17"16 ; DC    ;  67,010 ;     mV ;       ; 01:40:49
   3:08'17"44 ; DC    ;  66,990 ;     mV ;       ; 01:40:50
   3:08'17"72 ; DC    ;  66,960 ;     mV ;       ; 01:40:50
   3:08'18"02 ; DC    ;  67,000 ;     mV ;       ; 01:40:50
   3:08'18"31 ; DC    ;  66,990 ;     mV ;       ; 01:40:50
   3:08'18"59 ; DC    ;  67,000 ;     mV ;       ; 01:40:51
   3:08'18"87 ; DC    ;  67,020 ;     mV ;       ; 01:40:51
   3:08'19"16 ; DC    ;  67,020 ;     mV ;       ; 01:40:51
   3:08'19"44 ; DC    ;  67,010 ;     mV ;       ; 01:40:52
   3:08'19"72 ; DC    ;  67,030 ;     mV ;       ; 01:40:52
   3:08'20"02 ; DC    ;  67,000 ;     mV ;       ; 01:40:52
   3:08'20"30 ; DC    ;  67,020 ;     mV ;       ; 01:40:52
   3:08'20"58 ; DC    ;  67,010 ;     mV ;       ; 01:40:53
   3:08'20"86 ; DC    ;  66,990 ;     mV ;       ; 01:40:53
   3:08'21"14 ; DC    ;  66,990 ;     mV ;       ; 01:40:53
   3:08'21"42 ; DC    ;  66,980 ;     mV ;       ; 01:40:54
   3:08'21"71 ; DC    ;  66,980 ;     mV ;       ; 01:40:54
   3:08'21"98 ; DC    ;  66,920 ;     mV ;       ; 01:40:54
   3:08'22"24 ; DC    ;  66,920 ;     mV ;       ; 01:40:54
   3:08'22"52 ; DC    ;  66,940 ;     mV ;       ; 01:40:55
   3:08'22"80 ; DC    ;  66,940 ;     mV ;       ; 01:40:55
   3:08'23"08 ; DC    ;  66,940 ;     mV ;       ; 01:40:55
   3:08'23"36 ; DC    ;  66,920 ;     mV ;       ; 01:40:56
   3:08'23"64 ; DC    ;  66,950 ;     mV ;       ; 01:40:56
   3:08'23"93 ; DC    ;  66,930 ;     mV ;       ; 01:40:56
   3:08'24"22 ; DC    ;  66,960 ;     mV ;       ; 01:40:56
   3:08'24"51 ; DC    ;  66,960 ;     mV ;       ; 01:40:57
   3:08'24"82 ; DC    ;  67,000 ;     mV ;       ; 01:40:57
   3:08'25"10 ; DC    ;  67,000 ;     mV ;       ; 01:40:57
   3:08'25"36 ; DC    ;  66,980 ;     mV ;       ; 01:40:58
   3:08'25"64 ; DC    ;  67,000 ;     mV ;       ; 01:40:58
   3:08'25"92 ; DC    ;  67,020 ;     mV ;       ; 01:40:58
   3:08'26"24 ; DC    ;  67,020 ;     mV ;       ; 01:40:58
   3:08'26"53 ; DC    ;  67,030 ;     mV ;       ; 01:40:59
   3:08'26"83 ; DC    ;  67,060 ;     mV ;       ; 01:40:59
   3:08'27"11 ; DC    ;  67,060 ;     mV ;       ; 01:40:59
   3:08'27"39 ; DC    ;  67,060 ;     mV ;       ; 01:41:00
   3:08'27"69 ; DC    ;  67,060 ;     mV ;       ; 01:41:00
   3:08'27"99 ; DC    ;  67,070 ;     mV ;       ; 01:41:00
   3:08'28"29 ; DC    ;  67,070 ;     mV ;       ; 01:41:00
   3:08'28"58 ; DC    ;  67,070 ;     mV ;       ; 01:41:01
   3:08'28"89 ; DC    ;  67,060 ;     mV ;       ; 01:41:01
   3:08'29"16 ; DC    ;  67,040 ;     mV ;       ; 01:41:01
   3:08'29"43 ; DC    ;  67,040 ;     mV ;       ; 01:41:02
   3:08'29"72 ; DC    ;  67,050 ;     mV ;       ; 01:41:02
   3:08'30"02 ; DC    ;  67,060 ;     mV ;       ; 01:41:02
   3:08'30"35 ; DC    ;  67,050 ;     mV ;       ; 01:41:03
   3:08'30"68 ; DC    ;  67,040 ;     mV ;       ; 01:41:03
   3:08'30"98 ; DC    ;  67,070 ;     mV ;       ; 01:41:03
   3:08'31"28 ; DC    ;  67,090 ;     mV ;       ; 01:41:03
   3:08'31"57 ; DC    ;  67,080 ;     mV ;       ; 01:41:04
   3:08'31"87 ; DC    ;  67,050 ;     mV ;       ; 01:41:04
   3:08'32"19 ; DC    ;  67,050 ;     mV ;       ; 01:41:04
   3:08'32"48 ; DC    ;  67,090 ;     mV ;       ; 01:41:05
   3:08'32"76 ; DC    ;  67,080 ;     mV ;       ; 01:41:05
   3:08'33"06 ; DC    ;  67,080 ;     mV ;       ; 01:41:05
   3:08'33"37 ; DC    ;  67,080 ;     mV ;       ; 01:41:06
   3:08'33"67 ; DC    ;  67,060 ;     mV ;       ; 01:41:06
   3:08'33"97 ; DC    ;  67,060 ;     mV ;       ; 01:41:06
   3:08'34"26 ; DC    ;  67,070 ;     mV ;       ; 01:41:06
   3:08'34"56 ; DC    ;  67,090 ;     mV ;       ; 01:41:07
   3:08'34"85 ; DC    ;  67,080 ;     mV ;       ; 01:41:07
   3:08'35"12 ; DC    ;  67,090 ;     mV ;       ; 01:41:07
   3:08'35"41 ; DC    ;  67,090 ;     mV ;       ; 01:41:08
   3:08'35"73 ; DC    ;  67,090 ;     mV ;       ; 01:41:08
   3:08'36"05 ; DC    ;  67,090 ;     mV ;       ; 01:41:08
   3:08'36"33 ; DC    ;  67,090 ;     mV ;       ; 01:41:09
   3:08'36"62 ; DC    ;  67,100 ;     mV ;       ; 01:41:09
   3:08'36"93 ; DC    ;  67,090 ;     mV ;       ; 01:41:09
   3:08'37"22 ; DC    ;  67,100 ;     mV ;       ; 01:41:09
   3:08'37"51 ; DC    ;  67,070 ;     mV ;       ; 01:41:10
   3:08'37"79 ; DC    ;  67,070 ;     mV ;       ; 01:41:10
   3:08'38"07 ; DC    ;  67,080 ;     mV ;       ; 01:41:10
   3:08'38"33 ; DC    ;  67,050 ;     mV ;       ; 01:41:11
   3:08'38"60 ; DC    ;  67,050 ;     mV ;       ; 01:41:11
   3:08'38"88 ; DC    ;  67,040 ;     mV ;       ; 01:41:11
   3:08'39"16 ; DC    ;  67,030 ;     mV ;       ; 01:41:11
   3:08'39"44 ; DC    ;  67,050 ;     mV ;       ; 01:41:12
   3:08'39"72 ; DC    ;  67,030 ;     mV ;       ; 01:41:12
   3:08'39"99 ; DC    ;  67,030 ;     mV ;       ; 01:41:12
   3:08'40"26 ; DC    ;  67,030 ;     mV ;       ; 01:41:12
   3:08'40"54 ; DC    ;  67,020 ;     mV ;       ; 01:41:13
   3:08'40"82 ; DC    ;  67,040 ;     mV ;       ; 01:41:13
   3:08'41"10 ; DC    ;  67,030 ;     mV ;       ; 01:41:13
   3:08'41"40 ; DC    ;  67,030 ;     mV ;       ; 01:41:14
   3:08'41"70 ; DC    ;  67,020 ;     mV ;       ; 01:41:14
   3:08'41"96 ; DC    ;  67,030 ;     mV ;       ; 01:41:14
   3:08'42"24 ; DC    ;  67,050 ;     mV ;       ; 01:41:14
   3:08'42"52 ; DC    ;  67,050 ;     mV ;       ; 01:41:15
   3:08'42"79 ; DC    ;  67,060 ;     mV ;       ; 01:41:15
   3:08'43"05 ; DC    ;  67,090 ;     mV ;       ; 01:41:15
   3:08'43"32 ; DC    ;  67,070 ;     mV ;       ; 01:41:15
   3:08'43"60 ; DC    ;  67,070 ;     mV ;       ; 01:41:16
   3:08'43"90 ; DC    ;  67,070 ;     mV ;       ; 01:41:16
   3:08'44"18 ; DC    ;  67,040 ;     mV ;       ; 01:41:16
   3:08'44"46 ; DC    ;  67,070 ;     mV ;       ; 01:41:17
   3:08'44"75 ; DC    ;  67,070 ;     mV ;       ; 01:41:17
   3:08'45"03 ; DC    ;  67,050 ;     mV ;       ; 01:41:17
   3:08'45"32 ; DC    ;  67,040 ;     mV ;       ; 01:41:17
   3:08'45"61 ; DC    ;  67,060 ;     mV ;       ; 01:41:18
   3:08'45"89 ; DC    ;  67,070 ;     mV ;       ; 01:41:18
   3:08'46"17 ; DC    ;  67,060 ;     mV ;       ; 01:41:18
   3:08'46"44 ; DC    ;  67,060 ;     mV ;       ; 01:41:19
   3:08'46"75 ; DC    ;  67,060 ;     mV ;       ; 01:41:19
   3:08'47"05 ; DC    ;  67,060 ;     mV ;       ; 01:41:19
   3:08'47"36 ; DC    ;  67,080 ;     mV ;       ; 01:41:20
   3:08'47"63 ; DC    ;  67,070 ;     mV ;       ; 01:41:20
   3:08'47"93 ; DC    ;  67,070 ;     mV ;       ; 01:41:20
   3:08'48"22 ; DC    ;  67,060 ;     mV ;       ; 01:41:20
   3:08'48"54 ; DC    ;  67,070 ;     mV ;       ; 01:41:21
   3:08'48"84 ; DC    ;  67,060 ;     mV ;       ; 01:41:21
   3:08'49"12 ; DC    ;  67,050 ;     mV ;       ; 01:41:21
   3:08'49"42 ; DC    ;  67,060 ;     mV ;       ; 01:41:22
   3:08'49"71 ; DC    ;  67,060 ;     mV ;       ; 01:41:22
   3:08'50"01 ; DC    ;  67,080 ;     mV ;       ; 01:41:22
   3:08'50"33 ; DC    ;  67,070 ;     mV ;       ; 01:41:23
   3:08'50"63 ; DC    ;  67,090 ;     mV ;       ; 01:41:23
   3:08'50"97 ; DC    ;  67,090 ;     mV ;       ; 01:41:23
   3:08'51"28 ; DC    ;  67,090 ;     mV ;       ; 01:41:23
   3:08'51"57 ; DC    ;  67,110 ;     mV ;       ; 01:41:24
   3:08'51"88 ; DC    ;  67,100 ;     mV ;       ; 01:41:24
   3:08'52"17 ; DC    ;  67,110 ;     mV ;       ; 01:41:24
   3:08'52"50 ; DC    ;  67,110 ;     mV ;       ; 01:41:25
   3:08'52"79 ; DC    ;  67,090 ;     mV ;       ; 01:41:25
   3:08'53"11 ; DC    ;  67,090 ;     mV ;       ; 01:41:25
   3:08'53"39 ; DC    ;  67,110 ;     mV ;       ; 01:41:26
   3:08'53"68 ; DC    ;  67,110 ;     mV ;       ; 01:41:26
   3:08'53"98 ; DC    ;  67,090 ;     mV ;       ; 01:41:26
   3:08'54"26 ; DC    ;  67,090 ;     mV ;       ; 01:41:26
   3:08'54"54 ; DC    ;  67,110 ;     mV ;       ; 01:41:27
   3:08'54"83 ; DC    ;  67,090 ;     mV ;       ; 01:41:27
   3:08'55"11 ; DC    ;  67,100 ;     mV ;       ; 01:41:27
   3:08'55"38 ; DC    ;  67,110 ;     mV ;       ; 01:41:28
   3:08'55"67 ; DC    ;  67,120 ;     mV ;       ; 01:41:28
   3:08'55"98 ; DC    ;  67,090 ;     mV ;       ; 01:41:28
   3:08'56"30 ; DC    ;  67,100 ;     mV ;       ; 01:41:28
   3:08'56"62 ; DC    ;  67,090 ;     mV ;       ; 01:41:29
   3:08'56"91 ; DC    ;  67,080 ;     mV ;       ; 01:41:29
   3:08'57"20 ; DC    ;  67,090 ;     mV ;       ; 01:41:29
   3:08'57"48 ; DC    ;  67,080 ;     mV ;       ; 01:41:30
   3:08'57"77 ; DC    ;  67,100 ;     mV ;       ; 01:41:30
   3:08'58"05 ; DC    ;  67,100 ;     mV ;       ; 01:41:30
   3:08'58"32 ; DC    ;  67,080 ;     mV ;       ; 01:41:30
   3:08'58"63 ; DC    ;  67,100 ;     mV ;       ; 01:41:31
   3:08'58"91 ; DC    ;  67,100 ;     mV ;       ; 01:41:31
   3:08'59"22 ; DC    ;  67,080 ;     mV ;       ; 01:41:31
   3:08'59"50 ; DC    ;  67,070 ;     mV ;       ; 01:41:32
   3:08'59"77 ; DC    ;  67,070 ;     mV ;       ; 01:41:32
   3:09'00"04 ; DC    ;  67,070 ;     mV ;       ; 01:41:32
   3:09'00"33 ; DC    ;  67,080 ;     mV ;       ; 01:41:32
   3:09'00"64 ; DC    ;  67,080 ;     mV ;       ; 01:41:33
   3:09'00"95 ; DC    ;  67,090 ;     mV ;       ; 01:41:33
   3:09'01"26 ; DC    ;  67,080 ;     mV ;       ; 01:41:33
   3:09'01"58 ; DC    ;  67,090 ;     mV ;       ; 01:41:34
   3:09'01"90 ; DC    ;  67,080 ;     mV ;       ; 01:41:34
   3:09'02"18 ; DC    ;  67,080 ;     mV ;       ; 01:41:34
   3:09'02"47 ; DC    ;  67,080 ;     mV ;       ; 01:41:35
   3:09'02"81 ; DC    ;  67,080 ;     mV ;       ; 01:41:35
   3:09'03"14 ; DC    ;  67,080 ;     mV ;       ; 01:41:35
   3:09'03"47 ; DC    ;  67,080 ;     mV ;       ; 01:41:36
   3:09'03"76 ; DC    ;  67,080 ;     mV ;       ; 01:41:36
   3:09'04"07 ; DC    ;  67,060 ;     mV ;       ; 01:41:36
   3:09'04"38 ; DC    ;  67,070 ;     mV ;       ; 01:41:37
   3:09'04"68 ; DC    ;  67,080 ;     mV ;       ; 01:41:37
   3:09'04"96 ; DC    ;  67,100 ;     mV ;       ; 01:41:37
   3:09'05"27 ; DC    ;  67,100 ;     mV ;       ; 01:41:37
   3:09'05"55 ; DC    ;  67,100 ;     mV ;       ; 01:41:38
   3:09'05"84 ; DC    ;  67,080 ;     mV ;       ; 01:41:38
   3:09'06"12 ; DC    ;  67,090 ;     mV ;       ; 01:41:38
   3:09'06"40 ; DC    ;  67,090 ;     mV ;       ; 01:41:39
   3:09'06"68 ; DC    ;  67,060 ;     mV ;       ; 01:41:39
   3:09'06"97 ; DC    ;  67,060 ;     mV ;       ; 01:41:39
   3:09'07"25 ; DC    ;  67,070 ;     mV ;       ; 01:41:39
   3:09'07"53 ; DC    ;  67,070 ;     mV ;       ; 01:41:40
   3:09'07"81 ; DC    ;  67,090 ;     mV ;       ; 01:41:40
   3:09'08"09 ; DC    ;  67,090 ;     mV ;       ; 01:41:40
   3:09'08"35 ; DC    ;  67,110 ;     mV ;       ; 01:41:41
   3:09'08"64 ; DC    ;  67,110 ;     mV ;       ; 01:41:41
   3:09'08"90 ; DC    ;  67,120 ;     mV ;       ; 01:41:41
   3:09'09"19 ; DC    ;  67,100 ;     mV ;       ; 01:41:41
   3:09'09"48 ; DC    ;  67,100 ;     mV ;       ; 01:41:42
   3:09'09"78 ; DC    ;  67,090 ;     mV ;       ; 01:41:42
   3:09'10"05 ; DC    ;  67,100 ;     mV ;       ; 01:41:42
   3:09'10"34 ; DC    ;  67,090 ;     mV ;       ; 01:41:43
   3:09'10"63 ; DC    ;  67,090 ;     mV ;       ; 01:41:43
   3:09'10"92 ; DC    ;  67,100 ;     mV ;       ; 01:41:43
   3:09'11"20 ; DC    ;  67,080 ;     mV ;       ; 01:41:43
   3:09'11"46 ; DC    ;  67,080 ;     mV ;       ; 01:41:44
   3:09'11"72 ; DC    ;  67,100 ;     mV ;       ; 01:41:44
   3:09'12"00 ; DC    ;  67,090 ;     mV ;       ; 01:41:44
   3:09'12"28 ; DC    ;  67,090 ;     mV ;       ; 01:41:44
   3:09'12"57 ; DC    ;  67,090 ;     mV ;       ; 01:41:45
   3:09'12"85 ; DC    ;  67,080 ;     mV ;       ; 01:41:45
   3:09'13"14 ; DC    ;  67,080 ;     mV ;       ; 01:41:45
   3:09'13"40 ; DC    ;  67,080 ;     mV ;       ; 01:41:46
   3:09'13"66 ; DC    ;  67,090 ;     mV ;       ; 01:41:46
   3:09'13"93 ; DC    ;  67,090 ;     mV ;       ; 01:41:46
   3:09'14"20 ; DC    ;  67,090 ;     mV ;       ; 01:41:46
   3:09'14"46 ; DC    ;  67,080 ;     mV ;       ; 01:41:47
   3:09'14"73 ; DC    ;  67,080 ;     mV ;       ; 01:41:47
   3:09'15"01 ; DC    ;  67,060 ;     mV ;       ; 01:41:47
   3:09'15"30 ; DC    ;  67,060 ;     mV ;       ; 01:41:47
   3:09'15"58 ; DC    ;  67,080 ;     mV ;       ; 01:41:48
   3:09'15"84 ; DC    ;  67,090 ;     mV ;       ; 01:41:48
   3:09'16"12 ; DC    ;  67,090 ;     mV ;       ; 01:41:48
   3:09'16"38 ; DC    ;  67,100 ;     mV ;       ; 01:41:49
   3:09'16"66 ; DC    ;  67,090 ;     mV ;       ; 01:41:49
   3:09'16"94 ; DC    ;  67,060 ;     mV ;       ; 01:41:49
   3:09'17"23 ; DC    ;  67,070 ;     mV ;       ; 01:41:49
   3:09'17"49 ; DC    ;  67,070 ;     mV ;       ; 01:41:50
   3:09'17"79 ; DC    ;  67,070 ;     mV ;       ; 01:41:50
   3:09'18"05 ; DC    ;  67,080 ;     mV ;       ; 01:41:50
   3:09'18"34 ; DC    ;  67,090 ;     mV ;       ; 01:41:51
   3:09'18"62 ; DC    ;  67,080 ;     mV ;       ; 01:41:51
   3:09'18"89 ; DC    ;  67,090 ;     mV ;       ; 01:41:51
   3:09'19"22 ; DC    ;  67,100 ;     mV ;       ; 01:41:51
   3:09'19"50 ; DC    ;  67,090 ;     mV ;       ; 01:41:52
   3:09'19"76 ; DC    ;  67,080 ;     mV ;       ; 01:41:52
   3:09'20"04 ; DC    ;  67,080 ;     mV ;       ; 01:41:52
   3:09'20"34 ; DC    ;  67,080 ;     mV ;       ; 01:41:53
   3:09'20"62 ; DC    ;  67,100 ;     mV ;       ; 01:41:53
   3:09'20"97 ; DC    ;  67,090 ;     mV ;       ; 01:41:53
   3:09'21"33 ; DC    ;  67,090 ;     mV ;       ; 01:41:53
   3:09'21"61 ; DC    ;  67,090 ;     mV ;       ; 01:41:54
   3:09'21"95 ; DC    ;  67,090 ;     mV ;       ; 01:41:54
   3:09'22"25 ; DC    ;  67,090 ;     mV ;       ; 01:41:54
   3:09'22"55 ; DC    ;  67,070 ;     mV ;       ; 01:41:55
   3:09'22"82 ; DC    ;  67,080 ;     mV ;       ; 01:41:55
   3:09'23"10 ; DC    ;  67,090 ;     mV ;       ; 01:41:55
   3:09'23"38 ; DC    ;  67,090 ;     mV ;       ; 01:41:56
   3:09'23"65 ; DC    ;  67,070 ;     mV ;       ; 01:41:56
   3:09'23"92 ; DC    ;  67,060 ;     mV ;       ; 01:41:56
   3:09'24"21 ; DC    ;  67,080 ;     mV ;       ; 01:41:56
   3:09'24"50 ; DC    ;  67,080 ;     mV ;       ; 01:41:57
   3:09'24"77 ; DC    ;  67,080 ;     mV ;       ; 01:41:57
   3:09'25"04 ; DC    ;  67,090 ;     mV ;       ; 01:41:57
   3:09'25"31 ; DC    ;  67,090 ;     mV ;       ; 01:41:57
   3:09'25"59 ; DC    ;  67,090 ;     mV ;       ; 01:41:58
   3:09'25"87 ; DC    ;  67,080 ;     mV ;       ; 01:41:58
   3:09'26"13 ; DC    ;  67,070 ;     mV ;       ; 01:41:58
   3:09'26"40 ; DC    ;  67,070 ;     mV ;       ; 01:41:59
   3:09'26"66 ; DC    ;  67,070 ;     mV ;       ; 01:41:59
   3:09'26"94 ; DC    ;  67,090 ;     mV ;       ; 01:41:59
   3:09'27"22 ; DC    ;  67,080 ;     mV ;       ; 01:41:59
   3:09'27"51 ; DC    ;  67,060 ;     mV ;       ; 01:42:00
   3:09'27"79 ; DC    ;  67,070 ;     mV ;       ; 01:42:00
   3:09'28"08 ; DC    ;  67,080 ;     mV ;       ; 01:42:00
   3:09'28"35 ; DC    ;  67,070 ;     mV ;       ; 01:42:01
   3:09'28"65 ; DC    ;  67,070 ;     mV ;       ; 01:42:01
   3:09'28"94 ; DC    ;  67,060 ;     mV ;       ; 01:42:01
   3:09'29"21 ; DC    ;  67,060 ;     mV ;       ; 01:42:01
   3:09'29"49 ; DC    ;  67,080 ;     mV ;       ; 01:42:02
   3:09'29"77 ; DC    ;  67,080 ;     mV ;       ; 01:42:02
   3:09'30"05 ; DC    ;  67,090 ;     mV ;       ; 01:42:02
   3:09'30"32 ; DC    ;  67,080 ;     mV ;       ; 01:42:02
   3:09'30"64 ; DC    ;  67,090 ;     mV ;       ; 01:42:03
   3:09'30"94 ; DC    ;  67,070 ;     mV ;       ; 01:42:03
   3:09'31"24 ; DC    ;  67,080 ;     mV ;       ; 01:42:03
   3:09'31"53 ; DC    ;  67,090 ;     mV ;       ; 01:42:04
   3:09'31"83 ; DC    ;  67,070 ;     mV ;       ; 01:42:04
   3:09'32"13 ; DC    ;  67,100 ;     mV ;       ; 01:42:04
   3:09'32"39 ; DC    ;  67,090 ;     mV ;       ; 01:42:05
   3:09'32"68 ; DC    ;  67,090 ;     mV ;       ; 01:42:05
   3:09'32"98 ; DC    ;  67,090 ;     mV ;       ; 01:42:05
   3:09'33"28 ; DC    ;  67,100 ;     mV ;       ; 01:42:05
   3:09'33"57 ; DC    ;  67,100 ;     mV ;       ; 01:42:06
   3:09'33"84 ; DC    ;  67,100 ;     mV ;       ; 01:42:06
   3:09'34"14 ; DC    ;  67,100 ;     mV ;       ; 01:42:06
   3:09'34"43 ; DC    ;  67,100 ;     mV ;       ; 01:42:07
   3:09'34"72 ; DC    ;  67,090 ;     mV ;       ; 01:42:07
   3:09'34"99 ; DC    ;  67,080 ;     mV ;       ; 01:42:07
   3:09'35"29 ; DC    ;  67,090 ;     mV ;       ; 01:42:07
   3:09'35"57 ; DC    ;  67,100 ;     mV ;       ; 01:42:08
   3:09'35"86 ; DC    ;  67,100 ;     mV ;       ; 01:42:08
   3:09'36"14 ; DC    ;  67,060 ;     mV ;       ; 01:42:08
   3:09'36"41 ; DC    ;  67,070 ;     mV ;       ; 01:42:09
   3:09'36"69 ; DC    ;  67,060 ;     mV ;       ; 01:42:09
   3:09'36"96 ; DC    ;  67,060 ;     mV ;       ; 01:42:09
   3:09'37"25 ; DC    ;  67,070 ;     mV ;       ; 01:42:09
   3:09'37"52 ; DC    ;  67,060 ;     mV ;       ; 01:42:10
   3:09'37"83 ; DC    ;  67,100 ;     mV ;       ; 01:42:10
   3:09'38"42 ; DC    ;  67,100 ;     mV ;       ; 01:42:11
   3:09'38"69 ; DC    ;  67,090 ;     mV ;       ; 01:42:11
   3:09'38"97 ; DC    ;  67,060 ;     mV ;       ; 01:42:11
   3:09'39"25 ; DC    ;  67,080 ;     mV ;       ; 01:42:11
   3:09'39"51 ; DC    ;  67,090 ;     mV ;       ; 01:42:12
   3:09'39"79 ; DC    ;  67,090 ;     mV ;       ; 01:42:12
   3:09'40"07 ; DC    ;  67,080 ;     mV ;       ; 01:42:12
   3:09'40"35 ; DC    ;  67,060 ;     mV ;       ; 01:42:13
   3:09'40"64 ; DC    ;  67,070 ;     mV ;       ; 01:42:13
   3:09'40"92 ; DC    ;  67,070 ;     mV ;       ; 01:42:13
   3:09'41"20 ; DC    ;  67,070 ;     mV ;       ; 01:42:13
   3:09'41"47 ; DC    ;  67,110 ;     mV ;       ; 01:42:14
   3:09'41"74 ; DC    ;  67,110 ;     mV ;       ; 01:42:14
   3:09'42"05 ; DC    ;  67,080 ;     mV ;       ; 01:42:14
   3:09'42"32 ; DC    ;  67,080 ;     mV ;       ; 01:42:14
   3:09'42"61 ; DC    ;  67,090 ;     mV ;       ; 01:42:15
   3:09'42"88 ; DC    ;  67,060 ;     mV ;       ; 01:42:15
   3:09'43"18 ; DC    ;  67,070 ;     mV ;       ; 01:42:15
   3:09'43"46 ; DC    ;  67,080 ;     mV ;       ; 01:42:16
   3:09'43"74 ; DC    ;  67,060 ;     mV ;       ; 01:42:16
   3:09'44"01 ; DC    ;  67,060 ;     mV ;       ; 01:42:16
   3:09'44"32 ; DC    ;  67,050 ;     mV ;       ; 01:42:16
   3:09'44"63 ; DC    ;  67,040 ;     mV ;       ; 01:42:17
   3:09'44"93 ; DC    ;  67,040 ;     mV ;       ; 01:42:17
   3:09'45"25 ; DC    ;  67,080 ;     mV ;       ; 01:42:17
   3:09'45"56 ; DC    ;  67,110 ;     mV ;       ; 01:42:18
   3:09'45"85 ; DC    ;  67,130 ;     mV ;       ; 01:42:18
   3:09'46"14 ; DC    ;  67,120 ;     mV ;       ; 01:42:18
   3:09'46"43 ; DC    ;  67,120 ;     mV ;       ; 01:42:19
   3:09'46"74 ; DC    ;  67,110 ;     mV ;       ; 01:42:19
   3:09'47"02 ; DC    ;  67,110 ;     mV ;       ; 01:42:19
   3:09'47"29 ; DC    ;  67,120 ;     mV ;       ; 01:42:19
   3:09'47"56 ; DC    ;  67,090 ;     mV ;       ; 01:42:20
   3:09'47"83 ; DC    ;  67,070 ;     mV ;       ; 01:42:20
   3:09'48"11 ; DC    ;  67,080 ;     mV ;       ; 01:42:20
   3:09'48"39 ; DC    ;  67,080 ;     mV ;       ; 01:42:21
   3:09'48"69 ; DC    ;  67,050 ;     mV ;       ; 01:42:21
   3:09'48"99 ; DC    ;  67,050 ;     mV ;       ; 01:42:21
   3:09'49"28 ; DC    ;  67,020 ;     mV ;       ; 01:42:21
   3:09'49"54 ; DC    ;  67,020 ;     mV ;       ; 01:42:22
   3:09'49"82 ; DC    ;  66,980 ;     mV ;       ; 01:42:22
   3:09'50"08 ; DC    ;  66,970 ;     mV ;       ; 01:42:22
   3:09'50"36 ; DC    ;  67,030 ;     mV ;       ; 01:42:23
   3:09'50"64 ; DC    ;  67,010 ;     mV ;       ; 01:42:23
   3:09'50"92 ; DC    ;  67,040 ;     mV ;       ; 01:42:23
   3:09'51"20 ; DC    ;  67,020 ;     mV ;       ; 01:42:23
   3:09'51"46 ; DC    ;  67,020 ;     mV ;       ; 01:42:24
   3:09'51"73 ; DC    ;  67,040 ;     mV ;       ; 01:42:24
   3:09'51"99 ; DC    ;  67,040 ;     mV ;       ; 01:42:24
   3:09'52"27 ; DC    ;  67,040 ;     mV ;       ; 01:42:24
   3:09'52"54 ; DC    ;  67,000 ;     mV ;       ; 01:42:25
   3:09'52"81 ; DC    ;  67,020 ;     mV ;       ; 01:42:25
   3:09'53"08 ; DC    ;  67,010 ;     mV ;       ; 01:42:25
   3:09'53"37 ; DC    ;  67,010 ;     mV ;       ; 01:42:26
   3:09'53"64 ; DC    ;  67,020 ;     mV ;       ; 01:42:26
   3:09'53"93 ; DC    ;  67,010 ;     mV ;       ; 01:42:26
   3:09'54"21 ; DC    ;  67,020 ;     mV ;       ; 01:42:26
   3:09'54"49 ; DC    ;  67,030 ;     mV ;       ; 01:42:27
   3:09'54"76 ; DC    ;  67,010 ;     mV ;       ; 01:42:27
   3:09'55"03 ; DC    ;  67,010 ;     mV ;       ; 01:42:27
   3:09'55"31 ; DC    ;  67,010 ;     mV ;       ; 01:42:27
   3:09'55"59 ; DC    ;  67,030 ;     mV ;       ; 01:42:28
   3:09'55"87 ; DC    ;  67,030 ;     mV ;       ; 01:42:28
   3:09'56"14 ; DC    ;  67,020 ;     mV ;       ; 01:42:28
   3:09'56"42 ; DC    ;  67,020 ;     mV ;       ; 01:42:29
   3:09'56"72 ; DC    ;  67,010 ;     mV ;       ; 01:42:29
   3:09'57"00 ; DC    ;  66,990 ;     mV ;       ; 01:42:29
   3:09'57"29 ; DC    ;  66,990 ;     mV ;       ; 01:42:29
   3:09'57"59 ; DC    ;  67,010 ;     mV ;       ; 01:42:30
   3:09'57"89 ; DC    ;  67,020 ;     mV ;       ; 01:42:30
   3:09'58"19 ; DC    ;  67,010 ;     mV ;       ; 01:42:30
   3:09'58"51 ; DC    ;  67,030 ;     mV ;       ; 01:42:31
   3:09'58"83 ; DC    ;  67,020 ;     mV ;       ; 01:42:31
   3:09'59"13 ; DC    ;  67,020 ;     mV ;       ; 01:42:31
   3:09'59"40 ; DC    ;  67,020 ;     mV ;       ; 01:42:32
   3:09'59"70 ; DC    ;  67,020 ;     mV ;       ; 01:42:32
   3:10'00"02 ; DC    ;  67,010 ;     mV ;       ; 01:42:32
   3:10'00"29 ; DC    ;  66,990 ;     mV ;       ; 01:42:32
   3:10'00"60 ; DC    ;  66,980 ;     mV ;       ; 01:42:33
   3:10'00"88 ; DC    ;  66,990 ;     mV ;       ; 01:42:33
   3:10'01"18 ; DC    ;  67,000 ;     mV ;       ; 01:42:33
   3:10'01"50 ; DC    ;  67,000 ;     mV ;       ; 01:42:34
   3:10'01"80 ; DC    ;  67,010 ;     mV ;       ; 01:42:34
   3:10'02"09 ; DC    ;  67,040 ;     mV ;       ; 01:42:34
   3:10'02"38 ; DC    ;  67,030 ;     mV ;       ; 01:42:35
   3:10'02"68 ; DC    ;  66,990 ;     mV ;       ; 01:42:35
   3:10'02"96 ; DC    ;  67,020 ;     mV ;       ; 01:42:35
   3:10'03"25 ; DC    ;  67,020 ;     mV ;       ; 01:42:35
   3:10'03"53 ; DC    ;  67,010 ;     mV ;       ; 01:42:36
   3:10'03"83 ; DC    ;  66,990 ;     mV ;       ; 01:42:36
   3:10'04"17 ; DC    ;  66,990 ;     mV ;       ; 01:42:36
   3:10'04"46 ; DC    ;  66,980 ;     mV ;       ; 01:42:37
   3:10'04"74 ; DC    ;  67,000 ;     mV ;       ; 01:42:37
   3:10'05"03 ; DC    ;  66,990 ;     mV ;       ; 01:42:37
   3:10'05"33 ; DC    ;  67,020 ;     mV ;       ; 01:42:37
   3:10'05"63 ; DC    ;  67,020 ;     mV ;       ; 01:42:38
   3:10'05"96 ; DC    ;  67,040 ;     mV ;       ; 01:42:38
   3:10'06"27 ; DC    ;  67,040 ;     mV ;       ; 01:42:38
   3:10'06"55 ; DC    ;  67,040 ;     mV ;       ; 01:42:39
   3:10'06"85 ; DC    ;  67,040 ;     mV ;       ; 01:42:39
   3:10'07"13 ; DC    ;  67,040 ;     mV ;       ; 01:42:39
   3:10'07"43 ; DC    ;  67,050 ;     mV ;       ; 01:42:40
   3:10'07"73 ; DC    ;  67,050 ;     mV ;       ; 01:42:40
   3:10'07"99 ; DC    ;  67,030 ;     mV ;       ; 01:42:40
   3:10'08"30 ; DC    ;  67,030 ;     mV ;       ; 01:42:40
   3:10'08"59 ; DC    ;  67,040 ;     mV ;       ; 01:42:41
   3:10'08"87 ; DC    ;  67,040 ;     mV ;       ; 01:42:41
   3:10'09"15 ; DC    ;  67,040 ;     mV ;       ; 01:42:41
   3:10'09"44 ; DC    ;  67,030 ;     mV ;       ; 01:42:42
   3:10'09"74 ; DC    ;  67,050 ;     mV ;       ; 01:42:42
   3:10'10"04 ; DC    ;  67,020 ;     mV ;       ; 01:42:42
   3:10'10"34 ; DC    ;  67,020 ;     mV ;       ; 01:42:43
   3:10'10"61 ; DC    ;  67,040 ;     mV ;       ; 01:42:43
   3:10'10"91 ; DC    ;  67,040 ;     mV ;       ; 01:42:43
   3:10'11"21 ; DC    ;  67,020 ;     mV ;       ; 01:42:43
   3:10'11"48 ; DC    ;  67,020 ;     mV ;       ; 01:42:44
   3:10'11"76 ; DC    ;  66,990 ;     mV ;       ; 01:42:44
   3:10'12"05 ; DC    ;  66,980 ;     mV ;       ; 01:42:44
   3:10'12"33 ; DC    ;  66,980 ;     mV ;       ; 01:42:44
   3:10'12"61 ; DC    ;  67,000 ;     mV ;       ; 01:42:45
   3:10'12"91 ; DC    ;  66,980 ;     mV ;       ; 01:42:45
   3:10'13"18 ; DC    ;  66,970 ;     mV ;       ; 01:42:45
   3:10'13"46 ; DC    ;  66,990 ;     mV ;       ; 01:42:46
   3:10'13"74 ; DC    ;  67,000 ;     mV ;       ; 01:42:46
   3:10'14"03 ; DC    ;  66,990 ;     mV ;       ; 01:42:46
   3:10'14"31 ; DC    ;  66,980 ;     mV ;       ; 01:42:46
   3:10'14"59 ; DC    ;  67,000 ;     mV ;       ; 01:42:47
   3:10'14"86 ; DC    ;  67,000 ;     mV ;       ; 01:42:47
   3:10'15"14 ; DC    ;  67,010 ;     mV ;       ; 01:42:47
   3:10'15"42 ; DC    ;  67,010 ;     mV ;       ; 01:42:48
   3:10'15"69 ; DC    ;  67,020 ;     mV ;       ; 01:42:48
   3:10'15"99 ; DC    ;  67,020 ;     mV ;       ; 01:42:48
   3:10'16"30 ; DC    ;  67,040 ;     mV ;       ; 01:42:48
   3:10'16"60 ; DC    ;  67,020 ;     mV ;       ; 01:42:49
   3:10'16"88 ; DC    ;  67,020 ;     mV ;       ; 01:42:49
   3:10'17"16 ; DC    ;  67,020 ;     mV ;       ; 01:42:49
   3:10'17"47 ; DC    ;  67,020 ;     mV ;       ; 01:42:50
   3:10'17"76 ; DC    ;  67,060 ;     mV ;       ; 01:42:50
   3:10'18"04 ; DC    ;  67,040 ;     mV ;       ; 01:42:50
   3:10'18"32 ; DC    ;  67,060 ;     mV ;       ; 01:42:50
   3:10'18"62 ; DC    ;  67,060 ;     mV ;       ; 01:42:51
   3:10'18"91 ; DC    ;  67,050 ;     mV ;       ; 01:42:51
   3:10'19"19 ; DC    ;  67,080 ;     mV ;       ; 01:42:51
   3:10'19"47 ; DC    ;  67,060 ;     mV ;       ; 01:42:52
   3:10'19"74 ; DC    ;  67,070 ;     mV ;       ; 01:42:52
   3:10'20"04 ; DC    ;  67,070 ;     mV ;       ; 01:42:52
   3:10'20"32 ; DC    ;  67,070 ;     mV ;       ; 01:42:52
   3:10'20"61 ; DC    ;  67,070 ;     mV ;       ; 01:42:53
   3:10'20"89 ; DC    ;  67,070 ;     mV ;       ; 01:42:53
   3:10'21"19 ; DC    ;  67,100 ;     mV ;       ; 01:42:53
   3:10'21"50 ; DC    ;  67,090 ;     mV ;       ; 01:42:54
   3:10'21"79 ; DC    ;  67,060 ;     mV ;       ; 01:42:54
   3:10'22"10 ; DC    ;  67,070 ;     mV ;       ; 01:42:54
   3:10'22"43 ; DC    ;  67,040 ;     mV ;       ; 01:42:55
   3:10'22"75 ; DC    ;  67,070 ;     mV ;       ; 01:42:55
   3:10'23"05 ; DC    ;  67,040 ;     mV ;       ; 01:42:55
   3:10'23"37 ; DC    ;  67,030 ;     mV ;       ; 01:42:56
   3:10'23"67 ; DC    ;  67,020 ;     mV ;       ; 01:42:56
   3:10'23"96 ; DC    ;  67,040 ;     mV ;       ; 01:42:56
   3:10'24"26 ; DC    ;  67,040 ;     mV ;       ; 01:42:56
   3:10'24"57 ; DC    ;  67,030 ;     mV ;       ; 01:42:57
   3:10'24"89 ; DC    ;  67,040 ;     mV ;       ; 01:42:57
   3:10'25"18 ; DC    ;  67,050 ;     mV ;       ; 01:42:57
   3:10'25"52 ; DC    ;  67,050 ;     mV ;       ; 01:42:58
   3:10'25"82 ; DC    ;  67,030 ;     mV ;       ; 01:42:58
   3:10'26"14 ; DC    ;  67,030 ;     mV ;       ; 01:42:58
   3:10'26"43 ; DC    ;  67,040 ;     mV ;       ; 01:42:59
   3:10'26"72 ; DC    ;  67,030 ;     mV ;       ; 01:42:59
   3:10'27"02 ; DC    ;  67,040 ;     mV ;       ; 01:42:59
   3:10'27"34 ; DC    ;  67,050 ;     mV ;       ; 01:43:00
   3:10'27"64 ; DC    ;  67,040 ;     mV ;       ; 01:43:00
   3:10'27"92 ; DC    ;  67,030 ;     mV ;       ; 01:43:00
   3:10'28"22 ; DC    ;  67,030 ;     mV ;       ; 01:43:00
   3:10'28"52 ; DC    ;  67,060 ;     mV ;       ; 01:43:01
   3:10'28"81 ; DC    ;  67,020 ;     mV ;       ; 01:43:01
   3:10'29"11 ; DC    ;  67,000 ;     mV ;       ; 01:43:01
   3:10'29"42 ; DC    ;  67,000 ;     mV ;       ; 01:43:02
   3:10'29"74 ; DC    ;  67,000 ;     mV ;       ; 01:43:02
   3:10'30"02 ; DC    ;  66,940 ;     mV ;       ; 01:43:02
   3:10'30"30 ; DC    ;  66,950 ;     mV ;       ; 01:43:02
   3:10'30"57 ; DC    ;  66,990 ;     mV ;       ; 01:43:03
   3:10'30"85 ; DC    ;  67,000 ;     mV ;       ; 01:43:03
   3:10'31"12 ; DC    ;  66,980 ;     mV ;       ; 01:43:03
   3:10'31"42 ; DC    ;  67,000 ;     mV ;       ; 01:43:04
   3:10'31"73 ; DC    ;  66,950 ;     mV ;       ; 01:43:04
   3:10'32"03 ; DC    ;  66,960 ;     mV ;       ; 01:43:04
   3:10'32"30 ; DC    ;  66,990 ;     mV ;       ; 01:43:04
   3:10'32"57 ; DC    ;  66,970 ;     mV ;       ; 01:43:05
   3:10'32"86 ; DC    ;  66,950 ;     mV ;       ; 01:43:05
   3:10'33"14 ; DC    ;  66,960 ;     mV ;       ; 01:43:05
   3:10'33"42 ; DC    ;  66,950 ;     mV ;       ; 01:43:06
   3:10'33"69 ; DC    ;  67,000 ;     mV ;       ; 01:43:06
   3:10'33"97 ; DC    ;  67,000 ;     mV ;       ; 01:43:06
   3:10'34"24 ; DC    ;  67,020 ;     mV ;       ; 01:43:06
   3:10'34"52 ; DC    ;  67,030 ;     mV ;       ; 01:43:07
   3:10'34"81 ; DC    ;  67,040 ;     mV ;       ; 01:43:07
   3:10'35"08 ; DC    ;  67,040 ;     mV ;       ; 01:43:07
   3:10'35"37 ; DC    ;  67,030 ;     mV ;       ; 01:43:08
   3:10'35"66 ; DC    ;  67,040 ;     mV ;       ; 01:43:08
   3:10'35"96 ; DC    ;  67,060 ;     mV ;       ; 01:43:08
   3:10'36"23 ; DC    ;  67,080 ;     mV ;       ; 01:43:08
   3:10'36"53 ; DC    ;  67,040 ;     mV ;       ; 01:43:09
   3:10'36"80 ; DC    ;  67,050 ;     mV ;       ; 01:43:09
   3:10'37"11 ; DC    ;  67,050 ;     mV ;       ; 01:43:09
   3:10'37"40 ; DC    ;  67,030 ;     mV ;       ; 01:43:10
   3:10'37"69 ; DC    ;  67,040 ;     mV ;       ; 01:43:10
   3:10'37"96 ; DC    ;  67,040 ;     mV ;       ; 01:43:10
   3:10'38"23 ; DC    ;  67,040 ;     mV ;       ; 01:43:10
   3:10'38"51 ; DC    ;  67,040 ;     mV ;       ; 01:43:11
   3:10'38"80 ; DC    ;  67,040 ;     mV ;       ; 01:43:11
   3:10'39"09 ; DC    ;  67,050 ;     mV ;       ; 01:43:11
   3:10'39"37 ; DC    ;  67,050 ;     mV ;       ; 01:43:12
   3:10'39"67 ; DC    ;  67,030 ;     mV ;       ; 01:43:12
   3:10'39"94 ; DC    ;  67,040 ;     mV ;       ; 01:43:12
   3:10'40"23 ; DC    ;  67,030 ;     mV ;       ; 01:43:12
   3:10'40"51 ; DC    ;  67,030 ;     mV ;       ; 01:43:13
   3:10'40"78 ; DC    ;  67,040 ;     mV ;       ; 01:43:13
   3:10'41"06 ; DC    ;  67,030 ;     mV ;       ; 01:43:13
   3:10'41"33 ; DC    ;  67,030 ;     mV ;       ; 01:43:14
   3:10'41"60 ; DC    ;  67,020 ;     mV ;       ; 01:43:14
   3:10'41"87 ; DC    ;  67,020 ;     mV ;       ; 01:43:14
   3:10'42"17 ; DC    ;  67,040 ;     mV ;       ; 01:43:14
   3:10'42"44 ; DC    ;  67,010 ;     mV ;       ; 01:43:15
   3:10'42"73 ; DC    ;  67,000 ;     mV ;       ; 01:43:15
   3:10'43"01 ; DC    ;  66,990 ;     mV ;       ; 01:43:15
   3:10'43"35 ; DC    ;  66,990 ;     mV ;       ; 01:43:16
   3:10'43"63 ; DC    ;  67,040 ;     mV ;       ; 01:43:16
   3:10'43"93 ; DC    ;  67,040 ;     mV ;       ; 01:43:16
   3:10'44"24 ; DC    ;  67,040 ;     mV ;       ; 01:43:16
   3:10'44"50 ; DC    ;  67,010 ;     mV ;       ; 01:43:17
   3:10'44"83 ; DC    ;  67,010 ;     mV ;       ; 01:43:17
   3:10'45"11 ; DC    ;  67,020 ;     mV ;       ; 01:43:17
   3:10'45"40 ; DC    ;  67,020 ;     mV ;       ; 01:43:18
   3:10'45"68 ; DC    ;  67,020 ;     mV ;       ; 01:43:18
   3:10'45"97 ; DC    ;  67,020 ;     mV ;       ; 01:43:18
   3:10'46"28 ; DC    ;  67,040 ;     mV ;       ; 01:43:18
   3:10'46"57 ; DC    ;  67,040 ;     mV ;       ; 01:43:19
   3:10'46"86 ; DC    ;  67,060 ;     mV ;       ; 01:43:19
   3:10'47"14 ; DC    ;  67,060 ;     mV ;       ; 01:43:19
   3:10'47"44 ; DC    ;  67,060 ;     mV ;       ; 01:43:20
   3:10'47"71 ; DC    ;  67,050 ;     mV ;       ; 01:43:20
   3:10'48"03 ; DC    ;  67,080 ;     mV ;       ; 01:43:20
   3:10'48"31 ; DC    ;  67,060 ;     mV ;       ; 01:43:20
   3:10'48"66 ; DC    ;  67,050 ;     mV ;       ; 01:43:21
   3:10'48"96 ; DC    ;  67,050 ;     mV ;       ; 01:43:21
   3:10'49"24 ; DC    ;  67,050 ;     mV ;       ; 01:43:21
   3:10'49"53 ; DC    ;  67,070 ;     mV ;       ; 01:43:22
   3:10'49"83 ; DC    ;  67,050 ;     mV ;       ; 01:43:22
   3:10'50"12 ; DC    ;  67,060 ;     mV ;       ; 01:43:22
   3:10'50"42 ; DC    ;  67,060 ;     mV ;       ; 01:43:23
   3:10'50"71 ; DC    ;  67,070 ;     mV ;       ; 01:43:23
   3:10'51"02 ; DC    ;  67,060 ;     mV ;       ; 01:43:23
   3:10'51"31 ; DC    ;  67,060 ;     mV ;       ; 01:43:23
   3:10'51"63 ; DC    ;  67,070 ;     mV ;       ; 01:43:24
   3:10'51"98 ; DC    ;  67,090 ;     mV ;       ; 01:43:24
   3:10'52"29 ; DC    ;  67,070 ;     mV ;       ; 01:43:24
   3:10'52"60 ; DC    ;  67,080 ;     mV ;       ; 01:43:25
   3:10'52"90 ; DC    ;  67,070 ;     mV ;       ; 01:43:25
   3:10'53"20 ; DC    ;  67,070 ;     mV ;       ; 01:43:25
   3:10'53"52 ; DC    ;  67,080 ;     mV ;       ; 01:43:26
   3:10'53"84 ; DC    ;  67,080 ;     mV ;       ; 01:43:26
   3:10'54"16 ; DC    ;  67,080 ;     mV ;       ; 01:43:26
   3:10'54"46 ; DC    ;  67,070 ;     mV ;       ; 01:43:27
   3:10'54"78 ; DC    ;  67,100 ;     mV ;       ; 01:43:27
   3:10'55"09 ; DC    ;  67,070 ;     mV ;       ; 01:43:27
   3:10'55"41 ; DC    ;  67,060 ;     mV ;       ; 01:43:28
   3:10'55"71 ; DC    ;  67,070 ;     mV ;       ; 01:43:28
   3:10'55"99 ; DC    ;  67,060 ;     mV ;       ; 01:43:28
   3:10'56"28 ; DC    ;  67,060 ;     mV ;       ; 01:43:28
   3:10'56"56 ; DC    ;  67,060 ;     mV ;       ; 01:43:29
   3:10'56"85 ; DC    ;  67,080 ;     mV ;       ; 01:43:29
   3:10'57"14 ; DC    ;  67,060 ;     mV ;       ; 01:43:29
   3:10'57"41 ; DC    ;  67,080 ;     mV ;       ; 01:43:30
   3:10'57"70 ; DC    ;  67,080 ;     mV ;       ; 01:43:30
   3:10'57"97 ; DC    ;  67,080 ;     mV ;       ; 01:43:30
   3:10'58"26 ; DC    ;  67,090 ;     mV ;       ; 01:43:30
   3:10'58"54 ; DC    ;  67,090 ;     mV ;       ; 01:43:31
   3:10'58"85 ; DC    ;  67,090 ;     mV ;       ; 01:43:31
   3:10'59"16 ; DC    ;  67,090 ;     mV ;       ; 01:43:31
   3:10'59"45 ; DC    ;  67,090 ;     mV ;       ; 01:43:32
   3:10'59"76 ; DC    ;  67,090 ;     mV ;       ; 01:43:32
   3:11'00"04 ; DC    ;  67,080 ;     mV ;       ; 01:43:32
   3:11'00"37 ; DC    ;  67,080 ;     mV ;       ; 01:43:33
   3:11'00"67 ; DC    ;  67,100 ;     mV ;       ; 01:43:33
   3:11'00"96 ; DC    ;  67,080 ;     mV ;       ; 01:43:33
   3:11'01"26 ; DC    ;  67,080 ;     mV ;       ; 01:43:33
   3:11'01"57 ; DC    ;  67,080 ;     mV ;       ; 01:43:34
   3:11'01"89 ; DC    ;  67,070 ;     mV ;       ; 01:43:34
   3:11'02"18 ; DC    ;  67,080 ;     mV ;       ; 01:43:34
   3:11'02"48 ; DC    ;  67,080 ;     mV ;       ; 01:43:35
   3:11'02"76 ; DC    ;  67,100 ;     mV ;       ; 01:43:35
   3:11'03"06 ; DC    ;  67,120 ;     mV ;       ; 01:43:35
   3:11'03"36 ; DC    ;  67,100 ;     mV ;       ; 01:43:36
   3:11'03"65 ; DC    ;  67,110 ;     mV ;       ; 01:43:36
   3:11'03"97 ; DC    ;  67,110 ;     mV ;       ; 01:43:36
   3:11'04"27 ; DC    ;  67,100 ;     mV ;       ; 01:43:36
   3:11'04"56 ; DC    ;  67,100 ;     mV ;       ; 01:43:37
   3:11'04"86 ; DC    ;  67,110 ;     mV ;       ; 01:43:37
   3:11'05"16 ; DC    ;  67,090 ;     mV ;       ; 01:43:37
   3:11'05"46 ; DC    ;  67,100 ;     mV ;       ; 01:43:38
   3:11'05"82 ; DC    ;  67,100 ;     mV ;       ; 01:43:38
   3:11'06"08 ; DC    ;  67,110 ;     mV ;       ; 01:43:38
   3:11'06"37 ; DC    ;  67,110 ;     mV ;       ; 01:43:39
   3:11'06"65 ; DC    ;  67,080 ;     mV ;       ; 01:43:39
   3:11'06"94 ; DC    ;  67,100 ;     mV ;       ; 01:43:39
   3:11'07"26 ; DC    ;  67,090 ;     mV ;       ; 01:43:39
   3:11'07"58 ; DC    ;  67,090 ;     mV ;       ; 01:43:40
   3:11'07"88 ; DC    ;  67,110 ;     mV ;       ; 01:43:40
   3:11'08"16 ; DC    ;  67,090 ;     mV ;       ; 01:43:40
   3:11'08"47 ; DC    ;  67,090 ;     mV ;       ; 01:43:41
   3:11'08"79 ; DC    ;  67,100 ;     mV ;       ; 01:43:41
   3:11'09"10 ; DC    ;  67,100 ;     mV ;       ; 01:43:41
   3:11'09"41 ; DC    ;  67,100 ;     mV ;       ; 01:43:42
   3:11'09"73 ; DC    ;  67,110 ;     mV ;       ; 01:43:42
   3:11'10"04 ; DC    ;  67,100 ;     mV ;       ; 01:43:42
   3:11'10"33 ; DC    ;  67,110 ;     mV ;       ; 01:43:42
   3:11'10"64 ; DC    ;  67,110 ;     mV ;       ; 01:43:43
   3:11'10"95 ; DC    ;  67,100 ;     mV ;       ; 01:43:43
   3:11'11"26 ; DC    ;  67,120 ;     mV ;       ; 01:43:43
   3:11'11"55 ; DC    ;  67,110 ;     mV ;       ; 01:43:44
   3:11'11"86 ; DC    ;  67,100 ;     mV ;       ; 01:43:44
   3:11'12"17 ; DC    ;  67,090 ;     mV ;       ; 01:43:44
   3:11'12"45 ; DC    ;  67,100 ;     mV ;       ; 01:43:45
   3:11'12"75 ; DC    ;  67,100 ;     mV ;       ; 01:43:45
   3:11'13"05 ; DC    ;  67,110 ;     mV ;       ; 01:43:45
   3:11'13"33 ; DC    ;  67,110 ;     mV ;       ; 01:43:45
   3:11'13"62 ; DC    ;  67,100 ;     mV ;       ; 01:43:46
   3:11'13"91 ; DC    ;  67,100 ;     mV ;       ; 01:43:46
   3:11'14"19 ; DC    ;  67,110 ;     mV ;       ; 01:43:46
   3:11'14"49 ; DC    ;  67,110 ;     mV ;       ; 01:43:47
   3:11'14"82 ; DC    ;  67,130 ;     mV ;       ; 01:43:47
   3:11'15"11 ; DC    ;  67,100 ;     mV ;       ; 01:43:47
   3:11'15"39 ; DC    ;  67,100 ;     mV ;       ; 01:43:48
   3:11'15"66 ; DC    ;  67,100 ;     mV ;       ; 01:43:48
   3:11'15"93 ; DC    ;  67,090 ;     mV ;       ; 01:43:48
   3:11'16"20 ; DC    ;  67,100 ;     mV ;       ; 01:43:48
   3:11'16"48 ; DC    ;  67,080 ;     mV ;       ; 01:43:49
   3:11'16"76 ; DC    ;  67,100 ;     mV ;       ; 01:43:49
   3:11'17"02 ; DC    ;  67,090 ;     mV ;       ; 01:43:49
   3:11'17"30 ; DC    ;  67,100 ;     mV ;       ; 01:43:49
   3:11'17"58 ; DC    ;  67,080 ;     mV ;       ; 01:43:50
   3:11'17"85 ; DC    ;  67,090 ;     mV ;       ; 01:43:50
   3:11'18"12 ; DC    ;  67,090 ;     mV ;       ; 01:43:50
   3:11'18"38 ; DC    ;  67,080 ;     mV ;       ; 01:43:51
   3:11'18"65 ; DC    ;  67,080 ;     mV ;       ; 01:43:51
   3:11'18"95 ; DC    ;  67,100 ;     mV ;       ; 01:43:51
   3:11'19"23 ; DC    ;  67,110 ;     mV ;       ; 01:43:51
   3:11'19"51 ; DC    ;  67,120 ;     mV ;       ; 01:43:52
   3:11'19"79 ; DC    ;  67,110 ;     mV ;       ; 01:43:52
   3:11'20"05 ; DC    ;  67,120 ;     mV ;       ; 01:43:52
   3:11'20"33 ; DC    ;  67,100 ;     mV ;       ; 01:43:52
   3:11'20"60 ; DC    ;  67,110 ;     mV ;       ; 01:43:53
   3:11'20"88 ; DC    ;  67,110 ;     mV ;       ; 01:43:53
   3:11'21"16 ; DC    ;  67,110 ;     mV ;       ; 01:43:53
   3:11'21"47 ; DC    ;  67,100 ;     mV ;       ; 01:43:54
   3:11'21"76 ; DC    ;  67,090 ;     mV ;       ; 01:43:54
   3:11'22"03 ; DC    ;  67,100 ;     mV ;       ; 01:43:54
   3:11'22"31 ; DC    ;  67,090 ;     mV ;       ; 01:43:54
   3:11'22"59 ; DC    ;  67,090 ;     mV ;       ; 01:43:55
   3:11'22"87 ; DC    ;  67,110 ;     mV ;       ; 01:43:55
   3:11'23"14 ; DC    ;  67,110 ;     mV ;       ; 01:43:55
   3:11'23"44 ; DC    ;  67,110 ;     mV ;       ; 01:43:56
   3:11'23"71 ; DC    ;  67,120 ;     mV ;       ; 01:43:56
   3:11'24"08 ; DC    ;  67,120 ;     mV ;       ; 01:43:56
   3:11'24"37 ; DC    ;  67,100 ;     mV ;       ; 01:43:57
   3:11'24"65 ; DC    ;  67,130 ;     mV ;       ; 01:43:57
   3:11'24"94 ; DC    ;  67,130 ;     mV ;       ; 01:43:57
   3:11'25"22 ; DC    ;  67,120 ;     mV ;       ; 01:43:57
   3:11'25"51 ; DC    ;  67,130 ;     mV ;       ; 01:43:58
   3:11'25"81 ; DC    ;  67,130 ;     mV ;       ; 01:43:58
   3:11'26"13 ; DC    ;  67,130 ;     mV ;       ; 01:43:58
   3:11'26"42 ; DC    ;  67,140 ;     mV ;       ; 01:43:59
   3:11'26"70 ; DC    ;  67,150 ;     mV ;       ; 01:43:59
   3:11'27"01 ; DC    ;  67,140 ;     mV ;       ; 01:43:59
   3:11'27"35 ; DC    ;  67,130 ;     mV ;       ; 01:44:00
   3:11'27"70 ; DC    ;  67,130 ;     mV ;       ; 01:44:00
   3:11'28"01 ; DC    ;  67,130 ;     mV ;       ; 01:44:00
   3:11'28"29 ; DC    ;  67,130 ;     mV ;       ; 01:44:00
   3:11'28"67 ; DC    ;  67,130 ;     mV ;       ; 01:44:01
   3:11'28"97 ; DC    ;  67,130 ;     mV ;       ; 01:44:01
   3:11'29"26 ; DC    ;  67,140 ;     mV ;       ; 01:44:01
   3:11'29"52 ; DC    ;  67,140 ;     mV ;       ; 01:44:02
   3:11'29"82 ; DC    ;  67,150 ;     mV ;       ; 01:44:02
   3:11'30"10 ; DC    ;  67,150 ;     mV ;       ; 01:44:02
   3:11'30"38 ; DC    ;  67,140 ;     mV ;       ; 01:44:03
   3:11'30"65 ; DC    ;  67,140 ;     mV ;       ; 01:44:03
   3:11'30"93 ; DC    ;  67,150 ;     mV ;       ; 01:44:03
   3:11'31"22 ; DC    ;  67,150 ;     mV ;       ; 01:44:03
   3:11'31"47 ; DC    ;  67,150 ;     mV ;       ; 01:44:04
   3:11'31"76 ; DC    ;  67,130 ;     mV ;       ; 01:44:04
   3:11'32"02 ; DC    ;  67,130 ;     mV ;       ; 01:44:04
   3:11'32"30 ; DC    ;  67,120 ;     mV ;       ; 01:44:04
   3:11'32"58 ; DC    ;  67,130 ;     mV ;       ; 01:44:05
   3:11'32"86 ; DC    ;  67,130 ;     mV ;       ; 01:44:05
   3:11'33"14 ; DC    ;  67,130 ;     mV ;       ; 01:44:05
   3:11'33"42 ; DC    ;  67,120 ;     mV ;       ; 01:44:06
   3:11'33"70 ; DC    ;  67,110 ;     mV ;       ; 01:44:06
   3:11'33"96 ; DC    ;  67,130 ;     mV ;       ; 01:44:06
   3:11'34"24 ; DC    ;  67,130 ;     mV ;       ; 01:44:06
   3:11'34"52 ; DC    ;  67,140 ;     mV ;       ; 01:44:07
   3:11'34"81 ; DC    ;  67,130 ;     mV ;       ; 01:44:07
   3:11'35"07 ; DC    ;  67,120 ;     mV ;       ; 01:44:07
   3:11'35"35 ; DC    ;  67,130 ;     mV ;       ; 01:44:08
   3:11'35"63 ; DC    ;  67,140 ;     mV ;       ; 01:44:08
   3:11'35"92 ; DC    ;  67,140 ;     mV ;       ; 01:44:08
   3:11'36"20 ; DC    ;  67,140 ;     mV ;       ; 01:44:08
   3:11'36"48 ; DC    ;  67,140 ;     mV ;       ; 01:44:09
   3:11'36"76 ; DC    ;  67,140 ;     mV ;       ; 01:44:09
   3:11'37"04 ; DC    ;  67,140 ;     mV ;       ; 01:44:09
   3:11'37"32 ; DC    ;  67,140 ;     mV ;       ; 01:44:09
   3:11'37"62 ; DC    ;  67,120 ;     mV ;       ; 01:44:10
   3:11'37"96 ; DC    ;  67,120 ;     mV ;       ; 01:44:10
   3:11'38"25 ; DC    ;  67,140 ;     mV ;       ; 01:44:10
   3:11'38"54 ; DC    ;  67,130 ;     mV ;       ; 01:44:11
   3:11'38"83 ; DC    ;  67,130 ;     mV ;       ; 01:44:11
   3:11'39"14 ; DC    ;  67,120 ;     mV ;       ; 01:44:11
   3:11'39"44 ; DC    ;  67,110 ;     mV ;       ; 01:44:12
   3:11'39"72 ; DC    ;  67,100 ;     mV ;       ; 01:44:12
   3:11'40"03 ; DC    ;  67,120 ;     mV ;       ; 01:44:12
   3:11'40"31 ; DC    ;  67,110 ;     mV ;       ; 01:44:12
   3:11'40"61 ; DC    ;  67,110 ;     mV ;       ; 01:44:13
   3:11'40"89 ; DC    ;  67,150 ;     mV ;       ; 01:44:13
   3:11'41"16 ; DC    ;  67,130 ;     mV ;       ; 01:44:13
   3:11'41"44 ; DC    ;  67,130 ;     mV ;       ; 01:44:14
   3:11'41"73 ; DC    ;  67,120 ;     mV ;       ; 01:44:14
   3:11'42"03 ; DC    ;  67,140 ;     mV ;       ; 01:44:14
   3:11'42"31 ; DC    ;  67,120 ;     mV ;       ; 01:44:14
   3:11'42"61 ; DC    ;  67,130 ;     mV ;       ; 01:44:15
   3:11'42"88 ; DC    ;  67,130 ;     mV ;       ; 01:44:15
   3:11'43"18 ; DC    ;  67,130 ;     mV ;       ; 01:44:15
   3:11'43"45 ; DC    ;  67,130 ;     mV ;       ; 01:44:16
   3:11'43"71 ; DC    ;  67,160 ;     mV ;       ; 01:44:16
   3:11'43"99 ; DC    ;  67,140 ;     mV ;       ; 01:44:16
   3:11'44"27 ; DC    ;  67,130 ;     mV ;       ; 01:44:16
   3:11'44"55 ; DC    ;  67,150 ;     mV ;       ; 01:44:17
   3:11'44"82 ; DC    ;  67,140 ;     mV ;       ; 01:44:17
   3:11'45"10 ; DC    ;  67,140 ;     mV ;       ; 01:44:17
   3:11'45"38 ; DC    ;  67,130 ;     mV ;       ; 01:44:18
   3:11'45"68 ; DC    ;  67,130 ;     mV ;       ; 01:44:18
   3:11'45"94 ; DC    ;  67,150 ;     mV ;       ; 01:44:18
   3:11'46"22 ; DC    ;  67,170 ;     mV ;       ; 01:44:18
   3:11'46"50 ; DC    ;  67,160 ;     mV ;       ; 01:44:19
   3:11'46"78 ; DC    ;  67,170 ;     mV ;       ; 01:44:19
   3:11'47"04 ; DC    ;  67,130 ;     mV ;       ; 01:44:19
   3:11'47"32 ; DC    ;  67,140 ;     mV ;       ; 01:44:19
   3:11'47"60 ; DC    ;  67,140 ;     mV ;       ; 01:44:20
   3:11'47"88 ; DC    ;  67,150 ;     mV ;       ; 01:44:20
   3:11'48"15 ; DC    ;  67,130 ;     mV ;       ; 01:44:20
   3:11'48"45 ; DC    ;  67,130 ;     mV ;       ; 01:44:21
   3:11'48"77 ; DC    ;  67,120 ;     mV ;       ; 01:44:21
   3:11'49"07 ; DC    ;  67,140 ;     mV ;       ; 01:44:21
   3:11'49"36 ; DC    ;  67,140 ;     mV ;       ; 01:44:22
   3:11'49"64 ; DC    ;  67,150 ;     mV ;       ; 01:44:22
   3:11'49"93 ; DC    ;  67,140 ;     mV ;       ; 01:44:22
   3:11'50"24 ; DC    ;  67,170 ;     mV ;       ; 01:44:22
   3:11'50"51 ; DC    ;  67,140 ;     mV ;       ; 01:44:23
   3:11'50"79 ; DC    ;  67,130 ;     mV ;       ; 01:44:23
   3:11'51"07 ; DC    ;  67,130 ;     mV ;       ; 01:44:23
   3:11'51"38 ; DC    ;  67,140 ;     mV ;       ; 01:44:24
   3:11'51"68 ; DC    ;  67,140 ;     mV ;       ; 01:44:24
   3:11'51"96 ; DC    ;  67,140 ;     mV ;       ; 01:44:24
   3:11'52"22 ; DC    ;  67,140 ;     mV ;       ; 01:44:24
   3:11'52"52 ; DC    ;  67,150 ;     mV ;       ; 01:44:25
   3:11'52"79 ; DC    ;  67,140 ;     mV ;       ; 01:44:25
   3:11'53"08 ; DC    ;  67,160 ;     mV ;       ; 01:44:25
   3:11'53"38 ; DC    ;  67,160 ;     mV ;       ; 01:44:26
   3:11'53"66 ; DC    ;  67,160 ;     mV ;       ; 01:44:26
   3:11'53"97 ; DC    ;  67,150 ;     mV ;       ; 01:44:26
   3:11'54"24 ; DC    ;  67,150 ;     mV ;       ; 01:44:26
   3:11'54"52 ; DC    ;  67,160 ;     mV ;       ; 01:44:27
   3:11'54"81 ; DC    ;  67,140 ;     mV ;       ; 01:44:27
   3:11'55"09 ; DC    ;  67,150 ;     mV ;       ; 01:44:27
   3:11'55"35 ; DC    ;  67,140 ;     mV ;       ; 01:44:28
   3:11'55"63 ; DC    ;  67,160 ;     mV ;       ; 01:44:28
   3:11'55"90 ; DC    ;  67,140 ;     mV ;       ; 01:44:28
   3:11'56"17 ; DC    ;  67,160 ;     mV ;       ; 01:44:28
   3:11'56"47 ; DC    ;  67,160 ;     mV ;       ; 01:44:29
   3:11'56"74 ; DC    ;  67,150 ;     mV ;       ; 01:44:29
   3:11'57"03 ; DC    ;  67,140 ;     mV ;       ; 01:44:29
   3:11'57"31 ; DC    ;  67,150 ;     mV ;       ; 01:44:29
   3:11'57"64 ; DC    ;  67,140 ;     mV ;       ; 01:44:30
   3:11'57"94 ; DC    ;  67,150 ;     mV ;       ; 01:44:30
   3:11'58"23 ; DC    ;  67,160 ;     mV ;       ; 01:44:30
   3:11'58"50 ; DC    ;  67,170 ;     mV ;       ; 01:44:31
   3:11'58"80 ; DC    ;  67,160 ;     mV ;       ; 01:44:31
   3:11'59"08 ; DC    ;  67,140 ;     mV ;       ; 01:44:31
   3:11'59"36 ; DC    ;  67,140 ;     mV ;       ; 01:44:32
   3:11'59"65 ; DC    ;  67,150 ;     mV ;       ; 01:44:32
   3:11'59"98 ; DC    ;  67,150 ;     mV ;       ; 01:44:32
   3:12'00"26 ; DC    ;  67,160 ;     mV ;       ; 01:44:32
   3:12'00"57 ; DC    ;  67,150 ;     mV ;       ; 01:44:33
   3:12'00"85 ; DC    ;  67,170 ;     mV ;       ; 01:44:33
   3:12'01"16 ; DC    ;  67,160 ;     mV ;       ; 01:44:33
   3:12'01"44 ; DC    ;  67,150 ;     mV ;       ; 01:44:34
   3:12'01"76 ; DC    ;  67,160 ;     mV ;       ; 01:44:34
   3:12'02"04 ; DC    ;  67,150 ;     mV ;       ; 01:44:34
   3:12'02"32 ; DC    ;  67,140 ;     mV ;       ; 01:44:34
   3:12'02"59 ; DC    ;  67,150 ;     mV ;       ; 01:44:35
   3:12'02"87 ; DC    ;  67,150 ;     mV ;       ; 01:44:35
   3:12'03"15 ; DC    ;  67,160 ;     mV ;       ; 01:44:35
   3:12'03"43 ; DC    ;  67,150 ;     mV ;       ; 01:44:36
   3:12'03"69 ; DC    ;  67,180 ;     mV ;       ; 01:44:36
   3:12'03"97 ; DC    ;  67,180 ;     mV ;       ; 01:44:36
   3:12'04"25 ; DC    ;  67,180 ;     mV ;       ; 01:44:36
   3:12'04"55 ; DC    ;  67,160 ;     mV ;       ; 01:44:37
   3:12'04"85 ; DC    ;  67,190 ;     mV ;       ; 01:44:37
   3:12'05"16 ; DC    ;  67,170 ;     mV ;       ; 01:44:37
   3:12'05"47 ; DC    ;  67,180 ;     mV ;       ; 01:44:38
   3:12'05"85 ; DC    ;  67,180 ;     mV ;       ; 01:44:38
   3:12'06"18 ; DC    ;  67,190 ;     mV ;       ; 01:44:38
   3:12'06"45 ; DC    ;  67,190 ;     mV ;       ; 01:44:39
   3:12'06"74 ; DC    ;  67,190 ;     mV ;       ; 01:44:39
   3:12'07"06 ; DC    ;  67,190 ;     mV ;       ; 01:44:39
   3:12'07"38 ; DC    ;  67,190 ;     mV ;       ; 01:44:40
   3:12'07"66 ; DC    ;  67,180 ;     mV ;       ; 01:44:40
   3:12'07"94 ; DC    ;  67,170 ;     mV ;       ; 01:44:40
   3:12'08"21 ; DC    ;  67,170 ;     mV ;       ; 01:44:40
   3:12'08"51 ; DC    ;  67,170 ;     mV ;       ; 01:44:41
   3:12'08"79 ; DC    ;  67,170 ;     mV ;       ; 01:44:41
   3:12'09"07 ; DC    ;  67,170 ;     mV ;       ; 01:44:41
   3:12'09"36 ; DC    ;  67,170 ;     mV ;       ; 01:44:42
   3:12'09"64 ; DC    ;  67,180 ;     mV ;       ; 01:44:42
   3:12'09"93 ; DC    ;  67,180 ;     mV ;       ; 01:44:42
   3:12'10"20 ; DC    ;  67,180 ;     mV ;       ; 01:44:42
   3:12'10"50 ; DC    ;  67,190 ;     mV ;       ; 01:44:43
   3:12'10"78 ; DC    ;  67,170 ;     mV ;       ; 01:44:43
   3:12'11"06 ; DC    ;  67,180 ;     mV ;       ; 01:44:43
   3:12'11"34 ; DC    ;  67,160 ;     mV ;       ; 01:44:44
   3:12'11"62 ; DC    ;  67,180 ;     mV ;       ; 01:44:44
   3:12'11"90 ; DC    ;  67,190 ;     mV ;       ; 01:44:44
   3:12'12"18 ; DC    ;  67,190 ;     mV ;       ; 01:44:44
   3:12'12"46 ; DC    ;  67,200 ;     mV ;       ; 01:44:45
   3:12'12"74 ; DC    ;  67,190 ;     mV ;       ; 01:44:45
   3:12'13"01 ; DC    ;  67,190 ;     mV ;       ; 01:44:45
   3:12'13"28 ; DC    ;  67,190 ;     mV ;       ; 01:44:45
   3:12'13"56 ; DC    ;  67,190 ;     mV ;       ; 01:44:46
   3:12'13"84 ; DC    ;  67,170 ;     mV ;       ; 01:44:46
   3:12'14"11 ; DC    ;  67,200 ;     mV ;       ; 01:44:46
   3:12'14"41 ; DC    ;  67,190 ;     mV ;       ; 01:44:47
   3:12'14"69 ; DC    ;  67,180 ;     mV ;       ; 01:44:47
   3:12'14"97 ; DC    ;  67,180 ;     mV ;       ; 01:44:47
   3:12'15"25 ; DC    ;  67,190 ;     mV ;       ; 01:44:47
   3:12'15"52 ; DC    ;  67,180 ;     mV ;       ; 01:44:48
   3:12'15"80 ; DC    ;  67,180 ;     mV ;       ; 01:44:48
   3:12'16"08 ; DC    ;  67,160 ;     mV ;       ; 01:44:48
   3:12'16"36 ; DC    ;  67,160 ;     mV ;       ; 01:44:49
   3:12'16"64 ; DC    ;  67,180 ;     mV ;       ; 01:44:49
   3:12'16"90 ; DC    ;  67,170 ;     mV ;       ; 01:44:49
   3:12'17"20 ; DC    ;  67,170 ;     mV ;       ; 01:44:49
   3:12'17"46 ; DC    ;  67,170 ;     mV ;       ; 01:44:50
   3:12'17"75 ; DC    ;  67,170 ;     mV ;       ; 01:44:50
   3:12'18"03 ; DC    ;  67,170 ;     mV ;       ; 01:44:50
   3:12'18"29 ; DC    ;  67,170 ;     mV ;       ; 01:44:50
   3:12'18"56 ; DC    ;  67,150 ;     mV ;       ; 01:44:51
   3:12'18"85 ; DC    ;  67,150 ;     mV ;       ; 01:44:51
   3:12'19"12 ; DC    ;  67,160 ;     mV ;       ; 01:44:51
   3:12'19"40 ; DC    ;  67,170 ;     mV ;       ; 01:44:52
   3:12'19"68 ; DC    ;  67,160 ;     mV ;       ; 01:44:52
   3:12'19"96 ; DC    ;  67,150 ;     mV ;       ; 01:44:52
   3:12'20"25 ; DC    ;  67,160 ;     mV ;       ; 01:44:52
   3:12'20"53 ; DC    ;  67,160 ;     mV ;       ; 01:44:53
   3:12'20"82 ; DC    ;  67,170 ;     mV ;       ; 01:44:53
   3:12'21"10 ; DC    ;  67,170 ;     mV ;       ; 01:44:53
   3:12'21"39 ; DC    ;  67,170 ;     mV ;       ; 01:44:54
   3:12'21"69 ; DC    ;  67,170 ;     mV ;       ; 01:44:54
   3:12'21"99 ; DC    ;  67,160 ;     mV ;       ; 01:44:54
   3:12'22"27 ; DC    ;  67,160 ;     mV ;       ; 01:44:54
   3:12'22"55 ; DC    ;  67,160 ;     mV ;       ; 01:44:55
   3:12'22"84 ; DC    ;  67,170 ;     mV ;       ; 01:44:55
   3:12'23"12 ; DC    ;  67,180 ;     mV ;       ; 01:44:55
   3:12'23"40 ; DC    ;  67,170 ;     mV ;       ; 01:44:56
   3:12'23"68 ; DC    ;  67,160 ;     mV ;       ; 01:44:56
   3:12'23"96 ; DC    ;  67,180 ;     mV ;       ; 01:44:56
   3:12'24"22 ; DC    ;  67,180 ;     mV ;       ; 01:44:56
   3:12'24"49 ; DC    ;  67,170 ;     mV ;       ; 01:44:57
   3:12'24"80 ; DC    ;  67,190 ;     mV ;       ; 01:44:57
   3:12'25"09 ; DC    ;  67,180 ;     mV ;       ; 01:44:57
   3:12'25"44 ; DC    ;  67,190 ;     mV ;       ; 01:44:58
   3:12'25"73 ; DC    ;  67,200 ;     mV ;       ; 01:44:58
   3:12'26"02 ; DC    ;  67,210 ;     mV ;       ; 01:44:58
   3:12'26"33 ; DC    ;  67,190 ;     mV ;       ; 01:44:59
   3:12'26"63 ; DC    ;  67,180 ;     mV ;       ; 01:44:59
   3:12'26"91 ; DC    ;  67,180 ;     mV ;       ; 01:44:59
   3:12'27"21 ; DC    ;  67,180 ;     mV ;       ; 01:44:59
   3:12'27"49 ; DC    ;  67,190 ;     mV ;       ; 01:45:00
   3:12'27"76 ; DC    ;  67,180 ;     mV ;       ; 01:45:00
   3:12'28"04 ; DC    ;  67,210 ;     mV ;       ; 01:45:00
   3:12'28"32 ; DC    ;  67,180 ;     mV ;       ; 01:45:00
   3:12'28"58 ; DC    ;  67,190 ;     mV ;       ; 01:45:01
   3:12'28"86 ; DC    ;  67,190 ;     mV ;       ; 01:45:01
   3:12'29"17 ; DC    ;  67,170 ;     mV ;       ; 01:45:01
   3:12'29"47 ; DC    ;  67,170 ;     mV ;       ; 01:45:02
   3:12'29"80 ; DC    ;  67,160 ;     mV ;       ; 01:45:02
   3:12'30"08 ; DC    ;  67,190 ;     mV ;       ; 01:45:02
   3:12'30"43 ; DC    ;  67,190 ;     mV ;       ; 01:45:03
   3:12'30"73 ; DC    ;  67,190 ;     mV ;       ; 01:45:03
   3:12'31"04 ; DC    ;  67,190 ;     mV ;       ; 01:45:03
   3:12'31"33 ; DC    ;  67,190 ;     mV ;       ; 01:45:04
   3:12'31"61 ; DC    ;  67,190 ;     mV ;       ; 01:45:04
   3:12'31"88 ; DC    ;  67,180 ;     mV ;       ; 01:45:04
   3:12'32"16 ; DC    ;  67,180 ;     mV ;       ; 01:45:04
   3:12'32"45 ; DC    ;  67,190 ;     mV ;       ; 01:45:05
   3:12'32"73 ; DC    ;  67,190 ;     mV ;       ; 01:45:05
   3:12'33"01 ; DC    ;  67,200 ;     mV ;       ; 01:45:05
   3:12'33"31 ; DC    ;  67,210 ;     mV ;       ; 01:45:05
   3:12'33"63 ; DC    ;  67,200 ;     mV ;       ; 01:45:06
   3:12'33"90 ; DC    ;  67,200 ;     mV ;       ; 01:45:06
   3:12'34"19 ; DC    ;  67,220 ;     mV ;       ; 01:45:06
   3:12'34"48 ; DC    ;  67,220 ;     mV ;       ; 01:45:07
   3:12'34"80 ; DC    ;  67,220 ;     mV ;       ; 01:45:07
   3:12'35"12 ; DC    ;  67,220 ;     mV ;       ; 01:45:07
   3:12'35"40 ; DC    ;  67,210 ;     mV ;       ; 01:45:08
   3:12'35"72 ; DC    ;  67,180 ;     mV ;       ; 01:45:08
   3:12'36"00 ; DC    ;  67,190 ;     mV ;       ; 01:45:08
   3:12'36"28 ; DC    ;  67,180 ;     mV ;       ; 01:45:08
   3:12'36"59 ; DC    ;  67,190 ;     mV ;       ; 01:45:09
   3:12'36"87 ; DC    ;  67,210 ;     mV ;       ; 01:45:09
   3:12'37"18 ; DC    ;  67,200 ;     mV ;       ; 01:45:09
   3:12'37"48 ; DC    ;  67,200 ;     mV ;       ; 01:45:10
   3:12'37"76 ; DC    ;  67,180 ;     mV ;       ; 01:45:10
   3:12'38"05 ; DC    ;  67,180 ;     mV ;       ; 01:45:10
   3:12'38"35 ; DC    ;  67,190 ;     mV ;       ; 01:45:11
   3:12'38"63 ; DC    ;  67,180 ;     mV ;       ; 01:45:11
   3:12'38"93 ; DC    ;  67,180 ;     mV ;       ; 01:45:11
   3:12'39"22 ; DC    ;  67,190 ;     mV ;       ; 01:45:11
   3:12'39"55 ; DC    ;  67,180 ;     mV ;       ; 01:45:12
   3:12'39"89 ; DC    ;  67,190 ;     mV ;       ; 01:45:12
   3:12'40"18 ; DC    ;  67,170 ;     mV ;       ; 01:45:12
   3:12'40"45 ; DC    ;  67,170 ;     mV ;       ; 01:45:13
   3:12'40"73 ; DC    ;  67,190 ;     mV ;       ; 01:45:13
   3:12'41"01 ; DC    ;  67,180 ;     mV ;       ; 01:45:13
   3:12'41"29 ; DC    ;  67,180 ;     mV ;       ; 01:45:13
   3:12'41"57 ; DC    ;  67,170 ;     mV ;       ; 01:45:14
   3:12'41"86 ; DC    ;  67,180 ;     mV ;       ; 01:45:14
   3:12'42"15 ; DC    ;  67,190 ;     mV ;       ; 01:45:14
   3:12'42"44 ; DC    ;  67,180 ;     mV ;       ; 01:45:15
   3:12'42"72 ; DC    ;  67,170 ;     mV ;       ; 01:45:15
   3:12'43"03 ; DC    ;  67,180 ;     mV ;       ; 01:45:15
   3:12'43"34 ; DC    ;  67,190 ;     mV ;       ; 01:45:16
   3:12'43"63 ; DC    ;  67,200 ;     mV ;       ; 01:45:16
   3:12'43"94 ; DC    ;  67,210 ;     mV ;       ; 01:45:16
   3:12'44"25 ; DC    ;  67,200 ;     mV ;       ; 01:45:16
   3:12'44"57 ; DC    ;  67,200 ;     mV ;       ; 01:45:17
   3:12'44"86 ; DC    ;  67,200 ;     mV ;       ; 01:45:17
   3:12'45"14 ; DC    ;  67,180 ;     mV ;       ; 01:45:17
   3:12'45"42 ; DC    ;  67,190 ;     mV ;       ; 01:45:18
   3:12'45"70 ; DC    ;  67,210 ;     mV ;       ; 01:45:18
   3:12'45"96 ; DC    ;  67,210 ;     mV ;       ; 01:45:18
   3:12'46"22 ; DC    ;  67,210 ;     mV ;       ; 01:45:18
   3:12'46"50 ; DC    ;  67,210 ;     mV ;       ; 01:45:19
   3:12'46"78 ; DC    ;  67,200 ;     mV ;       ; 01:45:19
   3:12'47"07 ; DC    ;  67,220 ;     mV ;       ; 01:45:19
   3:12'47"40 ; DC    ;  67,200 ;     mV ;       ; 01:45:20
   3:12'47"68 ; DC    ;  67,200 ;     mV ;       ; 01:45:20
   3:12'48"00 ; DC    ;  67,190 ;     mV ;       ; 01:45:20
   3:12'48"33 ; DC    ;  67,190 ;     mV ;       ; 01:45:21
   3:12'48"65 ; DC    ;  67,190 ;     mV ;       ; 01:45:21
   3:12'48"93 ; DC    ;  67,210 ;     mV ;       ; 01:45:21
   3:12'49"21 ; DC    ;  67,200 ;     mV ;       ; 01:45:21
   3:12'49"50 ; DC    ;  67,210 ;     mV ;       ; 01:45:22
   3:12'49"81 ; DC    ;  67,220 ;     mV ;       ; 01:45:22
   3:12'50"09 ; DC    ;  67,220 ;     mV ;       ; 01:45:22
   3:12'50"38 ; DC    ;  67,210 ;     mV ;       ; 01:45:23
   3:12'50"67 ; DC    ;  67,230 ;     mV ;       ; 01:45:23
   3:12'50"99 ; DC    ;  67,220 ;     mV ;       ; 01:45:23
   3:12'51"31 ; DC    ;  67,210 ;     mV ;       ; 01:45:23
   3:12'51"63 ; DC    ;  67,240 ;     mV ;       ; 01:45:24
   3:12'51"95 ; DC    ;  67,240 ;     mV ;       ; 01:45:24
   3:12'52"24 ; DC    ;  67,230 ;     mV ;       ; 01:45:24
   3:12'52"57 ; DC    ;  67,250 ;     mV ;       ; 01:45:25
   3:12'52"88 ; DC    ;  67,230 ;     mV ;       ; 01:45:25
   3:12'53"15 ; DC    ;  67,240 ;     mV ;       ; 01:45:25
   3:12'53"43 ; DC    ;  67,240 ;     mV ;       ; 01:45:26
   3:12'53"80 ; DC    ;  67,230 ;     mV ;       ; 01:45:26
   3:12'54"12 ; DC    ;  67,230 ;     mV ;       ; 01:45:26
   3:12'54"45 ; DC    ;  67,250 ;     mV ;       ; 01:45:27
   3:12'54"84 ; DC    ;  67,220 ;     mV ;       ; 01:45:27
   3:12'55"15 ; DC    ;  67,230 ;     mV ;       ; 01:45:27
   3:12'55"45 ; DC    ;  67,230 ;     mV ;       ; 01:45:28
   3:12'55"73 ; DC    ;  67,230 ;     mV ;       ; 01:45:28
   3:12'56"01 ; DC    ;  67,230 ;     mV ;       ; 01:45:28
   3:12'56"32 ; DC    ;  67,240 ;     mV ;       ; 01:45:28
   3:12'56"63 ; DC    ;  67,250 ;     mV ;       ; 01:45:29
   3:12'56"96 ; DC    ;  67,240 ;     mV ;       ; 01:45:29
   3:12'57"30 ; DC    ;  67,240 ;     mV ;       ; 01:45:29
   3:12'57"64 ; DC    ;  67,230 ;     mV ;       ; 01:45:30
   3:12'57"93 ; DC    ;  67,230 ;     mV ;       ; 01:45:30
   3:12'58"23 ; DC    ;  67,210 ;     mV ;       ; 01:45:30
   3:12'58"53 ; DC    ;  67,220 ;     mV ;       ; 01:45:31
   3:12'58"81 ; DC    ;  67,240 ;     mV ;       ; 01:45:31
   3:12'59"10 ; DC    ;  67,250 ;     mV ;       ; 01:45:31
   3:12'59"38 ; DC    ;  67,250 ;     mV ;       ; 01:45:32
   3:12'59"67 ; DC    ;  67,250 ;     mV ;       ; 01:45:32
   3:12'59"97 ; DC    ;  67,250 ;     mV ;       ; 01:45:32
   3:13'00"24 ; DC    ;  67,240 ;     mV ;       ; 01:45:32
   3:13'00"52 ; DC    ;  67,230 ;     mV ;       ; 01:45:33
   3:13'00"79 ; DC    ;  67,220 ;     mV ;       ; 01:45:33
   3:13'01"10 ; DC    ;  67,240 ;     mV ;       ; 01:45:33
   3:13'01"39 ; DC    ;  67,210 ;     mV ;       ; 01:45:34
   3:13'01"69 ; DC    ;  67,220 ;     mV ;       ; 01:45:34
   3:13'01"98 ; DC    ;  67,230 ;     mV ;       ; 01:45:34
   3:13'02"30 ; DC    ;  67,220 ;     mV ;       ; 01:45:34
   3:13'02"60 ; DC    ;  67,210 ;     mV ;       ; 01:45:35
   3:13'02"87 ; DC    ;  67,240 ;     mV ;       ; 01:45:35
   3:13'03"18 ; DC    ;  67,230 ;     mV ;       ; 01:45:35
   3:13'03"46 ; DC    ;  67,230 ;     mV ;       ; 01:45:36
   3:13'03"73 ; DC    ;  67,230 ;     mV ;       ; 01:45:36
   3:13'04"03 ; DC    ;  67,240 ;     mV ;       ; 01:45:36
   3:13'04"31 ; DC    ;  67,240 ;     mV ;       ; 01:45:36
   3:13'04"59 ; DC    ;  67,250 ;     mV ;       ; 01:45:37
   3:13'04"86 ; DC    ;  67,250 ;     mV ;       ; 01:45:37
   3:13'05"16 ; DC    ;  67,230 ;     mV ;       ; 01:45:37
   3:13'05"43 ; DC    ;  67,230 ;     mV ;       ; 01:45:38
   3:13'05"72 ; DC    ;  67,250 ;     mV ;       ; 01:45:38
   3:13'05"99 ; DC    ;  67,230 ;     mV ;       ; 01:45:38
   3:13'06"31 ; DC    ;  67,240 ;     mV ;       ; 01:45:38
   3:13'06"63 ; DC    ;  67,240 ;     mV ;       ; 01:45:39
   3:13'06"91 ; DC    ;  67,240 ;     mV ;       ; 01:45:39
   3:13'07"21 ; DC    ;  67,250 ;     mV ;       ; 01:45:39
   3:13'07"49 ; DC    ;  67,240 ;     mV ;       ; 01:45:40
   3:13'07"76 ; DC    ;  67,230 ;     mV ;       ; 01:45:40
   3:13'08"03 ; DC    ;  67,260 ;     mV ;       ; 01:45:40
   3:13'08"30 ; DC    ;  67,260 ;     mV ;       ; 01:45:40
   3:13'08"57 ; DC    ;  67,250 ;     mV ;       ; 01:45:41
   3:13'08"85 ; DC    ;  67,250 ;     mV ;       ; 01:45:41
   3:13'09"13 ; DC    ;  67,240 ;     mV ;       ; 01:45:41
   3:13'09"41 ; DC    ;  67,240 ;     mV ;       ; 01:45:42
   3:13'09"70 ; DC    ;  67,240 ;     mV ;       ; 01:45:42
   3:13'10"07 ; DC    ;  67,230 ;     mV ;       ; 01:45:42
   3:13'10"35 ; DC    ;  67,240 ;     mV ;       ; 01:45:43
   3:13'10"61 ; DC    ;  67,240 ;     mV ;       ; 01:45:43
   3:13'10"90 ; DC    ;  67,250 ;     mV ;       ; 01:45:43
   3:13'11"18 ; DC    ;  67,250 ;     mV ;       ; 01:45:43
   3:13'11"44 ; DC    ;  67,270 ;     mV ;       ; 01:45:44
   3:13'11"73 ; DC    ;  67,270 ;     mV ;       ; 01:45:44
   3:13'11"99 ; DC    ;  67,240 ;     mV ;       ; 01:45:44
   3:13'12"29 ; DC    ;  67,250 ;     mV ;       ; 01:45:44
   3:13'12"57 ; DC    ;  67,240 ;     mV ;       ; 01:45:45
   3:13'12"88 ; DC    ;  67,230 ;     mV ;       ; 01:45:45
   3:13'13"16 ; DC    ;  67,240 ;     mV ;       ; 01:45:45
   3:13'13"43 ; DC    ;  67,210 ;     mV ;       ; 01:45:46
   3:13'13"78 ; DC    ;  67,230 ;     mV ;       ; 01:45:46
   3:13'14"08 ; DC    ;  67,220 ;     mV ;       ; 01:45:46
   3:13'14"39 ; DC    ;  67,230 ;     mV ;       ; 01:45:47
   3:13'14"66 ; DC    ;  67,220 ;     mV ;       ; 01:45:47
   3:13'14"95 ; DC    ;  67,240 ;     mV ;       ; 01:45:47
   3:13'15"21 ; DC    ;  67,230 ;     mV ;       ; 01:45:47
   3:13'15"47 ; DC    ;  67,260 ;     mV ;       ; 01:45:48
   3:13'15"75 ; DC    ;  67,270 ;     mV ;       ; 01:45:48
   3:13'16"03 ; DC    ;  67,250 ;     mV ;       ; 01:45:48
   3:13'16"31 ; DC    ;  67,250 ;     mV ;       ; 01:45:48
   3:13'16"59 ; DC    ;  67,250 ;     mV ;       ; 01:45:49
   3:13'16"87 ; DC    ;  67,260 ;     mV ;       ; 01:45:49
   3:13'17"13 ; DC    ;  67,260 ;     mV ;       ; 01:45:49
   3:13'17"43 ; DC    ;  67,260 ;     mV ;       ; 01:45:50
   3:13'17"73 ; DC    ;  67,240 ;     mV ;       ; 01:45:50
   3:13'18"05 ; DC    ;  67,260 ;     mV ;       ; 01:45:50
   3:13'18"36 ; DC    ;  67,270 ;     mV ;       ; 01:45:51
   3:13'18"66 ; DC    ;  67,270 ;     mV ;       ; 01:45:51
   3:13'18"96 ; DC    ;  67,290 ;     mV ;       ; 01:45:51
   3:13'19"24 ; DC    ;  67,260 ;     mV ;       ; 01:45:51
   3:13'19"53 ; DC    ;  67,260 ;     mV ;       ; 01:45:52
   3:13'19"80 ; DC    ;  67,250 ;     mV ;       ; 01:45:52
   3:13'20"08 ; DC    ;  67,260 ;     mV ;       ; 01:45:52
   3:13'20"38 ; DC    ;  67,250 ;     mV ;       ; 01:45:53
   3:13'20"64 ; DC    ;  67,260 ;     mV ;       ; 01:45:53
   3:13'20"92 ; DC    ;  67,250 ;     mV ;       ; 01:45:53
   3:13'21"29 ; DC    ;  67,250 ;     mV ;       ; 01:45:53
   3:13'21"59 ; DC    ;  67,250 ;     mV ;       ; 01:45:54
   3:13'21"87 ; DC    ;  67,270 ;     mV ;       ; 01:45:54
   3:13'22"16 ; DC    ;  67,260 ;     mV ;       ; 01:45:54
   3:13'22"43 ; DC    ;  67,280 ;     mV ;       ; 01:45:55
   3:13'22"71 ; DC    ;  67,270 ;     mV ;       ; 01:45:55
   3:13'23"00 ; DC    ;  67,260 ;     mV ;       ; 01:45:55
   3:13'23"28 ; DC    ;  67,270 ;     mV ;       ; 01:45:55
   3:13'23"64 ; DC    ;  67,250 ;     mV ;       ; 01:45:56
   3:13'23"94 ; DC    ;  67,280 ;     mV ;       ; 01:45:56
   3:13'24"22 ; DC    ;  67,270 ;     mV ;       ; 01:45:56
   3:13'24"52 ; DC    ;  67,260 ;     mV ;       ; 01:45:57
   3:13'24"80 ; DC    ;  67,280 ;     mV ;       ; 01:45:57
   3:13'25"09 ; DC    ;  67,270 ;     mV ;       ; 01:45:57
   3:13'25"38 ; DC    ;  67,270 ;     mV ;       ; 01:45:58
   3:13'25"67 ; DC    ;  67,250 ;     mV ;       ; 01:45:58
   3:13'25"94 ; DC    ;  67,260 ;     mV ;       ; 01:45:58
   3:13'26"23 ; DC    ;  67,270 ;     mV ;       ; 01:45:58
   3:13'26"53 ; DC    ;  67,270 ;     mV ;       ; 01:45:59
   3:13'26"81 ; DC    ;  67,270 ;     mV ;       ; 01:45:59
   3:13'27"12 ; DC    ;  67,290 ;     mV ;       ; 01:45:59
   3:13'27"42 ; DC    ;  67,280 ;     mV ;       ; 01:46:00
   3:13'27"76 ; DC    ;  67,280 ;     mV ;       ; 01:46:00
   3:13'28"04 ; DC    ;  67,280 ;     mV ;       ; 01:46:00
   3:13'28"31 ; DC    ;  67,280 ;     mV ;       ; 01:46:00
   3:13'28"59 ; DC    ;  67,280 ;     mV ;       ; 01:46:01
   3:13'28"87 ; DC    ;  67,270 ;     mV ;       ; 01:46:01
   3:13'29"13 ; DC    ;  67,270 ;     mV ;       ; 01:46:01
   3:13'29"41 ; DC    ;  67,280 ;     mV ;       ; 01:46:02
   3:13'29"68 ; DC    ;  67,270 ;     mV ;       ; 01:46:02
   3:13'29"99 ; DC    ;  67,260 ;     mV ;       ; 01:46:02
   3:13'30"29 ; DC    ;  67,260 ;     mV ;       ; 01:46:02
   3:13'30"57 ; DC    ;  67,240 ;     mV ;       ; 01:46:03
   3:13'30"91 ; DC    ;  67,250 ;     mV ;       ; 01:46:03
   3:13'31"21 ; DC    ;  67,250 ;     mV ;       ; 01:46:03
   3:13'31"49 ; DC    ;  67,250 ;     mV ;       ; 01:46:04
   3:13'31"77 ; DC    ;  67,260 ;     mV ;       ; 01:46:04
   3:13'32"05 ; DC    ;  67,270 ;     mV ;       ; 01:46:04
   3:13'32"32 ; DC    ;  67,260 ;     mV ;       ; 01:46:04
   3:13'32"60 ; DC    ;  67,260 ;     mV ;       ; 01:46:05
   3:13'32"88 ; DC    ;  67,270 ;     mV ;       ; 01:46:05
   3:13'33"16 ; DC    ;  67,260 ;     mV ;       ; 01:46:05
   3:13'33"44 ; DC    ;  67,240 ;     mV ;       ; 01:46:06
   3:13'33"71 ; DC    ;  67,260 ;     mV ;       ; 01:46:06
   3:13'34"02 ; DC    ;  67,280 ;     mV ;       ; 01:46:06
   3:13'34"29 ; DC    ;  67,270 ;     mV ;       ; 01:46:06
   3:13'34"57 ; DC    ;  67,270 ;     mV ;       ; 01:46:07
   3:13'34"83 ; DC    ;  67,260 ;     mV ;       ; 01:46:07
   3:13'35"11 ; DC    ;  67,260 ;     mV ;       ; 01:46:07
   3:13'35"39 ; DC    ;  67,270 ;     mV ;       ; 01:46:08
   3:13'35"66 ; DC    ;  67,280 ;     mV ;       ; 01:46:08
   3:13'35"94 ; DC    ;  67,270 ;     mV ;       ; 01:46:08
   3:13'36"21 ; DC    ;  67,270 ;     mV ;       ; 01:46:08
   3:13'36"49 ; DC    ;  67,270 ;     mV ;       ; 01:46:09
   3:13'36"77 ; DC    ;  67,270 ;     mV ;       ; 01:46:09
   3:13'37"14 ; DC    ;  67,250 ;     mV ;       ; 01:46:09
   3:13'37"42 ; DC    ;  67,260 ;     mV ;       ; 01:46:10
   3:13'37"72 ; DC    ;  67,240 ;     mV ;       ; 01:46:10
   3:13'38"01 ; DC    ;  67,240 ;     mV ;       ; 01:46:10
   3:13'38"29 ; DC    ;  67,250 ;     mV ;       ; 01:46:10
   3:13'38"58 ; DC    ;  67,260 ;     mV ;       ; 01:46:11
   3:13'38"87 ; DC    ;  67,250 ;     mV ;       ; 01:46:11
   3:13'39"16 ; DC    ;  67,240 ;     mV ;       ; 01:46:11
   3:13'39"46 ; DC    ;  67,230 ;     mV ;       ; 01:46:12
   3:13'39"76 ; DC    ;  67,240 ;     mV ;       ; 01:46:12
   3:13'40"06 ; DC    ;  67,250 ;     mV ;       ; 01:46:12
   3:13'40"33 ; DC    ;  67,230 ;     mV ;       ; 01:46:13
   3:13'40"63 ; DC    ;  67,240 ;     mV ;       ; 01:46:13
   3:13'40"93 ; DC    ;  67,230 ;     mV ;       ; 01:46:13
   3:13'41"19 ; DC    ;  67,230 ;     mV ;       ; 01:46:13
   3:13'41"47 ; DC    ;  67,210 ;     mV ;       ; 01:46:14
   3:13'41"78 ; DC    ;  67,210 ;     mV ;       ; 01:46:14
   3:13'42"07 ; DC    ;  67,230 ;     mV ;       ; 01:46:14
   3:13'42"40 ; DC    ;  67,230 ;     mV ;       ; 01:46:15
   3:13'42"74 ; DC    ;  67,250 ;     mV ;       ; 01:46:15
   3:13'43"06 ; DC    ;  67,240 ;     mV ;       ; 01:46:15
   3:13'43"36 ; DC    ;  67,250 ;     mV ;       ; 01:46:16
   3:13'43"64 ; DC    ;  67,230 ;     mV ;       ; 01:46:16
   3:13'43"92 ; DC    ;  67,220 ;     mV ;       ; 01:46:16
   3:13'44"23 ; DC    ;  67,230 ;     mV ;       ; 01:46:16
   3:13'44"53 ; DC    ;  67,220 ;     mV ;       ; 01:46:17
   3:13'44"82 ; DC    ;  67,230 ;     mV ;       ; 01:46:17
   3:13'45"11 ; DC    ;  67,250 ;     mV ;       ; 01:46:17
   3:13'45"39 ; DC    ;  67,230 ;     mV ;       ; 01:46:18
   3:13'45"69 ; DC    ;  67,240 ;     mV ;       ; 01:46:18
   3:13'45"99 ; DC    ;  67,230 ;     mV ;       ; 01:46:18
   3:13'46"28 ; DC    ;  67,230 ;     mV ;       ; 01:46:18
   3:13'46"56 ; DC    ;  67,220 ;     mV ;       ; 01:46:19
   3:13'46"83 ; DC    ;  67,220 ;     mV ;       ; 01:46:19
   3:13'47"10 ; DC    ;  67,240 ;     mV ;       ; 01:46:19
   3:13'47"43 ; DC    ;  67,230 ;     mV ;       ; 01:46:20
   3:13'47"75 ; DC    ;  67,240 ;     mV ;       ; 01:46:20
   3:13'48"03 ; DC    ;  67,220 ;     mV ;       ; 01:46:20
   3:13'48"30 ; DC    ;  67,210 ;     mV ;       ; 01:46:20
   3:13'48"58 ; DC    ;  67,210 ;     mV ;       ; 01:46:21
   3:13'48"88 ; DC    ;  67,230 ;     mV ;       ; 01:46:21
   3:13'49"16 ; DC    ;  67,220 ;     mV ;       ; 01:46:21
   3:13'49"47 ; DC    ;  67,220 ;     mV ;       ; 01:46:22
   3:13'49"76 ; DC    ;  67,220 ;     mV ;       ; 01:46:22
   3:13'50"04 ; DC    ;  67,210 ;     mV ;       ; 01:46:22
   3:13'50"33 ; DC    ;  67,220 ;     mV ;       ; 01:46:22
   3:13'50"60 ; DC    ;  67,210 ;     mV ;       ; 01:46:23
   3:13'50"88 ; DC    ;  67,200 ;     mV ;       ; 01:46:23
   3:13'51"15 ; DC    ;  67,220 ;     mV ;       ; 01:46:23
   3:13'51"43 ; DC    ;  67,220 ;     mV ;       ; 01:46:24
   3:13'51"73 ; DC    ;  67,220 ;     mV ;       ; 01:46:24
   3:13'52"05 ; DC    ;  67,220 ;     mV ;       ; 01:46:24
   3:13'52"34 ; DC    ;  67,230 ;     mV ;       ; 01:46:25
   3:13'52"62 ; DC    ;  67,230 ;     mV ;       ; 01:46:25
   3:13'52"90 ; DC    ;  67,210 ;     mV ;       ; 01:46:25
   3:13'53"16 ; DC    ;  67,220 ;     mV ;       ; 01:46:25
   3:13'53"44 ; DC    ;  67,220 ;     mV ;       ; 01:46:26
   3:13'53"73 ; DC    ;  67,230 ;     mV ;       ; 01:46:26
   3:13'54"01 ; DC    ;  67,230 ;     mV ;       ; 01:46:26
   3:13'54"28 ; DC    ;  67,220 ;     mV ;       ; 01:46:26
   3:13'54"58 ; DC    ;  67,220 ;     mV ;       ; 01:46:27
   3:13'54"86 ; DC    ;  67,240 ;     mV ;       ; 01:46:27
   3:13'55"15 ; DC    ;  67,220 ;     mV ;       ; 01:46:27
   3:13'55"44 ; DC    ;  67,220 ;     mV ;       ; 01:46:28
   3:13'55"71 ; DC    ;  67,230 ;     mV ;       ; 01:46:28
   3:13'55"99 ; DC    ;  67,220 ;     mV ;       ; 01:46:28
   3:13'56"27 ; DC    ;  67,230 ;     mV ;       ; 01:46:28
   3:13'56"54 ; DC    ;  67,220 ;     mV ;       ; 01:46:29
   3:13'56"80 ; DC    ;  67,220 ;     mV ;       ; 01:46:29
   3:13'57"07 ; DC    ;  67,220 ;     mV ;       ; 01:46:29
   3:13'57"34 ; DC    ;  67,220 ;     mV ;       ; 01:46:30
   3:13'57"60 ; DC    ;  67,220 ;     mV ;       ; 01:46:30
   3:13'57"88 ; DC    ;  67,210 ;     mV ;       ; 01:46:30
   3:13'58"16 ; DC    ;  67,210 ;     mV ;       ; 01:46:30
   3:13'58"44 ; DC    ;  67,210 ;     mV ;       ; 01:46:31
   3:13'58"73 ; DC    ;  67,200 ;     mV ;       ; 01:46:31
   3:13'59"01 ; DC    ;  67,220 ;     mV ;       ; 01:46:31
   3:13'59"29 ; DC    ;  67,230 ;     mV ;       ; 01:46:31
   3:13'59"56 ; DC    ;  67,200 ;     mV ;       ; 01:46:32
   3:13'59"84 ; DC    ;  67,220 ;     mV ;       ; 01:46:32
   3:14'00"12 ; DC    ;  67,220 ;     mV ;       ; 01:46:32
   3:14'00"44 ; DC    ;  67,200 ;     mV ;       ; 01:46:33
   3:14'00"74 ; DC    ;  67,200 ;     mV ;       ; 01:46:33
   3:14'01"01 ; DC    ;  67,210 ;     mV ;       ; 01:46:33
   3:14'01"30 ; DC    ;  67,200 ;     mV ;       ; 01:46:33
   3:14'01"60 ; DC    ;  67,210 ;     mV ;       ; 01:46:34
   3:14'01"89 ; DC    ;  67,210 ;     mV ;       ; 01:46:34
   3:14'02"17 ; DC    ;  67,210 ;     mV ;       ; 01:46:34
   3:14'02"44 ; DC    ;  67,210 ;     mV ;       ; 01:46:35
   3:14'02"71 ; DC    ;  67,210 ;     mV ;       ; 01:46:35
   3:14'02"99 ; DC    ;  67,210 ;     mV ;       ; 01:46:35
   3:14'03"28 ; DC    ;  67,220 ;     mV ;       ; 01:46:35
   3:14'03"60 ; DC    ;  67,210 ;     mV ;       ; 01:46:36
   3:14'03"94 ; DC    ;  67,210 ;     mV ;       ; 01:46:36
   3:14'04"24 ; DC    ;  67,200 ;     mV ;       ; 01:46:36
   3:14'04"55 ; DC    ;  67,220 ;     mV ;       ; 01:46:37
   3:14'04"85 ; DC    ;  67,200 ;     mV ;       ; 01:46:37
   3:14'05"14 ; DC    ;  67,210 ;     mV ;       ; 01:46:37
   3:14'05"46 ; DC    ;  67,210 ;     mV ;       ; 01:46:38
   3:14'05"76 ; DC    ;  67,200 ;     mV ;       ; 01:46:38
   3:14'06"08 ; DC    ;  67,220 ;     mV ;       ; 01:46:38
   3:14'06"42 ; DC    ;  67,200 ;     mV ;       ; 01:46:39
   3:14'06"72 ; DC    ;  67,200 ;     mV ;       ; 01:46:39
   3:14'07"02 ; DC    ;  67,190 ;     mV ;       ; 01:46:39
   3:14'07"32 ; DC    ;  67,180 ;     mV ;       ; 01:46:39
   3:14'07"62 ; DC    ;  67,210 ;     mV ;       ; 01:46:40
   3:14'07"92 ; DC    ;  67,210 ;     mV ;       ; 01:46:40
   3:14'08"25 ; DC    ;  67,200 ;     mV ;       ; 01:46:40
   3:14'08"55 ; DC    ;  67,200 ;     mV ;       ; 01:46:41
   3:14'08"85 ; DC    ;  67,210 ;     mV ;       ; 01:46:41
   3:14'09"14 ; DC    ;  67,210 ;     mV ;       ; 01:46:41
   3:14'09"44 ; DC    ;  67,200 ;     mV ;       ; 01:46:42
   3:14'09"73 ; DC    ;  67,200 ;     mV ;       ; 01:46:42
   3:14'10"02 ; DC    ;  67,210 ;     mV ;       ; 01:46:42
   3:14'10"31 ; DC    ;  67,200 ;     mV ;       ; 01:46:42
   3:14'10"61 ; DC    ;  67,200 ;     mV ;       ; 01:46:43
   3:14'10"90 ; DC    ;  67,210 ;     mV ;       ; 01:46:43
   3:14'11"19 ; DC    ;  67,210 ;     mV ;       ; 01:46:43
   3:14'11"48 ; DC    ;  67,210 ;     mV ;       ; 01:46:44
   3:14'11"79 ; DC    ;  67,230 ;     mV ;       ; 01:46:44
   3:14'12"13 ; DC    ;  67,210 ;     mV ;       ; 01:46:44
   3:14'12"43 ; DC    ;  67,190 ;     mV ;       ; 01:46:45
   3:14'12"73 ; DC    ;  67,200 ;     mV ;       ; 01:46:45
   3:14'13"01 ; DC    ;  67,210 ;     mV ;       ; 01:46:45
   3:14'13"31 ; DC    ;  67,200 ;     mV ;       ; 01:46:45
   3:14'13"60 ; DC    ;  67,200 ;     mV ;       ; 01:46:46
   3:14'13"89 ; DC    ;  67,210 ;     mV ;       ; 01:46:46
   3:14'14"19 ; DC    ;  67,210 ;     mV ;       ; 01:46:46
   3:14'14"47 ; DC    ;  67,210 ;     mV ;       ; 01:46:47
   3:14'14"79 ; DC    ;  67,200 ;     mV ;       ; 01:46:47
   3:14'15"08 ; DC    ;  67,200 ;     mV ;       ; 01:46:47
   3:14'15"37 ; DC    ;  67,200 ;     mV ;       ; 01:46:48
   3:14'15"67 ; DC    ;  67,210 ;     mV ;       ; 01:46:48
   3:14'15"97 ; DC    ;  67,210 ;     mV ;       ; 01:46:48
   3:14'16"25 ; DC    ;  67,210 ;     mV ;       ; 01:46:48
   3:14'16"55 ; DC    ;  67,220 ;     mV ;       ; 01:46:49
   3:14'16"84 ; DC    ;  67,210 ;     mV ;       ; 01:46:49
   3:14'17"12 ; DC    ;  67,210 ;     mV ;       ; 01:46:49
   3:14'17"41 ; DC    ;  67,200 ;     mV ;       ; 01:46:50
   3:14'17"71 ; DC    ;  67,200 ;     mV ;       ; 01:46:50
   3:14'17"99 ; DC    ;  67,210 ;     mV ;       ; 01:46:50
   3:14'18"32 ; DC    ;  67,210 ;     mV ;       ; 01:46:50
   3:14'18"64 ; DC    ;  67,200 ;     mV ;       ; 01:46:51
   3:14'18"97 ; DC    ;  67,190 ;     mV ;       ; 01:46:51
   3:14'19"30 ; DC    ;  67,210 ;     mV ;       ; 01:46:51
   3:14'19"62 ; DC    ;  67,200 ;     mV ;       ; 01:46:52
   3:14'19"95 ; DC    ;  67,200 ;     mV ;       ; 01:46:52
   3:14'20"24 ; DC    ;  67,200 ;     mV ;       ; 01:46:52
   3:14'20"54 ; DC    ;  67,190 ;     mV ;       ; 01:46:53
   3:14'20"83 ; DC    ;  67,200 ;     mV ;       ; 01:46:53
   3:14'21"13 ; DC    ;  67,190 ;     mV ;       ; 01:46:53
   3:14'21"47 ; DC    ;  67,190 ;     mV ;       ; 01:46:54
   3:14'21"77 ; DC    ;  67,170 ;     mV ;       ; 01:46:54
   3:14'22"07 ; DC    ;  67,180 ;     mV ;       ; 01:46:54
   3:14'22"37 ; DC    ;  67,180 ;     mV ;       ; 01:46:55
   3:14'22"67 ; DC    ;  67,200 ;     mV ;       ; 01:46:55
   3:14'23"00 ; DC    ;  67,210 ;     mV ;       ; 01:46:55
   3:14'23"29 ; DC    ;  67,210 ;     mV ;       ; 01:46:55
   3:14'23"58 ; DC    ;  67,230 ;     mV ;       ; 01:46:56
   3:14'23"87 ; DC    ;  67,200 ;     mV ;       ; 01:46:56
   3:14'24"16 ; DC    ;  67,210 ;     mV ;       ; 01:46:56
   3:14'24"46 ; DC    ;  67,200 ;     mV ;       ; 01:46:57
   3:14'24"76 ; DC    ;  67,200 ;     mV ;       ; 01:46:57
   3:14'25"09 ; DC    ;  67,210 ;     mV ;       ; 01:46:57
   3:14'25"41 ; DC    ;  67,210 ;     mV ;       ; 01:46:58
   3:14'25"70 ; DC    ;  67,190 ;     mV ;       ; 01:46:58
   3:14'25"99 ; DC    ;  67,190 ;     mV ;       ; 01:46:58
   3:14'26"28 ; DC    ;  67,190 ;     mV ;       ; 01:46:58
   3:14'26"60 ; DC    ;  67,190 ;     mV ;       ; 01:46:59
   3:14'26"88 ; DC    ;  67,200 ;     mV ;       ; 01:46:59
   3:14'27"19 ; DC    ;  67,200 ;     mV ;       ; 01:46:59
   3:14'27"47 ; DC    ;  67,200 ;     mV ;       ; 01:47:00
   3:14'27"75 ; DC    ;  67,220 ;     mV ;       ; 01:47:00
   3:14'28"03 ; DC    ;  67,230 ;     mV ;       ; 01:47:00
   3:14'28"31 ; DC    ;  67,230 ;     mV ;       ; 01:47:00
   3:14'28"58 ; DC    ;  67,250 ;     mV ;       ; 01:47:01
   3:14'28"87 ; DC    ;  67,230 ;     mV ;       ; 01:47:01
   3:14'29"16 ; DC    ;  67,230 ;     mV ;       ; 01:47:01
   3:14'29"43 ; DC    ;  67,220 ;     mV ;       ; 01:47:02
   3:14'29"71 ; DC    ;  67,220 ;     mV ;       ; 01:47:02
   3:14'29"99 ; DC    ;  67,190 ;     mV ;       ; 01:47:02
   3:14'30"26 ; DC    ;  67,220 ;     mV ;       ; 01:47:02
   3:14'30"54 ; DC    ;  67,210 ;     mV ;       ; 01:47:03
   3:14'30"82 ; DC    ;  67,230 ;     mV ;       ; 01:47:03
   3:14'31"09 ; DC    ;  67,220 ;     mV ;       ; 01:47:03
   3:14'31"38 ; DC    ;  67,230 ;     mV ;       ; 01:47:04
   3:14'31"65 ; DC    ;  67,230 ;     mV ;       ; 01:47:04
   3:14'31"92 ; DC    ;  67,230 ;     mV ;       ; 01:47:04
   3:14'32"22 ; DC    ;  67,230 ;     mV ;       ; 01:47:04
   3:14'32"49 ; DC    ;  67,210 ;     mV ;       ; 01:47:05
   3:14'32"75 ; DC    ;  67,210 ;     mV ;       ; 01:47:05
   3:14'33"02 ; DC    ;  67,220 ;     mV ;       ; 01:47:05
   3:14'33"34 ; DC    ;  67,230 ;     mV ;       ; 01:47:06
   3:14'33"63 ; DC    ;  67,230 ;     mV ;       ; 01:47:06
   3:14'33"91 ; DC    ;  67,220 ;     mV ;       ; 01:47:06
   3:14'34"18 ; DC    ;  67,200 ;     mV ;       ; 01:47:06
   3:14'34"48 ; DC    ;  67,210 ;     mV ;       ; 01:47:07
   3:14'34"74 ; DC    ;  67,210 ;     mV ;       ; 01:47:07
   3:14'35"02 ; DC    ;  67,220 ;     mV ;       ; 01:47:07
   3:14'35"29 ; DC    ;  67,210 ;     mV ;       ; 01:47:07
   3:14'35"57 ; DC    ;  67,200 ;     mV ;       ; 01:47:08
   3:14'35"86 ; DC    ;  67,220 ;     mV ;       ; 01:47:08
   3:14'36"14 ; DC    ;  67,220 ;     mV ;       ; 01:47:08
   3:14'36"44 ; DC    ;  67,240 ;     mV ;       ; 01:47:09
   3:14'36"71 ; DC    ;  67,240 ;     mV ;       ; 01:47:09
   3:14'36"99 ; DC    ;  67,220 ;     mV ;       ; 01:47:09
   3:14'37"26 ; DC    ;  67,240 ;     mV ;       ; 01:47:09
   3:14'37"54 ; DC    ;  67,240 ;     mV ;       ; 01:47:10
   3:14'37"83 ; DC    ;  67,220 ;     mV ;       ; 01:47:10
   3:14'38"10 ; DC    ;  67,220 ;     mV ;       ; 01:47:10
   3:14'38"38 ; DC    ;  67,230 ;     mV ;       ; 01:47:11
   3:14'38"66 ; DC    ;  67,220 ;     mV ;       ; 01:47:11
   3:14'38"97 ; DC    ;  67,230 ;     mV ;       ; 01:47:11
   3:14'39"24 ; DC    ;  67,230 ;     mV ;       ; 01:47:11
   3:14'39"53 ; DC    ;  67,230 ;     mV ;       ; 01:47:12
   3:14'39"80 ; DC    ;  67,240 ;     mV ;       ; 01:47:12
   3:14'40"10 ; DC    ;  67,240 ;     mV ;       ; 01:47:12
   3:14'40"38 ; DC    ;  67,220 ;     mV ;       ; 01:47:13
   3:14'40"65 ; DC    ;  67,230 ;     mV ;       ; 01:47:13
   3:14'40"93 ; DC    ;  67,200 ;     mV ;       ; 01:47:13
   3:14'41"22 ; DC    ;  67,210 ;     mV ;       ; 01:47:13
   3:14'41"51 ; DC    ;  67,220 ;     mV ;       ; 01:47:14
   3:14'41"80 ; DC    ;  67,200 ;     mV ;       ; 01:47:14
   3:14'42"12 ; DC    ;  67,190 ;     mV ;       ; 01:47:14
   3:14'42"41 ; DC    ;  67,190 ;     mV ;       ; 01:47:15
   3:14'42"69 ; DC    ;  67,200 ;     mV ;       ; 01:47:15
   3:14'42"97 ; DC    ;  67,220 ;     mV ;       ; 01:47:15
   3:14'43"25 ; DC    ;  67,220 ;     mV ;       ; 01:47:15
   3:14'43"53 ; DC    ;  67,230 ;     mV ;       ; 01:47:16
   3:14'43"81 ; DC    ;  67,230 ;     mV ;       ; 01:47:16
   3:14'44"09 ; DC    ;  67,230 ;     mV ;       ; 01:47:16
   3:14'44"36 ; DC    ;  67,200 ;     mV ;       ; 01:47:17
   3:14'44"68 ; DC    ;  67,220 ;     mV ;       ; 01:47:17
   3:14'44"96 ; DC    ;  67,230 ;     mV ;       ; 01:47:17
   3:14'45"24 ; DC    ;  67,230 ;     mV ;       ; 01:47:17
   3:14'45"55 ; DC    ;  67,220 ;     mV ;       ; 01:47:18
   3:14'45"85 ; DC    ;  67,230 ;     mV ;       ; 01:47:18
   3:14'46"14 ; DC    ;  67,230 ;     mV ;       ; 01:47:18
   3:14'46"43 ; DC    ;  67,230 ;     mV ;       ; 01:47:19
   3:14'46"73 ; DC    ;  67,240 ;     mV ;       ; 01:47:19
   3:14'47"02 ; DC    ;  67,230 ;     mV ;       ; 01:47:19
   3:14'47"28 ; DC    ;  67,240 ;     mV ;       ; 01:47:19
   3:14'47"55 ; DC    ;  67,220 ;     mV ;       ; 01:47:20
   3:14'47"87 ; DC    ;  67,240 ;     mV ;       ; 01:47:20
   3:14'48"17 ; DC    ;  67,250 ;     mV ;       ; 01:47:20
   3:14'48"43 ; DC    ;  67,250 ;     mV ;       ; 01:47:21
   3:14'48"71 ; DC    ;  67,260 ;     mV ;       ; 01:47:21
   3:14'48"99 ; DC    ;  67,270 ;     mV ;       ; 01:47:21
   3:14'49"27 ; DC    ;  67,260 ;     mV ;       ; 01:47:21
   3:14'49"56 ; DC    ;  67,260 ;     mV ;       ; 01:47:22
   3:14'49"84 ; DC    ;  67,240 ;     mV ;       ; 01:47:22
   3:14'50"13 ; DC    ;  67,240 ;     mV ;       ; 01:47:22
   3:14'50"40 ; DC    ;  67,250 ;     mV ;       ; 01:47:23
   3:14'50"68 ; DC    ;  67,250 ;     mV ;       ; 01:47:23
   3:14'51"00 ; DC    ;  67,260 ;     mV ;       ; 01:47:23
   3:14'51"27 ; DC    ;  67,250 ;     mV ;       ; 01:47:23
   3:14'51"56 ; DC    ;  67,260 ;     mV ;       ; 01:47:24
   3:14'51"86 ; DC    ;  67,260 ;     mV ;       ; 01:47:24
   3:14'52"13 ; DC    ;  67,230 ;     mV ;       ; 01:47:24
   3:14'52"45 ; DC    ;  67,230 ;     mV ;       ; 01:47:25
   3:14'52"75 ; DC    ;  67,240 ;     mV ;       ; 01:47:25
   3:14'53"05 ; DC    ;  67,240 ;     mV ;       ; 01:47:25
   3:14'53"34 ; DC    ;  67,250 ;     mV ;       ; 01:47:26
   3:14'53"62 ; DC    ;  67,260 ;     mV ;       ; 01:47:26
   3:14'53"93 ; DC    ;  67,260 ;     mV ;       ; 01:47:26
   3:14'54"26 ; DC    ;  67,240 ;     mV ;       ; 01:47:26
   3:14'54"58 ; DC    ;  67,260 ;     mV ;       ; 01:47:27
   3:14'54"87 ; DC    ;  67,260 ;     mV ;       ; 01:47:27
   3:14'55"18 ; DC    ;  67,250 ;     mV ;       ; 01:47:27
   3:14'55"49 ; DC    ;  67,250 ;     mV ;       ; 01:47:28
   3:14'55"75 ; DC    ;  67,230 ;     mV ;       ; 01:47:28
   3:14'56"04 ; DC    ;  67,230 ;     mV ;       ; 01:47:28
   3:14'56"32 ; DC    ;  67,240 ;     mV ;       ; 01:47:28
   3:14'56"59 ; DC    ;  67,260 ;     mV ;       ; 01:47:29
   3:14'56"86 ; DC    ;  67,260 ;     mV ;       ; 01:47:29
   3:14'57"14 ; DC    ;  67,270 ;     mV ;       ; 01:47:29
   3:14'57"44 ; DC    ;  67,250 ;     mV ;       ; 01:47:30
   3:14'57"74 ; DC    ;  67,240 ;     mV ;       ; 01:47:30
   3:14'58"09 ; DC    ;  67,250 ;     mV ;       ; 01:47:30
   3:14'58"38 ; DC    ;  67,250 ;     mV ;       ; 01:47:31
   3:14'58"68 ; DC    ;  67,260 ;     mV ;       ; 01:47:31
   3:14'58"99 ; DC    ;  67,250 ;     mV ;       ; 01:47:31
   3:14'59"27 ; DC    ;  67,220 ;     mV ;       ; 01:47:31
   3:14'59"57 ; DC    ;  67,230 ;     mV ;       ; 01:47:32
   3:14'59"86 ; DC    ;  67,250 ;     mV ;       ; 01:47:32
   3:15'00"16 ; DC    ;  67,240 ;     mV ;       ; 01:47:32
   3:15'00"44 ; DC    ;  67,260 ;     mV ;       ; 01:47:33
   3:15'00"73 ; DC    ;  67,250 ;     mV ;       ; 01:47:33
   3:15'01"01 ; DC    ;  67,240 ;     mV ;       ; 01:47:33
   3:15'01"31 ; DC    ;  67,260 ;     mV ;       ; 01:47:33
   3:15'01"61 ; DC    ;  67,250 ;     mV ;       ; 01:47:34
   3:15'01"91 ; DC    ;  67,250 ;     mV ;       ; 01:47:34
   3:15'02"22 ; DC    ;  67,250 ;     mV ;       ; 01:47:34
   3:15'02"51 ; DC    ;  67,250 ;     mV ;       ; 01:47:35
   3:15'02"81 ; DC    ;  67,250 ;     mV ;       ; 01:47:35
   3:15'03"10 ; DC    ;  67,260 ;     mV ;       ; 01:47:35
   3:15'03"38 ; DC    ;  67,260 ;     mV ;       ; 01:47:36
   3:15'03"68 ; DC    ;  67,260 ;     mV ;       ; 01:47:36
   3:15'03"96 ; DC    ;  67,260 ;     mV ;       ; 01:47:36
   3:15'04"28 ; DC    ;  67,260 ;     mV ;       ; 01:47:36
   3:15'04"55 ; DC    ;  67,250 ;     mV ;       ; 01:47:37
   3:15'04"84 ; DC    ;  67,250 ;     mV ;       ; 01:47:37
   3:15'05"13 ; DC    ;  67,250 ;     mV ;       ; 01:47:37
   3:15'05"40 ; DC    ;  67,240 ;     mV ;       ; 01:47:38
   3:15'05"70 ; DC    ;  67,240 ;     mV ;       ; 01:47:38
   3:15'05"98 ; DC    ;  67,230 ;     mV ;       ; 01:47:38
   3:15'06"30 ; DC    ;  67,250 ;     mV ;       ; 01:47:38
   3:15'06"58 ; DC    ;  67,250 ;     mV ;       ; 01:47:39
   3:15'06"88 ; DC    ;  67,240 ;     mV ;       ; 01:47:39
   3:15'07"16 ; DC    ;  67,250 ;     mV ;       ; 01:47:39
   3:15'07"45 ; DC    ;  67,250 ;     mV ;       ; 01:47:40
   3:15'07"76 ; DC    ;  67,240 ;     mV ;       ; 01:47:40
   3:15'08"04 ; DC    ;  67,250 ;     mV ;       ; 01:47:40
   3:15'08"34 ; DC    ;  67,240 ;     mV ;       ; 01:47:41
   3:15'08"63 ; DC    ;  67,260 ;     mV ;       ; 01:47:41
   3:15'08"93 ; DC    ;  67,260 ;     mV ;       ; 01:47:41
   3:15'09"23 ; DC    ;  67,260 ;     mV ;       ; 01:47:41
   3:15'09"52 ; DC    ;  67,270 ;     mV ;       ; 01:47:42
   3:15'09"80 ; DC    ;  67,270 ;     mV ;       ; 01:47:42
   3:15'10"07 ; DC    ;  67,280 ;     mV ;       ; 01:47:42
   3:15'10"35 ; DC    ;  67,270 ;     mV ;       ; 01:47:43
   3:15'10"64 ; DC    ;  67,260 ;     mV ;       ; 01:47:43
   3:15'10"94 ; DC    ;  67,250 ;     mV ;       ; 01:47:43
   3:15'11"22 ; DC    ;  67,270 ;     mV ;       ; 01:47:43
   3:15'11"50 ; DC    ;  67,260 ;     mV ;       ; 01:47:44
   3:15'11"81 ; DC    ;  67,250 ;     mV ;       ; 01:47:44
   3:15'12"09 ; DC    ;  67,240 ;     mV ;       ; 01:47:44
   3:15'12"39 ; DC    ;  67,240 ;     mV ;       ; 01:47:45
   3:15'12"69 ; DC    ;  67,250 ;     mV ;       ; 01:47:45
   3:15'12"98 ; DC    ;  67,250 ;     mV ;       ; 01:47:45
   3:15'13"28 ; DC    ;  67,250 ;     mV ;       ; 01:47:45
   3:15'13"59 ; DC    ;  67,250 ;     mV ;       ; 01:47:46
   3:15'13"89 ; DC    ;  67,250 ;     mV ;       ; 01:47:46
   3:15'14"18 ; DC    ;  67,250 ;     mV ;       ; 01:47:46
   3:15'14"47 ; DC    ;  67,260 ;     mV ;       ; 01:47:47
   3:15'14"77 ; DC    ;  67,260 ;     mV ;       ; 01:47:47
   3:15'15"06 ; DC    ;  67,250 ;     mV ;       ; 01:47:47
   3:15'15"38 ; DC    ;  67,290 ;     mV ;       ; 01:47:48
   3:15'15"66 ; DC    ;  67,310 ;     mV ;       ; 01:47:48
   3:15'15"95 ; DC    ;  67,310 ;     mV ;       ; 01:47:48
   3:15'16"25 ; DC    ;  67,290 ;     mV ;       ; 01:47:48
   3:15'16"56 ; DC    ;  67,290 ;     mV ;       ; 01:47:49
   3:15'16"86 ; DC    ;  67,300 ;     mV ;       ; 01:47:49
   3:15'17"16 ; DC    ;  67,280 ;     mV ;       ; 01:47:49
   3:15'17"47 ; DC    ;  67,280 ;     mV ;       ; 01:47:50
   3:15'17"79 ; DC    ;  67,300 ;     mV ;       ; 01:47:50
   3:15'18"09 ; DC    ;  67,260 ;     mV ;       ; 01:47:50
   3:15'18"38 ; DC    ;  67,250 ;     mV ;       ; 01:47:51
   3:15'18"66 ; DC    ;  67,250 ;     mV ;       ; 01:47:51
   3:15'18"94 ; DC    ;  67,250 ;     mV ;       ; 01:47:51
   3:15'19"25 ; DC    ;  67,250 ;     mV ;       ; 01:47:51
   3:15'19"52 ; DC    ;  67,270 ;     mV ;       ; 01:47:52
   3:15'19"80 ; DC    ;  67,260 ;     mV ;       ; 01:47:52
   3:15'20"07 ; DC    ;  67,270 ;     mV ;       ; 01:47:52
   3:15'20"33 ; DC    ;  67,260 ;     mV ;       ; 01:47:53
   3:15'20"63 ; DC    ;  67,260 ;     mV ;       ; 01:47:53
   3:15'20"90 ; DC    ;  67,270 ;     mV ;       ; 01:47:53
   3:15'21"20 ; DC    ;  67,250 ;     mV ;       ; 01:47:53
   3:15'21"50 ; DC    ;  67,260 ;     mV ;       ; 01:47:54
   3:15'21"80 ; DC    ;  67,260 ;     mV ;       ; 01:47:54
   3:15'22"09 ; DC    ;  67,260 ;     mV ;       ; 01:47:54
   3:15'22"38 ; DC    ;  67,270 ;     mV ;       ; 01:47:55
   3:15'22"67 ; DC    ;  67,270 ;     mV ;       ; 01:47:55
   3:15'22"94 ; DC    ;  67,270 ;     mV ;       ; 01:47:55
   3:15'23"26 ; DC    ;  67,280 ;     mV ;       ; 01:47:55
   3:15'23"62 ; DC    ;  67,270 ;     mV ;       ; 01:47:56
   3:15'23"94 ; DC    ;  67,260 ;     mV ;       ; 01:47:56
   3:15'24"21 ; DC    ;  67,250 ;     mV ;       ; 01:47:56
   3:15'24"50 ; DC    ;  67,260 ;     mV ;       ; 01:47:57
   3:15'24"78 ; DC    ;  67,240 ;     mV ;       ; 01:47:57
   3:15'25"07 ; DC    ;  67,250 ;     mV ;       ; 01:47:57
   3:15'25"38 ; DC    ;  67,250 ;     mV ;       ; 01:47:58
   3:15'25"67 ; DC    ;  67,240 ;     mV ;       ; 01:47:58
   3:15'25"97 ; DC    ;  67,250 ;     mV ;       ; 01:47:58
   3:15'26"27 ; DC    ;  67,240 ;     mV ;       ; 01:47:58
   3:15'26"57 ; DC    ;  67,250 ;     mV ;       ; 01:47:59
   3:15'26"86 ; DC    ;  67,250 ;     mV ;       ; 01:47:59
   3:15'27"15 ; DC    ;  67,250 ;     mV ;       ; 01:47:59
   3:15'27"44 ; DC    ;  67,230 ;     mV ;       ; 01:48:00
   3:15'27"73 ; DC    ;  67,220 ;     mV ;       ; 01:48:00
   3:15'28"01 ; DC    ;  67,220 ;     mV ;       ; 01:48:00
   3:15'28"31 ; DC    ;  67,230 ;     mV ;       ; 01:48:00
   3:15'28"61 ; DC    ;  67,220 ;     mV ;       ; 01:48:01
   3:15'28"90 ; DC    ;  67,240 ;     mV ;       ; 01:48:01
   3:15'29"20 ; DC    ;  67,240 ;     mV ;       ; 01:48:01
   3:15'29"49 ; DC    ;  67,240 ;     mV ;       ; 01:48:02
   3:15'29"77 ; DC    ;  67,240 ;     mV ;       ; 01:48:02
   3:15'30"09 ; DC    ;  67,240 ;     mV ;       ; 01:48:02
   3:15'30"39 ; DC    ;  67,240 ;     mV ;       ; 01:48:03
   3:15'30"70 ; DC    ;  67,240 ;     mV ;       ; 01:48:03
   3:15'30"99 ; DC    ;  67,260 ;     mV ;       ; 01:48:03
   3:15'31"28 ; DC    ;  67,260 ;     mV ;       ; 01:48:03
   3:15'31"58 ; DC    ;  67,260 ;     mV ;       ; 01:48:04
   3:15'31"88 ; DC    ;  67,270 ;     mV ;       ; 01:48:04
   3:15'32"18 ; DC    ;  67,260 ;     mV ;       ; 01:48:04
   3:15'32"48 ; DC    ;  67,260 ;     mV ;       ; 01:48:05
   3:15'32"78 ; DC    ;  67,270 ;     mV ;       ; 01:48:05
   3:15'33"06 ; DC    ;  67,250 ;     mV ;       ; 01:48:05
   3:15'33"35 ; DC    ;  67,250 ;     mV ;       ; 01:48:06
   3:15'33"64 ; DC    ;  67,240 ;     mV ;       ; 01:48:06
   3:15'33"93 ; DC    ;  67,240 ;     mV ;       ; 01:48:06
   3:15'34"23 ; DC    ;  67,260 ;     mV ;       ; 01:48:06
   3:15'34"51 ; DC    ;  67,270 ;     mV ;       ; 01:48:07
   3:15'34"80 ; DC    ;  67,260 ;     mV ;       ; 01:48:07
   3:15'35"11 ; DC    ;  67,260 ;     mV ;       ; 01:48:07
   3:15'35"41 ; DC    ;  67,270 ;     mV ;       ; 01:48:08
   3:15'35"71 ; DC    ;  67,270 ;     mV ;       ; 01:48:08
   3:15'36"01 ; DC    ;  67,270 ;     mV ;       ; 01:48:08
   3:15'36"33 ; DC    ;  67,260 ;     mV ;       ; 01:48:09
   3:15'36"60 ; DC    ;  67,280 ;     mV ;       ; 01:48:09
   3:15'36"89 ; DC    ;  67,280 ;     mV ;       ; 01:48:09
   3:15'37"17 ; DC    ;  67,270 ;     mV ;       ; 01:48:09
   3:15'37"46 ; DC    ;  67,260 ;     mV ;       ; 01:48:10
   3:15'37"74 ; DC    ;  67,280 ;     mV ;       ; 01:48:10
   3:15'38"03 ; DC    ;  67,260 ;     mV ;       ; 01:48:10
   3:15'38"34 ; DC    ;  67,250 ;     mV ;       ; 01:48:11
   3:15'38"65 ; DC    ;  67,250 ;     mV ;       ; 01:48:11
   3:15'38"96 ; DC    ;  67,240 ;     mV ;       ; 01:48:11
   3:15'39"25 ; DC    ;  67,250 ;     mV ;       ; 01:48:11
   3:15'39"55 ; DC    ;  67,250 ;     mV ;       ; 01:48:12
   3:15'39"84 ; DC    ;  67,250 ;     mV ;       ; 01:48:12
   3:15'40"13 ; DC    ;  67,240 ;     mV ;       ; 01:48:12
   3:15'40"43 ; DC    ;  67,250 ;     mV ;       ; 01:48:13
   3:15'40"73 ; DC    ;  67,260 ;     mV ;       ; 01:48:13
   3:15'41"02 ; DC    ;  67,250 ;     mV ;       ; 01:48:13
   3:15'41"31 ; DC    ;  67,260 ;     mV ;       ; 01:48:13
   3:15'41"60 ; DC    ;  67,250 ;     mV ;       ; 01:48:14
   3:15'41"90 ; DC    ;  67,270 ;     mV ;       ; 01:48:14
   3:15'42"20 ; DC    ;  67,250 ;     mV ;       ; 01:48:14
   3:15'42"52 ; DC    ;  67,260 ;     mV ;       ; 01:48:15
   3:15'42"80 ; DC    ;  67,270 ;     mV ;       ; 01:48:15
   3:15'43"09 ; DC    ;  67,260 ;     mV ;       ; 01:48:15
   3:15'43"39 ; DC    ;  67,250 ;     mV ;       ; 01:48:16
   3:15'43"69 ; DC    ;  67,260 ;     mV ;       ; 01:48:16
   3:15'43"99 ; DC    ;  67,250 ;     mV ;       ; 01:48:16
   3:15'44"29 ; DC    ;  67,270 ;     mV ;       ; 01:48:16
   3:15'44"64 ; DC    ;  67,240 ;     mV ;       ; 01:48:17
   3:15'44"95 ; DC    ;  67,290 ;     mV ;       ; 01:48:17
   3:15'45"27 ; DC    ;  67,320 ;     mV ;       ; 01:48:17
   3:15'45"61 ; DC    ;  67,260 ;     mV ;       ; 01:48:18
   3:15'45"93 ; DC    ;  67,240 ;     mV ;       ; 01:48:18
   3:15'46"26 ; DC    ;  67,270 ;     mV ;       ; 01:48:18
   3:15'46"59 ; DC    ;  67,260 ;     mV ;       ; 01:48:19
   3:15'46"90 ; DC    ;  67,270 ;     mV ;       ; 01:48:19
   3:15'47"19 ; DC    ;  67,260 ;     mV ;       ; 01:48:19
   3:15'47"47 ; DC    ;  67,260 ;     mV ;       ; 01:48:20
   3:15'47"74 ; DC    ;  67,270 ;     mV ;       ; 01:48:20
   3:15'48"03 ; DC    ;  67,270 ;     mV ;       ; 01:48:20
   3:15'48"30 ; DC    ;  67,280 ;     mV ;       ; 01:48:20
   3:15'48"60 ; DC    ;  67,280 ;     mV ;       ; 01:48:21
   3:15'48"90 ; DC    ;  67,280 ;     mV ;       ; 01:48:21
   3:15'49"20 ; DC    ;  67,290 ;     mV ;       ; 01:48:21
   3:15'49"49 ; DC    ;  67,280 ;     mV ;       ; 01:48:22
   3:15'49"82 ; DC    ;  67,280 ;     mV ;       ; 01:48:22
   3:15'50"13 ; DC    ;  67,280 ;     mV ;       ; 01:48:22
   3:15'50"43 ; DC    ;  67,290 ;     mV ;       ; 01:48:23
   3:15'50"75 ; DC    ;  67,270 ;     mV ;       ; 01:48:23
   3:15'51"05 ; DC    ;  67,280 ;     mV ;       ; 01:48:23
   3:15'51"33 ; DC    ;  67,270 ;     mV ;       ; 01:48:24
   3:15'51"61 ; DC    ;  67,270 ;     mV ;       ; 01:48:24
   3:15'51"90 ; DC    ;  67,280 ;     mV ;       ; 01:48:24
   3:15'52"20 ; DC    ;  67,270 ;     mV ;       ; 01:48:24
   3:15'52"49 ; DC    ;  67,280 ;     mV ;       ; 01:48:25
   3:15'52"77 ; DC    ;  67,280 ;     mV ;       ; 01:48:25
   3:15'53"05 ; DC    ;  67,270 ;     mV ;       ; 01:48:25
   3:15'53"35 ; DC    ;  67,280 ;     mV ;       ; 01:48:26
   3:15'53"66 ; DC    ;  67,300 ;     mV ;       ; 01:48:26
   3:15'53"97 ; DC    ;  67,290 ;     mV ;       ; 01:48:26
   3:15'54"27 ; DC    ;  67,290 ;     mV ;       ; 01:48:26
   3:15'54"57 ; DC    ;  67,290 ;     mV ;       ; 01:48:27
   3:15'54"89 ; DC    ;  67,300 ;     mV ;       ; 01:48:27
   3:15'55"17 ; DC    ;  67,290 ;     mV ;       ; 01:48:27
   3:15'55"45 ; DC    ;  67,280 ;     mV ;       ; 01:48:28
   3:15'55"73 ; DC    ;  67,270 ;     mV ;       ; 01:48:28
   3:15'56"02 ; DC    ;  67,260 ;     mV ;       ; 01:48:28
   3:15'56"30 ; DC    ;  67,270 ;     mV ;       ; 01:48:28
   3:15'56"57 ; DC    ;  67,280 ;     mV ;       ; 01:48:29
   3:15'56"88 ; DC    ;  67,280 ;     mV ;       ; 01:48:29
   3:15'57"15 ; DC    ;  67,290 ;     mV ;       ; 01:48:29
   3:15'57"45 ; DC    ;  67,320 ;     mV ;       ; 01:48:30
   3:15'57"73 ; DC    ;  67,310 ;     mV ;       ; 01:48:30
   3:15'58"02 ; DC    ;  67,310 ;     mV ;       ; 01:48:30
   3:15'58"30 ; DC    ;  67,320 ;     mV ;       ; 01:48:30
   3:15'58"57 ; DC    ;  67,310 ;     mV ;       ; 01:48:31
   3:15'58"84 ; DC    ;  67,310 ;     mV ;       ; 01:48:31
   3:15'59"12 ; DC    ;  67,300 ;     mV ;       ; 01:48:31
   3:15'59"41 ; DC    ;  67,290 ;     mV ;       ; 01:48:32
   3:15'59"68 ; DC    ;  67,310 ;     mV ;       ; 01:48:32
   3:15'59"99 ; DC    ;  67,310 ;     mV ;       ; 01:48:32
   3:16'00"29 ; DC    ;  67,290 ;     mV ;       ; 01:48:32
   3:16'00"57 ; DC    ;  67,300 ;     mV ;       ; 01:48:33
   3:16'00"86 ; DC    ;  67,290 ;     mV ;       ; 01:48:33
   3:16'01"15 ; DC    ;  67,310 ;     mV ;       ; 01:48:33
   3:16'01"44 ; DC    ;  67,290 ;     mV ;       ; 01:48:34
   3:16'01"75 ; DC    ;  67,280 ;     mV ;       ; 01:48:34
   3:16'02"06 ; DC    ;  67,280 ;     mV ;       ; 01:48:34
   3:16'02"35 ; DC    ;  67,280 ;     mV ;       ; 01:48:35
   3:16'02"65 ; DC    ;  67,280 ;     mV ;       ; 01:48:35
   3:16'02"95 ; DC    ;  67,290 ;     mV ;       ; 01:48:35
   3:16'03"26 ; DC    ;  67,280 ;     mV ;       ; 01:48:35
   3:16'03"60 ; DC    ;  67,300 ;     mV ;       ; 01:48:36
   3:16'03"91 ; DC    ;  67,280 ;     mV ;       ; 01:48:36
   3:16'04"22 ; DC    ;  67,300 ;     mV ;       ; 01:48:36
   3:16'04"52 ; DC    ;  67,300 ;     mV ;       ; 01:48:37
   3:16'04"80 ; DC    ;  67,290 ;     mV ;       ; 01:48:37
   3:16'05"10 ; DC    ;  67,270 ;     mV ;       ; 01:48:37
   3:16'05"40 ; DC    ;  67,280 ;     mV ;       ; 01:48:38
   3:16'05"73 ; DC    ;  67,280 ;     mV ;       ; 01:48:38
   3:16'06"04 ; DC    ;  67,280 ;     mV ;       ; 01:48:38
   3:16'06"35 ; DC    ;  67,280 ;     mV ;       ; 01:48:39
   3:16'06"68 ; DC    ;  67,300 ;     mV ;       ; 01:48:39
   3:16'06"99 ; DC    ;  67,280 ;     mV ;       ; 01:48:39
   3:16'07"34 ; DC    ;  67,270 ;     mV ;       ; 01:48:40
   3:16'07"65 ; DC    ;  67,270 ;     mV ;       ; 01:48:40
   3:16'07"97 ; DC    ;  67,280 ;     mV ;       ; 01:48:40
   3:16'08"29 ; DC    ;  67,270 ;     mV ;       ; 01:48:40
   3:16'08"57 ; DC    ;  67,270 ;     mV ;       ; 01:48:41
   3:16'08"86 ; DC    ;  67,260 ;     mV ;       ; 01:48:41
   3:16'09"17 ; DC    ;  67,260 ;     mV ;       ; 01:48:41
   3:16'09"47 ; DC    ;  67,280 ;     mV ;       ; 01:48:42
   3:16'09"77 ; DC    ;  67,280 ;     mV ;       ; 01:48:42
   3:16'10"05 ; DC    ;  67,280 ;     mV ;       ; 01:48:42
   3:16'10"35 ; DC    ;  67,280 ;     mV ;       ; 01:48:43
   3:16'10"63 ; DC    ;  67,270 ;     mV ;       ; 01:48:43
   3:16'10"92 ; DC    ;  67,260 ;     mV ;       ; 01:48:43
   3:16'11"19 ; DC    ;  67,280 ;     mV ;       ; 01:48:43
   3:16'11"49 ; DC    ;  67,270 ;     mV ;       ; 01:48:44
   3:16'11"78 ; DC    ;  67,280 ;     mV ;       ; 01:48:44
   3:16'12"07 ; DC    ;  67,280 ;     mV ;       ; 01:48:44
   3:16'12"40 ; DC    ;  67,270 ;     mV ;       ; 01:48:45
   3:16'12"71 ; DC    ;  67,270 ;     mV ;       ; 01:48:45
   3:16'13"01 ; DC    ;  67,300 ;     mV ;       ; 01:48:45
   3:16'13"31 ; DC    ;  67,280 ;     mV ;       ; 01:48:45
   3:16'13"63 ; DC    ;  67,300 ;     mV ;       ; 01:48:46
   3:16'13"96 ; DC    ;  67,340 ;     mV ;       ; 01:48:46
   3:16'14"35 ; DC    ;  67,310 ;     mV ;       ; 01:48:47
   3:16'14"63 ; DC    ;  67,300 ;     mV ;       ; 01:48:47
   3:16'14"95 ; DC    ;  67,290 ;     mV ;       ; 01:48:47
   3:16'15"27 ; DC    ;  67,280 ;     mV ;       ; 01:48:47
   3:16'15"57 ; DC    ;  67,290 ;     mV ;       ; 01:48:48
   3:16'15"87 ; DC    ;  67,300 ;     mV ;       ; 01:48:48
   3:16'16"17 ; DC    ;  67,310 ;     mV ;       ; 01:48:48
   3:16'16"49 ; DC    ;  67,320 ;     mV ;       ; 01:48:49
   3:16'16"77 ; DC    ;  67,310 ;     mV ;       ; 01:48:49
   3:16'17"11 ; DC    ;  67,320 ;     mV ;       ; 01:48:49
   3:16'17"40 ; DC    ;  67,340 ;     mV ;       ; 01:48:50
   3:16'17"70 ; DC    ;  67,330 ;     mV ;       ; 01:48:50
   3:16'18"00 ; DC    ;  67,330 ;     mV ;       ; 01:48:50
   3:16'18"29 ; DC    ;  67,330 ;     mV ;       ; 01:48:50
   3:16'18"60 ; DC    ;  67,340 ;     mV ;       ; 01:48:51
   3:16'18"97 ; DC    ;  67,330 ;     mV ;       ; 01:48:51
   3:16'19"29 ; DC    ;  67,330 ;     mV ;       ; 01:48:51
   3:16'19"62 ; DC    ;  67,330 ;     mV ;       ; 01:48:52
   3:16'19"93 ; DC    ;  67,330 ;     mV ;       ; 01:48:52
   3:16'20"22 ; DC    ;  67,330 ;     mV ;       ; 01:48:52
   3:16'20"52 ; DC    ;  67,330 ;     mV ;       ; 01:48:53
   3:16'20"83 ; DC    ;  67,400 ;     mV ;       ; 01:48:53
   3:16'21"13 ; DC    ;  67,390 ;     mV ;       ; 01:48:53
   3:16'21"41 ; DC    ;  67,350 ;     mV ;       ; 01:48:54
   3:16'21"73 ; DC    ;  67,340 ;     mV ;       ; 01:48:54
   3:16'22"04 ; DC    ;  67,320 ;     mV ;       ; 01:48:54
   3:16'22"32 ; DC    ;  67,330 ;     mV ;       ; 01:48:54
   3:16'22"63 ; DC    ;  67,320 ;     mV ;       ; 01:48:55
   3:16'22"93 ; DC    ;  67,320 ;     mV ;       ; 01:48:55
   3:16'23"26 ; DC    ;  67,320 ;     mV ;       ; 01:48:55
   3:16'23"55 ; DC    ;  67,320 ;     mV ;       ; 01:48:56
   3:16'23"86 ; DC    ;  67,310 ;     mV ;       ; 01:48:56
   3:16'24"15 ; DC    ;  67,330 ;     mV ;       ; 01:48:56
   3:16'24"45 ; DC    ;  67,320 ;     mV ;       ; 01:48:57
   3:16'24"81 ; DC    ;  67,310 ;     mV ;       ; 01:48:57
   3:16'25"11 ; DC    ;  67,320 ;     mV ;       ; 01:48:57
   3:16'25"41 ; DC    ;  67,310 ;     mV ;       ; 01:48:58
   3:16'25"70 ; DC    ;  67,320 ;     mV ;       ; 01:48:58
   3:16'25"98 ; DC    ;  67,320 ;     mV ;       ; 01:48:58
   3:16'26"27 ; DC    ;  67,300 ;     mV ;       ; 01:48:58
   3:16'26"56 ; DC    ;  67,300 ;     mV ;       ; 01:48:59
   3:16'26"86 ; DC    ;  67,300 ;     mV ;       ; 01:48:59
   3:16'27"15 ; DC    ;  67,310 ;     mV ;       ; 01:48:59
   3:16'27"43 ; DC    ;  67,310 ;     mV ;       ; 01:49:00
   3:16'27"71 ; DC    ;  67,300 ;     mV ;       ; 01:49:00
   3:16'27"99 ; DC    ;  67,310 ;     mV ;       ; 01:49:00
   3:16'28"27 ; DC    ;  67,310 ;     mV ;       ; 01:49:00
   3:16'28"57 ; DC    ;  67,320 ;     mV ;       ; 01:49:01
   3:16'28"89 ; DC    ;  67,330 ;     mV ;       ; 01:49:01
   3:16'29"20 ; DC    ;  67,330 ;     mV ;       ; 01:49:01
   3:16'29"51 ; DC    ;  67,300 ;     mV ;       ; 01:49:02
   3:16'29"77 ; DC    ;  67,300 ;     mV ;       ; 01:49:02
   3:16'30"09 ; DC    ;  67,300 ;     mV ;       ; 01:49:02
   3:16'30"38 ; DC    ;  67,310 ;     mV ;       ; 01:49:03
   3:16'30"68 ; DC    ;  67,320 ;     mV ;       ; 01:49:03
   3:16'30"96 ; DC    ;  67,320 ;     mV ;       ; 01:49:03
   3:16'31"28 ; DC    ;  67,310 ;     mV ;       ; 01:49:03
   3:16'31"55 ; DC    ;  67,320 ;     mV ;       ; 01:49:04
   3:16'31"86 ; DC    ;  67,320 ;     mV ;       ; 01:49:04
   3:16'32"15 ; DC    ;  67,310 ;     mV ;       ; 01:49:04
   3:16'32"45 ; DC    ;  67,310 ;     mV ;       ; 01:49:05
   3:16'32"77 ; DC    ;  67,310 ;     mV ;       ; 01:49:05
   3:16'33"07 ; DC    ;  67,310 ;     mV ;       ; 01:49:05
   3:16'33"35 ; DC    ;  67,330 ;     mV ;       ; 01:49:06
   3:16'33"64 ; DC    ;  67,330 ;     mV ;       ; 01:49:06
   3:16'33"92 ; DC    ;  67,300 ;     mV ;       ; 01:49:06
   3:16'34"21 ; DC    ;  67,300 ;     mV ;       ; 01:49:06
   3:16'34"49 ; DC    ;  67,300 ;     mV ;       ; 01:49:07
   3:16'34"77 ; DC    ;  67,290 ;     mV ;       ; 01:49:07
   3:16'35"05 ; DC    ;  67,300 ;     mV ;       ; 01:49:07
   3:16'35"35 ; DC    ;  67,300 ;     mV ;       ; 01:49:08
   3:16'35"66 ; DC    ;  67,320 ;     mV ;       ; 01:49:08
   3:16'35"96 ; DC    ;  67,320 ;     mV ;       ; 01:49:08
   3:16'36"34 ; DC    ;  67,320 ;     mV ;       ; 01:49:09
   3:16'36"70 ; DC    ;  67,330 ;     mV ;       ; 01:49:09
   3:16'36"99 ; DC    ;  67,360 ;     mV ;       ; 01:49:09
   3:16'37"31 ; DC    ;  67,330 ;     mV ;       ; 01:49:09
   3:16'37"64 ; DC    ;  67,320 ;     mV ;       ; 01:49:10
   3:16'37"94 ; DC    ;  67,330 ;     mV ;       ; 01:49:10
   3:16'38"28 ; DC    ;  67,320 ;     mV ;       ; 01:49:10
   3:16'38"65 ; DC    ;  67,330 ;     mV ;       ; 01:49:11
   3:16'38"97 ; DC    ;  67,330 ;     mV ;       ; 01:49:11
   3:16'39"27 ; DC    ;  67,310 ;     mV ;       ; 01:49:11
   3:16'39"57 ; DC    ;  67,310 ;     mV ;       ; 01:49:12
   3:16'39"88 ; DC    ;  67,310 ;     mV ;       ; 01:49:12
   3:16'40"16 ; DC    ;  67,290 ;     mV ;       ; 01:49:12
   3:16'40"46 ; DC    ;  67,300 ;     mV ;       ; 01:49:13
   3:16'40"74 ; DC    ;  67,300 ;     mV ;       ; 01:49:13
   3:16'41"07 ; DC    ;  67,310 ;     mV ;       ; 01:49:13
   3:16'41"39 ; DC    ;  67,300 ;     mV ;       ; 01:49:14
   3:16'41"71 ; DC    ;  67,300 ;     mV ;       ; 01:49:14
   3:16'42"01 ; DC    ;  67,290 ;     mV ;       ; 01:49:14
   3:16'42"31 ; DC    ;  67,300 ;     mV ;       ; 01:49:14
   3:16'42"60 ; DC    ;  67,290 ;     mV ;       ; 01:49:15
   3:16'42"91 ; DC    ;  67,300 ;     mV ;       ; 01:49:15
   3:16'43"19 ; DC    ;  67,320 ;     mV ;       ; 01:49:15
   3:16'43"48 ; DC    ;  67,340 ;     mV ;       ; 01:49:16
   3:16'43"76 ; DC    ;  67,340 ;     mV ;       ; 01:49:16
   3:16'44"05 ; DC    ;  67,340 ;     mV ;       ; 01:49:16
   3:16'44"33 ; DC    ;  67,330 ;     mV ;       ; 01:49:16
   3:16'44"63 ; DC    ;  67,330 ;     mV ;       ; 01:49:17
   3:16'44"91 ; DC    ;  67,320 ;     mV ;       ; 01:49:17
   3:16'45"26 ; DC    ;  67,300 ;     mV ;       ; 01:49:17
   3:16'45"54 ; DC    ;  67,310 ;     mV ;       ; 01:49:18
   3:16'45"84 ; DC    ;  67,320 ;     mV ;       ; 01:49:18
   3:16'46"14 ; DC    ;  67,330 ;     mV ;       ; 01:49:18
   3:16'46"44 ; DC    ;  67,330 ;     mV ;       ; 01:49:19
   3:16'46"74 ; DC    ;  67,320 ;     mV ;       ; 01:49:19
   3:16'47"04 ; DC    ;  67,310 ;     mV ;       ; 01:49:19
   3:16'47"31 ; DC    ;  67,300 ;     mV ;       ; 01:49:19
   3:16'47"61 ; DC    ;  67,300 ;     mV ;       ; 01:49:20
   3:16'47"90 ; DC    ;  67,320 ;     mV ;       ; 01:49:20
   3:16'48"21 ; DC    ;  67,300 ;     mV ;       ; 01:49:20
   3:16'48"49 ; DC    ;  67,300 ;     mV ;       ; 01:49:21
   3:16'48"76 ; DC    ;  67,300 ;     mV ;       ; 01:49:21
   3:16'49"05 ; DC    ;  67,310 ;     mV ;       ; 01:49:21
   3:16'49"33 ; DC    ;  67,310 ;     mV ;       ; 01:49:21
   3:16'49"61 ; DC    ;  67,310 ;     mV ;       ; 01:49:22
   3:16'49"88 ; DC    ;  67,310 ;     mV ;       ; 01:49:22
   3:16'50"17 ; DC    ;  67,290 ;     mV ;       ; 01:49:22
   3:16'50"44 ; DC    ;  67,290 ;     mV ;       ; 01:49:23
   3:16'50"72 ; DC    ;  67,290 ;     mV ;       ; 01:49:23
   3:16'51"01 ; DC    ;  67,290 ;     mV ;       ; 01:49:23
   3:16'51"29 ; DC    ;  67,300 ;     mV ;       ; 01:49:23
   3:16'51"58 ; DC    ;  67,290 ;     mV ;       ; 01:49:24
   3:16'51"87 ; DC    ;  67,280 ;     mV ;       ; 01:49:24
   3:16'52"17 ; DC    ;  67,280 ;     mV ;       ; 01:49:24
   3:16'52"45 ; DC    ;  67,290 ;     mV ;       ; 01:49:25
   3:16'52"73 ; DC    ;  67,300 ;     mV ;       ; 01:49:25
   3:16'53"01 ; DC    ;  67,280 ;     mV ;       ; 01:49:25
   3:16'53"30 ; DC    ;  67,300 ;     mV ;       ; 01:49:25
   3:16'53"57 ; DC    ;  67,280 ;     mV ;       ; 01:49:26
   3:16'53"83 ; DC    ;  67,300 ;     mV ;       ; 01:49:26
   3:16'54"11 ; DC    ;  67,290 ;     mV ;       ; 01:49:26
   3:16'54"39 ; DC    ;  67,290 ;     mV ;       ; 01:49:27
   3:16'54"66 ; DC    ;  67,300 ;     mV ;       ; 01:49:27
   3:16'54"94 ; DC    ;  67,290 ;     mV ;       ; 01:49:27
   3:16'55"25 ; DC    ;  67,290 ;     mV ;       ; 01:49:27
   3:16'55"52 ; DC    ;  67,300 ;     mV ;       ; 01:49:28
   3:16'55"81 ; DC    ;  67,290 ;     mV ;       ; 01:49:28
   3:16'56"09 ; DC    ;  67,300 ;     mV ;       ; 01:49:28
   3:16'56"36 ; DC    ;  67,280 ;     mV ;       ; 01:49:29
   3:16'56"63 ; DC    ;  67,280 ;     mV ;       ; 01:49:29
   3:16'56"92 ; DC    ;  67,300 ;     mV ;       ; 01:49:29
   3:16'57"21 ; DC    ;  67,280 ;     mV ;       ; 01:49:29
   3:16'57"49 ; DC    ;  67,290 ;     mV ;       ; 01:49:30
   3:16'57"79 ; DC    ;  67,300 ;     mV ;       ; 01:49:30
   3:16'58"08 ; DC    ;  67,300 ;     mV ;       ; 01:49:30
   3:16'58"40 ; DC    ;  67,300 ;     mV ;       ; 01:49:31
   3:16'58"68 ; DC    ;  67,290 ;     mV ;       ; 01:49:31
   3:16'58"96 ; DC    ;  67,290 ;     mV ;       ; 01:49:31
   3:16'59"25 ; DC    ;  67,280 ;     mV ;       ; 01:49:31
   3:16'59"56 ; DC    ;  67,280 ;     mV ;       ; 01:49:32
   3:16'59"87 ; DC    ;  67,280 ;     mV ;       ; 01:49:32
   3:17'00"17 ; DC    ;  67,280 ;     mV ;       ; 01:49:32
   3:17'00"49 ; DC    ;  67,260 ;     mV ;       ; 01:49:33
   3:17'00"88 ; DC    ;  67,260 ;     mV ;       ; 01:49:33
   3:17'01"17 ; DC    ;  67,260 ;     mV ;       ; 01:49:33
   3:17'01"47 ; DC    ;  67,270 ;     mV ;       ; 01:49:34
   3:17'01"77 ; DC    ;  67,270 ;     mV ;       ; 01:49:34
   3:17'02"09 ; DC    ;  67,270 ;     mV ;       ; 01:49:34
   3:17'02"37 ; DC    ;  67,270 ;     mV ;       ; 01:49:35
   3:17'02"67 ; DC    ;  67,290 ;     mV ;       ; 01:49:35
   3:17'02"98 ; DC    ;  67,290 ;     mV ;       ; 01:49:35
   3:17'03"26 ; DC    ;  67,290 ;     mV ;       ; 01:49:35
   3:17'03"54 ; DC    ;  67,280 ;     mV ;       ; 01:49:36
   3:17'03"82 ; DC    ;  67,280 ;     mV ;       ; 01:49:36
   3:17'04"10 ; DC    ;  67,280 ;     mV ;       ; 01:49:36
   3:17'04"37 ; DC    ;  67,280 ;     mV ;       ; 01:49:37
   3:17'04"64 ; DC    ;  67,290 ;     mV ;       ; 01:49:37
   3:17'04"92 ; DC    ;  67,290 ;     mV ;       ; 01:49:37
   3:17'05"20 ; DC    ;  67,270 ;     mV ;       ; 01:49:37
   3:17'05"48 ; DC    ;  67,290 ;     mV ;       ; 01:49:38
   3:17'05"76 ; DC    ;  67,290 ;     mV ;       ; 01:49:38
   3:17'06"09 ; DC    ;  67,250 ;     mV ;       ; 01:49:38
   3:17'06"44 ; DC    ;  67,240 ;     mV ;       ; 01:49:39
   3:17'06"75 ; DC    ;  67,250 ;     mV ;       ; 01:49:39
   3:17'07"05 ; DC    ;  67,260 ;     mV ;       ; 01:49:39
   3:17'07"40 ; DC    ;  67,270 ;     mV ;       ; 01:49:40
   3:17'07"71 ; DC    ;  67,270 ;     mV ;       ; 01:49:40
   3:17'08"02 ; DC    ;  67,270 ;     mV ;       ; 01:49:40
   3:17'08"33 ; DC    ;  67,250 ;     mV ;       ; 01:49:41
   3:17'08"67 ; DC    ;  67,250 ;     mV ;       ; 01:49:41
   3:17'08"99 ; DC    ;  67,240 ;     mV ;       ; 01:49:41
   3:17'09"31 ; DC    ;  67,250 ;     mV ;       ; 01:49:41
   3:17'09"63 ; DC    ;  67,270 ;     mV ;       ; 01:49:42
   3:17'09"95 ; DC    ;  67,260 ;     mV ;       ; 01:49:42
   3:17'10"28 ; DC    ;  67,230 ;     mV ;       ; 01:49:42
   3:17'10"58 ; DC    ;  67,230 ;     mV ;       ; 01:49:43
   3:17'10"89 ; DC    ;  67,250 ;     mV ;       ; 01:49:43
   3:17'11"21 ; DC    ;  67,260 ;     mV ;       ; 01:49:43
   3:17'11"51 ; DC    ;  67,250 ;     mV ;       ; 01:49:44
   3:17'11"80 ; DC    ;  67,230 ;     mV ;       ; 01:49:44
   3:17'12"10 ; DC    ;  67,240 ;     mV ;       ; 01:49:44
   3:17'12"40 ; DC    ;  67,230 ;     mV ;       ; 01:49:45
   3:17'12"69 ; DC    ;  67,240 ;     mV ;       ; 01:49:45
   3:17'12"99 ; DC    ;  67,240 ;     mV ;       ; 01:49:45
   3:17'13"33 ; DC    ;  67,210 ;     mV ;       ; 01:49:45
   3:17'13"64 ; DC    ;  67,220 ;     mV ;       ; 01:49:46
   3:17'13"96 ; DC    ;  67,260 ;     mV ;       ; 01:49:46
   3:17'14"27 ; DC    ;  67,240 ;     mV ;       ; 01:49:46
   3:17'14"55 ; DC    ;  67,230 ;     mV ;       ; 01:49:47
   3:17'14"87 ; DC    ;  67,220 ;     mV ;       ; 01:49:47
   3:17'15"18 ; DC    ;  67,230 ;     mV ;       ; 01:49:47
   3:17'15"49 ; DC    ;  67,210 ;     mV ;       ; 01:49:48
   3:17'15"80 ; DC    ;  67,280 ;     mV ;       ; 01:49:48
   3:17'16"10 ; DC    ;  67,240 ;     mV ;       ; 01:49:48
   3:17'16"44 ; DC    ;  67,240 ;     mV ;       ; 01:49:49
   3:17'16"74 ; DC    ;  67,200 ;     mV ;       ; 01:49:49
   3:17'17"05 ; DC    ;  67,200 ;     mV ;       ; 01:49:49
   3:17'17"37 ; DC    ;  67,170 ;     mV ;       ; 01:49:50
   3:17'17"69 ; DC    ;  67,230 ;     mV ;       ; 01:49:50
   3:17'17"99 ; DC    ;  67,190 ;     mV ;       ; 01:49:50
   3:17'18"29 ; DC    ;  67,220 ;     mV ;       ; 01:49:50
   3:17'18"61 ; DC    ;  67,200 ;     mV ;       ; 01:49:51
   3:17'18"93 ; DC    ;  67,220 ;     mV ;       ; 01:49:51
   3:17'19"24 ; DC    ;  67,230 ;     mV ;       ; 01:49:51
   3:17'19"56 ; DC    ;  67,250 ;     mV ;       ; 01:49:52
   3:17'19"90 ; DC    ;  67,250 ;     mV ;       ; 01:49:52
   3:17'20"20 ; DC    ;  67,240 ;     mV ;       ; 01:49:52
   3:17'20"52 ; DC    ;  67,210 ;     mV ;       ; 01:49:53
   3:17'20"99 ; DC    ;  67,180 ;     mV ;       ; 01:49:53
   3:17'21"32 ; DC    ;  67,250 ;     mV ;       ; 01:49:53
   3:17'21"63 ; DC    ;  67,240 ;     mV ;       ; 01:49:54
   3:17'21"94 ; DC    ;  67,200 ;     mV ;       ; 01:49:54
   3:17'22"25 ; DC    ;  67,210 ;     mV ;       ; 01:49:54
   3:17'22"57 ; DC    ;  67,220 ;     mV ;       ; 01:49:55
   3:17'22"88 ; DC    ;  67,210 ;     mV ;       ; 01:49:55
   3:17'23"16 ; DC    ;  67,210 ;     mV ;       ; 01:49:55
   3:17'23"45 ; DC    ;  67,320 ;     mV ;       ; 01:49:56
   3:17'23"77 ; DC    ;  67,320 ;     mV ;       ; 01:49:56
   3:17'24"09 ; DC    ;  67,200 ;     mV ;       ; 01:49:56
   3:17'24"40 ; DC    ;  67,210 ;     mV ;       ; 01:49:57
   3:17'24"72 ; DC    ;  67,220 ;     mV ;       ; 01:49:57
   3:17'25"01 ; DC    ;  67,210 ;     mV ;       ; 01:49:57
   3:17'25"29 ; DC    ;  67,220 ;     mV ;       ; 01:49:57
   3:17'25"58 ; DC    ;  67,210 ;     mV ;       ; 01:49:58
   3:17'25"86 ; DC    ;  67,210 ;     mV ;       ; 01:49:58
   3:17'26"15 ; DC    ;  67,220 ;     mV ;       ; 01:49:58
   3:17'26"43 ; DC    ;  67,220 ;     mV ;       ; 01:49:59
   3:17'26"75 ; DC    ;  67,180 ;     mV ;       ; 01:49:59
   3:17'27"03 ; DC    ;  67,210 ;     mV ;       ; 01:49:59
   3:17'27"35 ; DC    ;  67,210 ;     mV ;       ; 01:50:00
   3:17'27"64 ; DC    ;  67,190 ;     mV ;       ; 01:50:00
   3:17'27"91 ; DC    ;  67,170 ;     mV ;       ; 01:50:00
   3:17'28"18 ; DC    ;  67,170 ;     mV ;       ; 01:50:00
   3:17'28"45 ; DC    ;  67,170 ;     mV ;       ; 01:50:01
   3:17'28"71 ; DC    ;  67,190 ;     mV ;       ; 01:50:01
   3:17'29"01 ; DC    ;  67,190 ;     mV ;       ; 01:50:01
   3:17'29"30 ; DC    ;  67,190 ;     mV ;       ; 01:50:01
   3:17'29"58 ; DC    ;  67,170 ;     mV ;       ; 01:50:02
   3:17'29"88 ; DC    ;  67,160 ;     mV ;       ; 01:50:02
   3:17'30"15 ; DC    ;  67,160 ;     mV ;       ; 01:50:02
   3:17'30"49 ; DC    ;  67,170 ;     mV ;       ; 01:50:03
   3:17'30"77 ; DC    ;  67,140 ;     mV ;       ; 01:50:03
   3:17'31"06 ; DC    ;  67,200 ;     mV ;       ; 01:50:03
   3:17'31"34 ; DC    ;  67,210 ;     mV ;       ; 01:50:04
   3:17'31"64 ; DC    ;  67,230 ;     mV ;       ; 01:50:04
   3:17'31"94 ; DC    ;  67,230 ;     mV ;       ; 01:50:04
   3:17'32"22 ; DC    ;  67,240 ;     mV ;       ; 01:50:04
   3:17'32"51 ; DC    ;  67,260 ;     mV ;       ; 01:50:05
   3:17'32"82 ; DC    ;  67,250 ;     mV ;       ; 01:50:05
   3:17'33"12 ; DC    ;  67,290 ;     mV ;       ; 01:50:05
   3:17'33"42 ; DC    ;  67,300 ;     mV ;       ; 01:50:06
   3:17'33"71 ; DC    ;  67,320 ;     mV ;       ; 01:50:06
   3:17'34"01 ; DC    ;  67,350 ;     mV ;       ; 01:50:06
   3:17'34"29 ; DC    ;  67,330 ;     mV ;       ; 01:50:06
   3:17'34"59 ; DC    ;  67,350 ;     mV ;       ; 01:50:07
   3:17'34"91 ; DC    ;  67,340 ;     mV ;       ; 01:50:07
   3:17'35"21 ; DC    ;  67,340 ;     mV ;       ; 01:50:07
   3:17'35"56 ; DC    ;  67,360 ;     mV ;       ; 01:50:08
   3:17'35"86 ; DC    ;  67,350 ;     mV ;       ; 01:50:08
   3:17'36"15 ; DC    ;  67,310 ;     mV ;       ; 01:50:08
   3:17'36"44 ; DC    ;  67,310 ;     mV ;       ; 01:50:09
   3:17'36"71 ; DC    ;  67,330 ;     mV ;       ; 01:50:09
   3:17'36"98 ; DC    ;  67,310 ;     mV ;       ; 01:50:09
   3:17'37"24 ; DC    ;  67,280 ;     mV ;       ; 01:50:09
   3:17'37"54 ; DC    ;  67,280 ;     mV ;       ; 01:50:10
   3:17'37"83 ; DC    ;  67,280 ;     mV ;       ; 01:50:10
   3:17'38"13 ; DC    ;  67,290 ;     mV ;       ; 01:50:10
   3:17'38"40 ; DC    ;  67,310 ;     mV ;       ; 01:50:11
   3:17'38"66 ; DC    ;  67,290 ;     mV ;       ; 01:50:11
   3:17'38"93 ; DC    ;  67,270 ;     mV ;       ; 01:50:11
   3:17'39"20 ; DC    ;  67,270 ;     mV ;       ; 01:50:11
   3:17'39"48 ; DC    ;  67,320 ;     mV ;       ; 01:50:12
   3:17'39"77 ; DC    ;  67,370 ;     mV ;       ; 01:50:12
   3:17'40"04 ; DC    ;  67,360 ;     mV ;       ; 01:50:12
   3:17'40"32 ; DC    ;  67,350 ;     mV ;       ; 01:50:12
   3:17'40"62 ; DC    ;  67,310 ;     mV ;       ; 01:50:13
   3:17'40"89 ; DC    ;  67,330 ;     mV ;       ; 01:50:13
   3:17'41"16 ; DC    ;  67,340 ;     mV ;       ; 01:50:13
   3:17'41"45 ; DC    ;  67,360 ;     mV ;       ; 01:50:14
   3:17'41"75 ; DC    ;  67,330 ;     mV ;       ; 01:50:14
   3:17'42"02 ; DC    ;  67,330 ;     mV ;       ; 01:50:14
   3:17'42"29 ; DC    ;  67,340 ;     mV ;       ; 01:50:14
   3:17'42"55 ; DC    ;  67,340 ;     mV ;       ; 01:50:15
   3:17'42"82 ; DC    ;  67,350 ;     mV ;       ; 01:50:15
   3:17'43"10 ; DC    ;  67,350 ;     mV ;       ; 01:50:15
   3:17'43"37 ; DC    ;  67,340 ;     mV ;       ; 01:50:16
   3:17'43"67 ; DC    ;  67,320 ;     mV ;       ; 01:50:16
   3:17'43"94 ; DC    ;  67,330 ;     mV ;       ; 01:50:16
   3:17'44"24 ; DC    ;  67,310 ;     mV ;       ; 01:50:16
   3:17'44"52 ; DC    ;  67,280 ;     mV ;       ; 01:50:17
   3:17'44"81 ; DC    ;  67,290 ;     mV ;       ; 01:50:17
   3:17'45"13 ; DC    ;  67,300 ;     mV ;       ; 01:50:17
   3:17'45"42 ; DC    ;  67,300 ;     mV ;       ; 01:50:18
   3:17'45"70 ; DC    ;  67,280 ;     mV ;       ; 01:50:18
   3:17'45"97 ; DC    ;  67,300 ;     mV ;       ; 01:50:18
   3:17'46"27 ; DC    ;  67,280 ;     mV ;       ; 01:50:18
   3:17'46"55 ; DC    ;  67,280 ;     mV ;       ; 01:50:19
   3:17'46"93 ; DC    ;  67,270 ;     mV ;       ; 01:50:19
   3:17'47"22 ; DC    ;  67,260 ;     mV ;       ; 01:50:19
   3:17'47"50 ; DC    ;  67,290 ;     mV ;       ; 01:50:20
   3:17'47"79 ; DC    ;  67,290 ;     mV ;       ; 01:50:20
   3:17'48"09 ; DC    ;  67,280 ;     mV ;       ; 01:50:20
   3:17'48"42 ; DC    ;  67,260 ;     mV ;       ; 01:50:21
   3:17'48"69 ; DC    ;  67,250 ;     mV ;       ; 01:50:21
   3:17'48"99 ; DC    ;  67,250 ;     mV ;       ; 01:50:21
   3:17'49"27 ; DC    ;  67,240 ;     mV ;       ; 01:50:21
   3:17'49"57 ; DC    ;  67,240 ;     mV ;       ; 01:50:22
   3:17'49"88 ; DC    ;  67,240 ;     mV ;       ; 01:50:22
   3:17'50"20 ; DC    ;  67,270 ;     mV ;       ; 01:50:22
   3:17'50"52 ; DC    ;  67,280 ;     mV ;       ; 01:50:23
   3:17'50"81 ; DC    ;  67,240 ;     mV ;       ; 01:50:23
   3:17'51"11 ; DC    ;  67,230 ;     mV ;       ; 01:50:23
   3:17'51"42 ; DC    ;  67,220 ;     mV ;       ; 01:50:24
   3:17'51"70 ; DC    ;  67,280 ;     mV ;       ; 01:50:24
   3:17'51"99 ; DC    ;  67,290 ;     mV ;       ; 01:50:24
   3:17'52"26 ; DC    ;  67,320 ;     mV ;       ; 01:50:24
   3:17'52"57 ; DC    ;  67,310 ;     mV ;       ; 01:50:25
   3:17'52"85 ; DC    ;  67,310 ;     mV ;       ; 01:50:25
   3:17'53"13 ; DC    ;  67,310 ;     mV ;       ; 01:50:25
   3:17'53"41 ; DC    ;  67,320 ;     mV ;       ; 01:50:26
   3:17'53"69 ; DC    ;  67,330 ;     mV ;       ; 01:50:26
   3:17'53"96 ; DC    ;  67,330 ;     mV ;       ; 01:50:26
   3:17'54"23 ; DC    ;  67,350 ;     mV ;       ; 01:50:26
   3:17'54"53 ; DC    ;  67,350 ;     mV ;       ; 01:50:27
   3:17'54"82 ; DC    ;  67,360 ;     mV ;       ; 01:50:27
   3:17'55"12 ; DC    ;  67,340 ;     mV ;       ; 01:50:27
   3:17'55"40 ; DC    ;  67,320 ;     mV ;       ; 01:50:28
   3:17'55"68 ; DC    ;  67,310 ;     mV ;       ; 01:50:28
   3:17'55"97 ; DC    ;  67,270 ;     mV ;       ; 01:50:28
   3:17'56"25 ; DC    ;  67,240 ;     mV ;       ; 01:50:28
   3:17'56"53 ; DC    ;  67,250 ;     mV ;       ; 01:50:29
   3:17'56"83 ; DC    ;  67,250 ;     mV ;       ; 01:50:29
   3:17'57"13 ; DC    ;  67,330 ;     mV ;       ; 01:50:29
   3:17'57"41 ; DC    ;  67,330 ;     mV ;       ; 01:50:30
   3:17'57"71 ; DC    ;  67,310 ;     mV ;       ; 01:50:30
   3:17'57"98 ; DC    ;  67,320 ;     mV ;       ; 01:50:30
   3:17'58"27 ; DC    ;  67,320 ;     mV ;       ; 01:50:30
   3:17'58"54 ; DC    ;  67,290 ;     mV ;       ; 01:50:31
   3:17'58"82 ; DC    ;  67,260 ;     mV ;       ; 01:50:31
   3:17'59"10 ; DC    ;  67,260 ;     mV ;       ; 01:50:31
   3:17'59"38 ; DC    ;  67,300 ;     mV ;       ; 01:50:32
   3:17'59"66 ; DC    ;  67,280 ;     mV ;       ; 01:50:32
   3:17'59"93 ; DC    ;  67,280 ;     mV ;       ; 01:50:32
   3:18'00"22 ; DC    ;  67,270 ;     mV ;       ; 01:50:32
   3:18'00"53 ; DC    ;  67,280 ;     mV ;       ; 01:50:33
   3:18'00"82 ; DC    ;  67,270 ;     mV ;       ; 01:50:33
   3:18'01"13 ; DC    ;  67,260 ;     mV ;       ; 01:50:33
   3:18'01"43 ; DC    ;  67,230 ;     mV ;       ; 01:50:34
   3:18'01"74 ; DC    ;  67,250 ;     mV ;       ; 01:50:34
   3:18'02"05 ; DC    ;  67,250 ;     mV ;       ; 01:50:34
   3:18'02"33 ; DC    ;  67,280 ;     mV ;       ; 01:50:34
   3:18'02"59 ; DC    ;  67,280 ;     mV ;       ; 01:50:35
   3:18'02"85 ; DC    ;  67,300 ;     mV ;       ; 01:50:35
   3:18'03"17 ; DC    ;  67,280 ;     mV ;       ; 01:50:35
   3:18'03"48 ; DC    ;  67,280 ;     mV ;       ; 01:50:36
   3:18'03"80 ; DC    ;  67,310 ;     mV ;       ; 01:50:36
   3:18'04"10 ; DC    ;  67,280 ;     mV ;       ; 01:50:36
   3:18'04"41 ; DC    ;  67,250 ;     mV ;       ; 01:50:37
   3:18'04"68 ; DC    ;  67,250 ;     mV ;       ; 01:50:37
   3:18'04"94 ; DC    ;  67,240 ;     mV ;       ; 01:50:37
   3:18'05"23 ; DC    ;  67,260 ;     mV ;       ; 01:50:37
   3:18'05"50 ; DC    ;  67,300 ;     mV ;       ; 01:50:38
   3:18'05"79 ; DC    ;  67,280 ;     mV ;       ; 01:50:38
   3:18'06"07 ; DC    ;  67,270 ;     mV ;       ; 01:50:38
   3:18'06"35 ; DC    ;  67,270 ;     mV ;       ; 01:50:39
   3:18'06"62 ; DC    ;  67,270 ;     mV ;       ; 01:50:39
   3:18'06"91 ; DC    ;  67,270 ;     mV ;       ; 01:50:39
   3:18'07"19 ; DC    ;  67,270 ;     mV ;       ; 01:50:39
   3:18'07"46 ; DC    ;  67,260 ;     mV ;       ; 01:50:40
   3:18'07"75 ; DC    ;  67,310 ;     mV ;       ; 01:50:40
   3:18'08"04 ; DC    ;  67,330 ;     mV ;       ; 01:50:40
   3:18'08"32 ; DC    ;  67,350 ;     mV ;       ; 01:50:40
   3:18'08"61 ; DC    ;  67,350 ;     mV ;       ; 01:50:41
   3:18'08"90 ; DC    ;  67,340 ;     mV ;       ; 01:50:41
   3:18'09"19 ; DC    ;  67,340 ;     mV ;       ; 01:50:41
   3:18'09"48 ; DC    ;  67,340 ;     mV ;       ; 01:50:42
   3:18'09"75 ; DC    ;  67,340 ;     mV ;       ; 01:50:42
   3:18'10"03 ; DC    ;  67,340 ;     mV ;       ; 01:50:42
   3:18'10"33 ; DC    ;  67,330 ;     mV ;       ; 01:50:42
   3:18'10"62 ; DC    ;  67,330 ;     mV ;       ; 01:50:43
   3:18'10"89 ; DC    ;  67,350 ;     mV ;       ; 01:50:43
   3:18'11"17 ; DC    ;  67,340 ;     mV ;       ; 01:50:43
   3:18'11"44 ; DC    ;  67,360 ;     mV ;       ; 01:50:44
   3:18'11"71 ; DC    ;  67,360 ;     mV ;       ; 01:50:44
   3:18'11"99 ; DC    ;  67,360 ;     mV ;       ; 01:50:44
   3:18'12"27 ; DC    ;  67,350 ;     mV ;       ; 01:50:44
   3:18'12"54 ; DC    ;  67,330 ;     mV ;       ; 01:50:45
   3:18'12"80 ; DC    ;  67,340 ;     mV ;       ; 01:50:45
   3:18'13"08 ; DC    ;  67,340 ;     mV ;       ; 01:50:45
   3:18'13"38 ; DC    ;  67,330 ;     mV ;       ; 01:50:46
   3:18'13"65 ; DC    ;  67,340 ;     mV ;       ; 01:50:46
   3:18'13"92 ; DC    ;  67,330 ;     mV ;       ; 01:50:46
   3:18'14"20 ; DC    ;  67,340 ;     mV ;       ; 01:50:46
   3:18'14"52 ; DC    ;  67,340 ;     mV ;       ; 01:50:47
   3:18'14"79 ; DC    ;  67,320 ;     mV ;       ; 01:50:47
   3:18'15"07 ; DC    ;  67,320 ;     mV ;       ; 01:50:47
   3:18'15"35 ; DC    ;  67,320 ;     mV ;       ; 01:50:48
   3:18'15"66 ; DC    ;  67,300 ;     mV ;       ; 01:50:48
   3:18'15"95 ; DC    ;  67,290 ;     mV ;       ; 01:50:48
   3:18'16"23 ; DC    ;  67,290 ;     mV ;       ; 01:50:48
   3:18'16"54 ; DC    ;  67,300 ;     mV ;       ; 01:50:49
   3:18'16"85 ; DC    ;  67,300 ;     mV ;       ; 01:50:49
   3:18'17"13 ; DC    ;  67,280 ;     mV ;       ; 01:50:49
   3:18'17"41 ; DC    ;  67,260 ;     mV ;       ; 01:50:50
   3:18'17"70 ; DC    ;  67,260 ;     mV ;       ; 01:50:50
   3:18'17"98 ; DC    ;  67,260 ;     mV ;       ; 01:50:50
   3:18'18"26 ; DC    ;  67,240 ;     mV ;       ; 01:50:50
   3:18'18"54 ; DC    ;  67,230 ;     mV ;       ; 01:50:51
   3:18'18"81 ; DC    ;  67,260 ;     mV ;       ; 01:50:51
   3:18'19"10 ; DC    ;  67,220 ;     mV ;       ; 01:50:51
   3:18'19"38 ; DC    ;  67,220 ;     mV ;       ; 01:50:52
   3:18'19"64 ; DC    ;  67,230 ;     mV ;       ; 01:50:52
   3:18'19"92 ; DC    ;  67,230 ;     mV ;       ; 01:50:52
   3:18'20"20 ; DC    ;  67,190 ;     mV ;       ; 01:50:52
   3:18'20"49 ; DC    ;  67,230 ;     mV ;       ; 01:50:53
   3:18'20"77 ; DC    ;  67,260 ;     mV ;       ; 01:50:53
   3:18'21"05 ; DC    ;  67,240 ;     mV ;       ; 01:50:53
   3:18'21"32 ; DC    ;  67,240 ;     mV ;       ; 01:50:53
   3:18'21"60 ; DC    ;  67,220 ;     mV ;       ; 01:50:54
   3:18'21"88 ; DC    ;  67,220 ;     mV ;       ; 01:50:54
   3:18'22"22 ; DC    ;  67,210 ;     mV ;       ; 01:50:54
   3:18'22"49 ; DC    ;  67,220 ;     mV ;       ; 01:50:55
   3:18'22"80 ; DC    ;  67,230 ;     mV ;       ; 01:50:55
   3:18'23"09 ; DC    ;  67,240 ;     mV ;       ; 01:50:55
   3:18'23"37 ; DC    ;  67,230 ;     mV ;       ; 01:50:56
   3:18'23"65 ; DC    ;  67,220 ;     mV ;       ; 01:50:56
   3:18'23"93 ; DC    ;  67,230 ;     mV ;       ; 01:50:56
   3:18'24"21 ; DC    ;  67,260 ;     mV ;       ; 01:50:56
   3:18'24"52 ; DC    ;  67,280 ;     mV ;       ; 01:50:57
   3:18'24"79 ; DC    ;  67,240 ;     mV ;       ; 01:50:57
   3:18'25"07 ; DC    ;  67,220 ;     mV ;       ; 01:50:57
   3:18'25"37 ; DC    ;  67,210 ;     mV ;       ; 01:50:58
   3:18'25"67 ; DC    ;  67,190 ;     mV ;       ; 01:50:58
   3:18'26"06 ; DC    ;  67,250 ;     mV ;       ; 01:50:58
   3:18'26"44 ; DC    ;  67,250 ;     mV ;       ; 01:50:59
   3:18'26"76 ; DC    ;  67,230 ;     mV ;       ; 01:50:59
   3:18'27"06 ; DC    ;  67,230 ;     mV ;       ; 01:50:59
   3:18'27"38 ; DC    ;  67,180 ;     mV ;       ; 01:51:00
   3:18'27"72 ; DC    ;  67,160 ;     mV ;       ; 01:51:00
   3:18'28"01 ; DC    ;  67,170 ;     mV ;       ; 01:51:00
   3:18'28"30 ; DC    ;  67,180 ;     mV ;       ; 01:51:00
   3:18'28"57 ; DC    ;  67,180 ;     mV ;       ; 01:51:01
   3:18'28"85 ; DC    ;  67,160 ;     mV ;       ; 01:51:01
   3:18'29"13 ; DC    ;  67,160 ;     mV ;       ; 01:51:01
   3:18'29"41 ; DC    ;  67,140 ;     mV ;       ; 01:51:02
   3:18'29"68 ; DC    ;  67,160 ;     mV ;       ; 01:51:02
   3:18'29"95 ; DC    ;  67,150 ;     mV ;       ; 01:51:02
   3:18'30"24 ; DC    ;  67,150 ;     mV ;       ; 01:51:02
   3:18'30"52 ; DC    ;  67,150 ;     mV ;       ; 01:51:03
   3:18'30"80 ; DC    ;  67,130 ;     mV ;       ; 01:51:03
   3:18'31"10 ; DC    ;  67,130 ;     mV ;       ; 01:51:03
   3:18'31"39 ; DC    ;  67,140 ;     mV ;       ; 01:51:04
   3:18'31"67 ; DC    ;  67,110 ;     mV ;       ; 01:51:04
   3:18'31"96 ; DC    ;  67,150 ;     mV ;       ; 01:51:04
   3:18'32"24 ; DC    ;  67,140 ;     mV ;       ; 01:51:04
   3:18'32"52 ; DC    ;  67,130 ;     mV ;       ; 01:51:05
   3:18'32"82 ; DC    ;  67,140 ;     mV ;       ; 01:51:05
   3:18'33"12 ; DC    ;  67,140 ;     mV ;       ; 01:51:05
   3:18'33"40 ; DC    ;  67,120 ;     mV ;       ; 01:51:06
   3:18'33"68 ; DC    ;  67,100 ;     mV ;       ; 01:51:06
   3:18'33"95 ; DC    ;  67,110 ;     mV ;       ; 01:51:06
   3:18'34"24 ; DC    ;  67,110 ;     mV ;       ; 01:51:06
   3:18'34"51 ; DC    ;  67,120 ;     mV ;       ; 01:51:07
   3:18'34"82 ; DC    ;  67,120 ;     mV ;       ; 01:51:07
   3:18'35"10 ; DC    ;  67,140 ;     mV ;       ; 01:51:07
   3:18'35"38 ; DC    ;  67,120 ;     mV ;       ; 01:51:08
   3:18'35"66 ; DC    ;  67,110 ;     mV ;       ; 01:51:08
   3:18'36"01 ; DC    ;  67,120 ;     mV ;       ; 01:51:08
   3:18'36"31 ; DC    ;  67,130 ;     mV ;       ; 01:51:08
   3:18'36"60 ; DC    ;  67,130 ;     mV ;       ; 01:51:09
   3:18'36"88 ; DC    ;  67,130 ;     mV ;       ; 01:51:09
   3:18'37"18 ; DC    ;  67,130 ;     mV ;       ; 01:51:09
   3:18'37"50 ; DC    ;  67,160 ;     mV ;       ; 01:51:10
   3:18'37"78 ; DC    ;  67,140 ;     mV ;       ; 01:51:10
   3:18'38"06 ; DC    ;  67,130 ;     mV ;       ; 01:51:10
   3:18'38"34 ; DC    ;  67,100 ;     mV ;       ; 01:51:11
   3:18'38"61 ; DC    ;  67,120 ;     mV ;       ; 01:51:11
   3:18'38"90 ; DC    ;  67,130 ;     mV ;       ; 01:51:11
   3:18'39"24 ; DC    ;  67,090 ;     mV ;       ; 01:51:11
   3:18'39"58 ; DC    ;  67,050 ;     mV ;       ; 01:51:12
   3:18'39"88 ; DC    ;  67,080 ;     mV ;       ; 01:51:12
   3:18'40"16 ; DC    ;  67,090 ;     mV ;       ; 01:51:12
   3:18'40"54 ; DC    ;  67,040 ;     mV ;       ; 01:51:13
   3:18'40"85 ; DC    ;  67,080 ;     mV ;       ; 01:51:13
   3:18'41"16 ; DC    ;  67,040 ;     mV ;       ; 01:51:13
   3:18'41"43 ; DC    ;  67,050 ;     mV ;       ; 01:51:14
   3:18'41"72 ; DC    ;  67,050 ;     mV ;       ; 01:51:14
   3:18'41"99 ; DC    ;  67,060 ;     mV ;       ; 01:51:14
   3:18'42"28 ; DC    ;  67,050 ;     mV ;       ; 01:51:14
   3:18'42"57 ; DC    ;  67,070 ;     mV ;       ; 01:51:15
   3:18'42"86 ; DC    ;  67,090 ;     mV ;       ; 01:51:15
   3:18'43"16 ; DC    ;  67,090 ;     mV ;       ; 01:51:15
   3:18'43"45 ; DC    ;  67,070 ;     mV ;       ; 01:51:16
   3:18'43"77 ; DC    ;  67,080 ;     mV ;       ; 01:51:16
   3:18'44"05 ; DC    ;  67,090 ;     mV ;       ; 01:51:16
   3:18'44"34 ; DC    ;  67,080 ;     mV ;       ; 01:51:17
   3:18'44"62 ; DC    ;  67,070 ;     mV ;       ; 01:51:17
   3:18'44"91 ; DC    ;  67,070 ;     mV ;       ; 01:51:17
   3:18'45"20 ; DC    ;  67,060 ;     mV ;       ; 01:51:17
   3:18'45"50 ; DC    ;  67,040 ;     mV ;       ; 01:51:18
   3:18'45"79 ; DC    ;  67,020 ;     mV ;       ; 01:51:18
   3:18'46"07 ; DC    ;  67,020 ;     mV ;       ; 01:51:18
   3:18'46"36 ; DC    ;  67,030 ;     mV ;       ; 01:51:19
   3:18'46"66 ; DC    ;  67,050 ;     mV ;       ; 01:51:19
   3:18'46"93 ; DC    ;  67,030 ;     mV ;       ; 01:51:19
   3:18'47"22 ; DC    ;  67,000 ;     mV ;       ; 01:51:19
   3:18'47"56 ; DC    ;  67,000 ;     mV ;       ; 01:51:20
   3:18'47"85 ; DC    ;  66,990 ;     mV ;       ; 01:51:20
   3:18'48"12 ; DC    ;  67,000 ;     mV ;       ; 01:51:20
   3:18'48"40 ; DC    ;  67,040 ;     mV ;       ; 01:51:21
   3:18'48"68 ; DC    ;  67,060 ;     mV ;       ; 01:51:21
   3:18'48"95 ; DC    ;  67,050 ;     mV ;       ; 01:51:21
   3:18'49"23 ; DC    ;  67,020 ;     mV ;       ; 01:51:21
   3:18'49"52 ; DC    ;  67,020 ;     mV ;       ; 01:51:22
   3:18'49"81 ; DC    ;  67,060 ;     mV ;       ; 01:51:22
   3:18'50"10 ; DC    ;  67,060 ;     mV ;       ; 01:51:22
   3:18'50"37 ; DC    ;  67,050 ;     mV ;       ; 01:51:23
   3:18'50"64 ; DC    ;  67,060 ;     mV ;       ; 01:51:23
   3:18'50"92 ; DC    ;  67,050 ;     mV ;       ; 01:51:23
   3:18'51"21 ; DC    ;  67,030 ;     mV ;       ; 01:51:23
   3:18'51"52 ; DC    ;  67,020 ;     mV ;       ; 01:51:24
   3:18'51"80 ; DC    ;  67,020 ;     mV ;       ; 01:51:24
   3:18'52"07 ; DC    ;  67,030 ;     mV ;       ; 01:51:24
   3:18'52"34 ; DC    ;  67,010 ;     mV ;       ; 01:51:25
   3:18'52"62 ; DC    ;  67,070 ;     mV ;       ; 01:51:25
   3:18'52"91 ; DC    ;  67,040 ;     mV ;       ; 01:51:25
   3:18'53"19 ; DC    ;  67,040 ;     mV ;       ; 01:51:25
   3:18'53"50 ; DC    ;  67,040 ;     mV ;       ; 01:51:26
   3:18'53"81 ; DC    ;  67,020 ;     mV ;       ; 01:51:26
   3:18'54"13 ; DC    ;  67,030 ;     mV ;       ; 01:51:26
   3:18'54"42 ; DC    ;  67,030 ;     mV ;       ; 01:51:27
   3:18'54"71 ; DC    ;  67,030 ;     mV ;       ; 01:51:27
   3:18'54"99 ; DC    ;  67,010 ;     mV ;       ; 01:51:27
   3:18'55"27 ; DC    ;  67,000 ;     mV ;       ; 01:51:27
   3:18'55"57 ; DC    ;  67,000 ;     mV ;       ; 01:51:28
   3:18'55"85 ; DC    ;  66,990 ;     mV ;       ; 01:51:28
   3:18'56"18 ; DC    ;  66,990 ;     mV ;       ; 01:51:28
   3:18'56"46 ; DC    ;  66,980 ;     mV ;       ; 01:51:29
   3:18'56"73 ; DC    ;  67,020 ;     mV ;       ; 01:51:29
   3:18'57"01 ; DC    ;  67,020 ;     mV ;       ; 01:51:29
   3:18'57"29 ; DC    ;  67,010 ;     mV ;       ; 01:51:29
   3:18'57"57 ; DC    ;  67,020 ;     mV ;       ; 01:51:30
   3:18'57"89 ; DC    ;  67,000 ;     mV ;       ; 01:51:30
   3:18'58"20 ; DC    ;  67,000 ;     mV ;       ; 01:51:30
   3:18'58"48 ; DC    ;  67,000 ;     mV ;       ; 01:51:31
   3:18'58"77 ; DC    ;  67,010 ;     mV ;       ; 01:51:31
   3:18'59"06 ; DC    ;  67,010 ;     mV ;       ; 01:51:31
   3:18'59"37 ; DC    ;  67,010 ;     mV ;       ; 01:51:32
   3:18'59"64 ; DC    ;  67,000 ;     mV ;       ; 01:51:32
   3:18'59"93 ; DC    ;  67,020 ;     mV ;       ; 01:51:32
   3:19'00"21 ; DC    ;  67,010 ;     mV ;       ; 01:51:32
   3:19'00"50 ; DC    ;  67,020 ;     mV ;       ; 01:51:33
   3:19'00"80 ; DC    ;  67,020 ;     mV ;       ; 01:51:33
   3:19'01"08 ; DC    ;  67,030 ;     mV ;       ; 01:51:33
   3:19'01"38 ; DC    ;  67,000 ;     mV ;       ; 01:51:34
   3:19'01"66 ; DC    ;  67,010 ;     mV ;       ; 01:51:34
   3:19'01"94 ; DC    ;  67,010 ;     mV ;       ; 01:51:34
   3:19'02"24 ; DC    ;  67,010 ;     mV ;       ; 01:51:34
   3:19'02"54 ; DC    ;  66,990 ;     mV ;       ; 01:51:35
   3:19'02"87 ; DC    ;  67,000 ;     mV ;       ; 01:51:35
   3:19'03"15 ; DC    ;  66,990 ;     mV ;       ; 01:51:35
   3:19'03"47 ; DC    ;  66,960 ;     mV ;       ; 01:51:36
   3:19'03"77 ; DC    ;  66,990 ;     mV ;       ; 01:51:36
   3:19'04"08 ; DC    ;  66,990 ;     mV ;       ; 01:51:36
   3:19'04"37 ; DC    ;  67,000 ;     mV ;       ; 01:51:37
   3:19'04"68 ; DC    ;  67,050 ;     mV ;       ; 01:51:37
   3:19'04"99 ; DC    ;  67,050 ;     mV ;       ; 01:51:37
   3:19'05"27 ; DC    ;  67,040 ;     mV ;       ; 01:51:37
   3:19'05"54 ; DC    ;  66,990 ;     mV ;       ; 01:51:38
   3:19'05"82 ; DC    ;  67,000 ;     mV ;       ; 01:51:38
   3:19'06"09 ; DC    ;  66,990 ;     mV ;       ; 01:51:38
   3:19'06"37 ; DC    ;  66,990 ;     mV ;       ; 01:51:39
   3:19'06"64 ; DC    ;  66,990 ;     mV ;       ; 01:51:39
   3:19'06"93 ; DC    ;  66,990 ;     mV ;       ; 01:51:39
   3:19'07"21 ; DC    ;  66,960 ;     mV ;       ; 01:51:39
   3:19'07"50 ; DC    ;  66,960 ;     mV ;       ; 01:51:40
   3:19'07"78 ; DC    ;  66,980 ;     mV ;       ; 01:51:40
   3:19'08"06 ; DC    ;  66,900 ;     mV ;       ; 01:51:40
   3:19'08"34 ; DC    ;  66,940 ;     mV ;       ; 01:51:41
   3:19'08"62 ; DC    ;  66,940 ;     mV ;       ; 01:51:41
   3:19'08"90 ; DC    ;  66,950 ;     mV ;       ; 01:51:41
   3:19'09"18 ; DC    ;  66,920 ;     mV ;       ; 01:51:41
   3:19'09"46 ; DC    ;  66,940 ;     mV ;       ; 01:51:42
   3:19'09"74 ; DC    ;  66,970 ;     mV ;       ; 01:51:42
   3:19'10"03 ; DC    ;  67,020 ;     mV ;       ; 01:51:42
   3:19'10"30 ; DC    ;  67,030 ;     mV ;       ; 01:51:42
   3:19'10"59 ; DC    ;  67,020 ;     mV ;       ; 01:51:43
   3:19'10"87 ; DC    ;  67,030 ;     mV ;       ; 01:51:43
   3:19'11"15 ; DC    ;  67,040 ;     mV ;       ; 01:51:43
   3:19'11"43 ; DC    ;  67,040 ;     mV ;       ; 01:51:44
   3:19'11"71 ; DC    ;  67,020 ;     mV ;       ; 01:51:44
   3:19'11"98 ; DC    ;  67,020 ;     mV ;       ; 01:51:44
   3:19'12"27 ; DC    ;  67,020 ;     mV ;       ; 01:51:44
   3:19'12"58 ; DC    ;  66,990 ;     mV ;       ; 01:51:45
   3:19'12"89 ; DC    ;  66,970 ;     mV ;       ; 01:51:45
   3:19'13"17 ; DC    ;  66,960 ;     mV ;       ; 01:51:45
   3:19'13"45 ; DC    ;  66,940 ;     mV ;       ; 01:51:46
   3:19'13"73 ; DC    ;  66,980 ;     mV ;       ; 01:51:46
   3:19'14"01 ; DC    ;  66,940 ;     mV ;       ; 01:51:46
   3:19'14"29 ; DC    ;  66,940 ;     mV ;       ; 01:51:46
   3:19'14"60 ; DC    ;  66,950 ;     mV ;       ; 01:51:47
   3:19'14"88 ; DC    ;  66,980 ;     mV ;       ; 01:51:47
   3:19'15"15 ; DC    ;  66,990 ;     mV ;       ; 01:51:47
   3:19'15"47 ; DC    ;  66,920 ;     mV ;       ; 01:51:48
   3:19'15"82 ; DC    ;  66,930 ;     mV ;       ; 01:51:48
   3:19'16"14 ; DC    ;  66,930 ;     mV ;       ; 01:51:48
   3:19'16"47 ; DC    ;  66,910 ;     mV ;       ; 01:51:49
   3:19'16"79 ; DC    ;  66,920 ;     mV ;       ; 01:51:49
   3:19'17"11 ; DC    ;  66,920 ;     mV ;       ; 01:51:49
   3:19'17"42 ; DC    ;  66,910 ;     mV ;       ; 01:51:50
   3:19'17"69 ; DC    ;  66,920 ;     mV ;       ; 01:51:50
   3:19'18"01 ; DC    ;  66,910 ;     mV ;       ; 01:51:50
   3:19'18"33 ; DC    ;  66,880 ;     mV ;       ; 01:51:50
   3:19'18"60 ; DC    ;  66,920 ;     mV ;       ; 01:51:51
   3:19'18"92 ; DC    ;  66,880 ;     mV ;       ; 01:51:51
   3:19'19"22 ; DC    ;  66,910 ;     mV ;       ; 01:51:51
   3:19'19"52 ; DC    ;  66,910 ;     mV ;       ; 01:51:52
   3:19'19"81 ; DC    ;  66,940 ;     mV ;       ; 01:51:52
   3:19'20"08 ; DC    ;  66,940 ;     mV ;       ; 01:51:52
   3:19'20"37 ; DC    ;  66,930 ;     mV ;       ; 01:51:53
   3:19'20"69 ; DC    ;  66,910 ;     mV ;       ; 01:51:53
   3:19'20"97 ; DC    ;  66,880 ;     mV ;       ; 01:51:53
   3:19'21"25 ; DC    ;  66,880 ;     mV ;       ; 01:51:53
   3:19'21"56 ; DC    ;  66,880 ;     mV ;       ; 01:51:54
   3:19'21"87 ; DC    ;  66,880 ;     mV ;       ; 01:51:54
   3:19'22"17 ; DC    ;  66,920 ;     mV ;       ; 01:51:54
   3:19'22"47 ; DC    ;  66,950 ;     mV ;       ; 01:51:55
   3:19'22"78 ; DC    ;  66,920 ;     mV ;       ; 01:51:55
   3:19'23"08 ; DC    ;  66,980 ;     mV ;       ; 01:51:55
   3:19'23"36 ; DC    ;  66,970 ;     mV ;       ; 01:51:56
   3:19'23"65 ; DC    ;  66,970 ;     mV ;       ; 01:51:56
   3:19'23"91 ; DC    ;  66,980 ;     mV ;       ; 01:51:56
   3:19'24"22 ; DC    ;  66,980 ;     mV ;       ; 01:51:56
   3:19'24"53 ; DC    ;  66,980 ;     mV ;       ; 01:51:57
   3:19'24"82 ; DC    ;  66,970 ;     mV ;       ; 01:51:57
   3:19'25"11 ; DC    ;  67,000 ;     mV ;       ; 01:51:57
   3:19'25"42 ; DC    ;  67,000 ;     mV ;       ; 01:51:58
   3:19'25"70 ; DC    ;  67,000 ;     mV ;       ; 01:51:58
   3:19'25"98 ; DC    ;  67,000 ;     mV ;       ; 01:51:58
   3:19'26"28 ; DC    ;  66,960 ;     mV ;       ; 01:51:58
   3:19'26"55 ; DC    ;  66,940 ;     mV ;       ; 01:51:59
   3:19'26"84 ; DC    ;  66,940 ;     mV ;       ; 01:51:59
   3:19'27"13 ; DC    ;  66,970 ;     mV ;       ; 01:51:59
   3:19'27"39 ; DC    ;  66,930 ;     mV ;       ; 01:52:00
   3:19'27"69 ; DC    ;  66,940 ;     mV ;       ; 01:52:00
   3:19'27"99 ; DC    ;  66,920 ;     mV ;       ; 01:52:00
   3:19'28"26 ; DC    ;  66,910 ;     mV ;       ; 01:52:00
   3:19'28"54 ; DC    ;  66,920 ;     mV ;       ; 01:52:01
   3:19'28"82 ; DC    ;  66,920 ;     mV ;       ; 01:52:01
   3:19'29"09 ; DC    ;  66,920 ;     mV ;       ; 01:52:01
   3:19'29"36 ; DC    ;  66,950 ;     mV ;       ; 01:52:02
   3:19'29"67 ; DC    ;  66,930 ;     mV ;       ; 01:52:02
   3:19'29"97 ; DC    ;  66,940 ;     mV ;       ; 01:52:02
   3:19'30"28 ; DC    ;  66,930 ;     mV ;       ; 01:52:02
   3:19'30"59 ; DC    ;  66,950 ;     mV ;       ; 01:52:03
   3:19'30"89 ; DC    ;  66,960 ;     mV ;       ; 01:52:03
   3:19'31"20 ; DC    ;  66,950 ;     mV ;       ; 01:52:03
   3:19'31"49 ; DC    ;  66,950 ;     mV ;       ; 01:52:04
   3:19'31"79 ; DC    ;  66,950 ;     mV ;       ; 01:52:04
   3:19'32"09 ; DC    ;  66,920 ;     mV ;       ; 01:52:04
   3:19'32"37 ; DC    ;  66,910 ;     mV ;       ; 01:52:05
   3:19'32"65 ; DC    ;  66,920 ;     mV ;       ; 01:52:05
   3:19'32"93 ; DC    ;  66,930 ;     mV ;       ; 01:52:05
   3:19'33"22 ; DC    ;  66,930 ;     mV ;       ; 01:52:05
   3:19'33"52 ; DC    ;  66,940 ;     mV ;       ; 01:52:06
   3:19'33"80 ; DC    ;  66,930 ;     mV ;       ; 01:52:06
   3:19'34"09 ; DC    ;  66,950 ;     mV ;       ; 01:52:06
   3:19'34"38 ; DC    ;  66,930 ;     mV ;       ; 01:52:07
   3:19'34"66 ; DC    ;  66,930 ;     mV ;       ; 01:52:07
   3:19'34"94 ; DC    ;  66,950 ;     mV ;       ; 01:52:07
   3:19'35"22 ; DC    ;  66,930 ;     mV ;       ; 01:52:07
   3:19'35"50 ; DC    ;  66,950 ;     mV ;       ; 01:52:08
   3:19'35"78 ; DC    ;  66,940 ;     mV ;       ; 01:52:08
   3:19'36"05 ; DC    ;  66,940 ;     mV ;       ; 01:52:08
   3:19'36"33 ; DC    ;  66,930 ;     mV ;       ; 01:52:08
   3:19'36"61 ; DC    ;  66,930 ;     mV ;       ; 01:52:09
   3:19'36"89 ; DC    ;  66,930 ;     mV ;       ; 01:52:09
   3:19'37"16 ; DC    ;  66,940 ;     mV ;       ; 01:52:09
   3:19'37"47 ; DC    ;  66,930 ;     mV ;       ; 01:52:10
   3:19'37"76 ; DC    ;  66,920 ;     mV ;       ; 01:52:10
   3:19'38"06 ; DC    ;  66,900 ;     mV ;       ; 01:52:10
   3:19'38"39 ; DC    ;  66,920 ;     mV ;       ; 01:52:11
   3:19'38"67 ; DC    ;  66,920 ;     mV ;       ; 01:52:11
   3:19'38"95 ; DC    ;  66,930 ;     mV ;       ; 01:52:11
   3:19'39"24 ; DC    ;  66,940 ;     mV ;       ; 01:52:11
   3:19'39"56 ; DC    ;  66,940 ;     mV ;       ; 01:52:12
   3:19'39"84 ; DC    ;  66,950 ;     mV ;       ; 01:52:12
   3:19'40"12 ; DC    ;  66,940 ;     mV ;       ; 01:52:12
   3:19'40"40 ; DC    ;  67,010 ;     mV ;       ; 01:52:13
   3:19'40"69 ; DC    ;  67,060 ;     mV ;       ; 01:52:13
   3:19'40"99 ; DC    ;  67,120 ;     mV ;       ; 01:52:13
   3:19'41"35 ; DC    ;  67,130 ;     mV ;       ; 01:52:14
   3:19'41"66 ; DC    ;  67,210 ;     mV ;       ; 01:52:14
   3:19'41"96 ; DC    ;  67,290 ;     mV ;       ; 01:52:14
   3:19'42"24 ; DC    ;  67,340 ;     mV ;       ; 01:52:14
   3:19'42"54 ; DC    ;  67,400 ;     mV ;       ; 01:52:15
   3:19'42"82 ; DC    ;  67,460 ;     mV ;       ; 01:52:15
   3:19'43"13 ; DC    ;  67,500 ;     mV ;       ; 01:52:15
   3:19'43"41 ; DC    ;  67,550 ;     mV ;       ; 01:52:16
   3:19'43"71 ; DC    ;  67,590 ;     mV ;       ; 01:52:16
   3:19'43"98 ; DC    ;  67,640 ;     mV ;       ; 01:52:16
   3:19'44"27 ; DC    ;  67,660 ;     mV ;       ; 01:52:16
   3:19'44"57 ; DC    ;  67,700 ;     mV ;       ; 01:52:17
   3:19'44"85 ; DC    ;  67,710 ;     mV ;       ; 01:52:17
   3:19'45"12 ; DC    ;  67,770 ;     mV ;       ; 01:52:17
   3:19'45"40 ; DC    ;  67,800 ;     mV ;       ; 01:52:18
   3:19'45"68 ; DC    ;  67,830 ;     mV ;       ; 01:52:18
   3:19'45"99 ; DC    ;  67,830 ;     mV ;       ; 01:52:18
   3:19'46"27 ; DC    ;  67,850 ;     mV ;       ; 01:52:18
   3:19'46"55 ; DC    ;  67,900 ;     mV ;       ; 01:52:19
   3:19'46"86 ; DC    ;  67,900 ;     mV ;       ; 01:52:19
   3:19'47"13 ; DC    ;  67,940 ;     mV ;       ; 01:52:19
   3:19'47"41 ; DC    ;  67,940 ;     mV ;       ; 01:52:20
   3:19'47"68 ; DC    ;  68,000 ;     mV ;       ; 01:52:20
   3:19'47"97 ; DC    ;  68,030 ;     mV ;       ; 01:52:20
   3:19'48"25 ; DC    ;  68,100 ;     mV ;       ; 01:52:20
   3:19'48"52 ; DC    ;  68,110 ;     mV ;       ; 01:52:21
   3:19'48"81 ; DC    ;  68,110 ;     mV ;       ; 01:52:21
   3:19'49"09 ; DC    ;  68,130 ;     mV ;       ; 01:52:21
   3:19'49"39 ; DC    ;  68,110 ;     mV ;       ; 01:52:22
   3:19'49"67 ; DC    ;  68,140 ;     mV ;       ; 01:52:22
   3:19'49"95 ; DC    ;  68,170 ;     mV ;       ; 01:52:22
   3:19'50"25 ; DC    ;  68,190 ;     mV ;       ; 01:52:22
   3:19'50"55 ; DC    ;  68,210 ;     mV ;       ; 01:52:23
   3:19'50"82 ; DC    ;  68,220 ;     mV ;       ; 01:52:23
   3:19'51"10 ; DC    ;  68,250 ;     mV ;       ; 01:52:23
   3:19'51"39 ; DC    ;  68,280 ;     mV ;       ; 01:52:24
   3:19'51"68 ; DC    ;  68,310 ;     mV ;       ; 01:52:24
   3:19'51"97 ; DC    ;  68,310 ;     mV ;       ; 01:52:24
   3:19'52"23 ; DC    ;  68,310 ;     mV ;       ; 01:52:24
   3:19'52"56 ; DC    ;  68,360 ;     mV ;       ; 01:52:25
   3:19'52"84 ; DC    ;  68,380 ;     mV ;       ; 01:52:25
   3:19'53"12 ; DC    ;  68,380 ;     mV ;       ; 01:52:25
   3:19'53"42 ; DC    ;  68,400 ;     mV ;       ; 01:52:26
   3:19'53"70 ; DC    ;  68,400 ;     mV ;       ; 01:52:26
   3:19'53"99 ; DC    ;  68,420 ;     mV ;       ; 01:52:26
   3:19'54"28 ; DC    ;  68,450 ;     mV ;       ; 01:52:26
   3:19'54"55 ; DC    ;  68,460 ;     mV ;       ; 01:52:27
   3:19'54"86 ; DC    ;  68,480 ;     mV ;       ; 01:52:27
   3:19'55"17 ; DC    ;  68,490 ;     mV ;       ; 01:52:27
   3:19'55"48 ; DC    ;  68,520 ;     mV ;       ; 01:52:28
   3:19'55"77 ; DC    ;  68,540 ;     mV ;       ; 01:52:28
   3:19'56"10 ; DC    ;  68,550 ;     mV ;       ; 01:52:28
   3:19'56"39 ; DC    ;  68,580 ;     mV ;       ; 01:52:29
   3:19'56"72 ; DC    ;  68,570 ;     mV ;       ; 01:52:29
   3:19'56"99 ; DC    ;  68,620 ;     mV ;       ; 01:52:29
   3:19'57"27 ; DC    ;  68,620 ;     mV ;       ; 01:52:29
   3:19'57"56 ; DC    ;  68,640 ;     mV ;       ; 01:52:30
   3:19'57"84 ; DC    ;  68,630 ;     mV ;       ; 01:52:30
   3:19'58"13 ; DC    ;  68,640 ;     mV ;       ; 01:52:30
   3:19'58"41 ; DC    ;  68,670 ;     mV ;       ; 01:52:31
   3:19'58"74 ; DC    ;  68,720 ;     mV ;       ; 01:52:31
   3:19'59"07 ; DC    ;  68,690 ;     mV ;       ; 01:52:31
   3:19'59"41 ; DC    ;  68,710 ;     mV ;       ; 01:52:32
   3:19'59"70 ; DC    ;  68,730 ;     mV ;       ; 01:52:32
   3:20'00"00 ; DC    ;  68,730 ;     mV ;       ; 01:52:32
   3:20'00"33 ; DC    ;  68,760 ;     mV ;       ; 01:52:32
   3:20'00"60 ; DC    ;  68,810 ;     mV ;       ; 01:52:33
   3:20'00"88 ; DC    ;  68,810 ;     mV ;       ; 01:52:33
   3:20'01"19 ; DC    ;  68,800 ;     mV ;       ; 01:52:33
   3:20'01"49 ; DC    ;  68,830 ;     mV ;       ; 01:52:34
   3:20'01"78 ; DC    ;  68,850 ;     mV ;       ; 01:52:34
   3:20'02"13 ; DC    ;  68,870 ;     mV ;       ; 01:52:34
   3:20'02"46 ; DC    ;  68,870 ;     mV ;       ; 01:52:35
   3:20'02"74 ; DC    ;  68,920 ;     mV ;       ; 01:52:35
   3:20'03"02 ; DC    ;  68,920 ;     mV ;       ; 01:52:35
   3:20'03"30 ; DC    ;  68,940 ;     mV ;       ; 01:52:35
   3:20'03"58 ; DC    ;  68,960 ;     mV ;       ; 01:52:36
   3:20'03"86 ; DC    ;  68,950 ;     mV ;       ; 01:52:36
   3:20'04"14 ; DC    ;  68,980 ;     mV ;       ; 01:52:36
   3:20'04"43 ; DC    ;  68,980 ;     mV ;       ; 01:52:37
   3:20'04"72 ; DC    ;  68,990 ;     mV ;       ; 01:52:37
   3:20'05"03 ; DC    ;  69,010 ;     mV ;       ; 01:52:37
   3:20'05"33 ; DC    ;  69,010 ;     mV ;       ; 01:52:38
   3:20'05"62 ; DC    ;  69,030 ;     mV ;       ; 01:52:38
   3:20'05"93 ; DC    ;  69,050 ;     mV ;       ; 01:52:38
   3:20'06"21 ; DC    ;  69,070 ;     mV ;       ; 01:52:38
   3:20'06"48 ; DC    ;  69,100 ;     mV ;       ; 01:52:39
   3:20'06"75 ; DC    ;  69,110 ;     mV ;       ; 01:52:39
   3:20'07"05 ; DC    ;  69,120 ;     mV ;       ; 01:52:39
   3:20'07"32 ; DC    ;  69,140 ;     mV ;       ; 01:52:39
   3:20'07"60 ; DC    ;  69,140 ;     mV ;       ; 01:52:40
   3:20'07"87 ; DC    ;  69,150 ;     mV ;       ; 01:52:40
   3:20'08"15 ; DC    ;  69,160 ;     mV ;       ; 01:52:40
   3:20'08"43 ; DC    ;  69,160 ;     mV ;       ; 01:52:41
   3:20'08"70 ; DC    ;  69,180 ;     mV ;       ; 01:52:41
   3:20'09"02 ; DC    ;  69,180 ;     mV ;       ; 01:52:41
   3:20'09"34 ; DC    ;  69,180 ;     mV ;       ; 01:52:42
   3:20'09"64 ; DC    ;  69,220 ;     mV ;       ; 01:52:42
   3:20'09"95 ; DC    ;  69,250 ;     mV ;       ; 01:52:42
   3:20'10"27 ; DC    ;  69,250 ;     mV ;       ; 01:52:42
   3:20'10"57 ; DC    ;  69,250 ;     mV ;       ; 01:52:43
   3:20'10"88 ; DC    ;  69,270 ;     mV ;       ; 01:52:43
   3:20'11"17 ; DC    ;  69,300 ;     mV ;       ; 01:52:43
   3:20'11"47 ; DC    ;  69,300 ;     mV ;       ; 01:52:44
   3:20'11"76 ; DC    ;  69,310 ;     mV ;       ; 01:52:44
   3:20'12"05 ; DC    ;  69,340 ;     mV ;       ; 01:52:44
   3:20'12"32 ; DC    ;  69,340 ;     mV ;       ; 01:52:44
   3:20'12"60 ; DC    ;  69,360 ;     mV ;       ; 01:52:45
   3:20'12"88 ; DC    ;  69,360 ;     mV ;       ; 01:52:45
   3:20'13"16 ; DC    ;  69,370 ;     mV ;       ; 01:52:45
   3:20'13"46 ; DC    ;  69,380 ;     mV ;       ; 01:52:46
   3:20'13"75 ; DC    ;  69,390 ;     mV ;       ; 01:52:46
   3:20'14"05 ; DC    ;  69,390 ;     mV ;       ; 01:52:46
   3:20'14"34 ; DC    ;  69,390 ;     mV ;       ; 01:52:47
   3:20'14"63 ; DC    ;  69,390 ;     mV ;       ; 01:52:47
   3:20'14"92 ; DC    ;  69,420 ;     mV ;       ; 01:52:47
   3:20'15"20 ; DC    ;  69,430 ;     mV ;       ; 01:52:47
   3:20'15"48 ; DC    ;  69,440 ;     mV ;       ; 01:52:48
   3:20'15"77 ; DC    ;  69,430 ;     mV ;       ; 01:52:48
   3:20'16"05 ; DC    ;  69,450 ;     mV ;       ; 01:52:48
   3:20'16"35 ; DC    ;  69,470 ;     mV ;       ; 01:52:49
   3:20'16"62 ; DC    ;  69,470 ;     mV ;       ; 01:52:49
   3:20'16"90 ; DC    ;  69,470 ;     mV ;       ; 01:52:49
   3:20'17"16 ; DC    ;  69,490 ;     mV ;       ; 01:52:49
   3:20'17"44 ; DC    ;  69,500 ;     mV ;       ; 01:52:50
   3:20'17"74 ; DC    ;  69,500 ;     mV ;       ; 01:52:50
   3:20'18"03 ; DC    ;  69,520 ;     mV ;       ; 01:52:50
   3:20'18"31 ; DC    ;  69,520 ;     mV ;       ; 01:52:50
   3:20'18"61 ; DC    ;  69,530 ;     mV ;       ; 01:52:51
   3:20'18"95 ; DC    ;  69,560 ;     mV ;       ; 01:52:51
   3:20'19"23 ; DC    ;  69,550 ;     mV ;       ; 01:52:51
   3:20'19"51 ; DC    ;  69,550 ;     mV ;       ; 01:52:52
   3:20'19"79 ; DC    ;  69,560 ;     mV ;       ; 01:52:52
   3:20'20"10 ; DC    ;  69,570 ;     mV ;       ; 01:52:52
   3:20'20"39 ; DC    ;  69,600 ;     mV ;       ; 01:52:53
   3:20'20"66 ; DC    ;  69,610 ;     mV ;       ; 01:52:53
   3:20'20"96 ; DC    ;  69,610 ;     mV ;       ; 01:52:53
   3:20'21"23 ; DC    ;  69,640 ;     mV ;       ; 01:52:53
   3:20'21"53 ; DC    ;  69,660 ;     mV ;       ; 01:52:54
   3:20'21"83 ; DC    ;  69,670 ;     mV ;       ; 01:52:54
   3:20'22"15 ; DC    ;  69,660 ;     mV ;       ; 01:52:54
   3:20'22"45 ; DC    ;  69,660 ;     mV ;       ; 01:52:55
   3:20'22"74 ; DC    ;  69,680 ;     mV ;       ; 01:52:55
   3:20'23"07 ; DC    ;  69,690 ;     mV ;       ; 01:52:55
   3:20'23"40 ; DC    ;  69,690 ;     mV ;       ; 01:52:56
   3:20'23"74 ; DC    ;  69,720 ;     mV ;       ; 01:52:56
   3:20'24"04 ; DC    ;  69,720 ;     mV ;       ; 01:52:56
   3:20'24"30 ; DC    ;  69,760 ;     mV ;       ; 01:52:56
   3:20'24"59 ; DC    ;  69,760 ;     mV ;       ; 01:52:57
   3:20'24"87 ; DC    ;  69,780 ;     mV ;       ; 01:52:57
   3:20'25"18 ; DC    ;  69,780 ;     mV ;       ; 01:52:57
   3:20'25"50 ; DC    ;  69,790 ;     mV ;       ; 01:52:58
   3:20'25"80 ; DC    ;  69,810 ;     mV ;       ; 01:52:58
   3:20'26"12 ; DC    ;  69,820 ;     mV ;       ; 01:52:58
   3:20'26"41 ; DC    ;  69,820 ;     mV ;       ; 01:52:59
   3:20'26"71 ; DC    ;  69,840 ;     mV ;       ; 01:52:59
   3:20'26"99 ; DC    ;  69,850 ;     mV ;       ; 01:52:59
   3:20'27"29 ; DC    ;  69,850 ;     mV ;       ; 01:52:59
   3:20'27"58 ; DC    ;  69,860 ;     mV ;       ; 01:53:00
   3:20'27"86 ; DC    ;  69,880 ;     mV ;       ; 01:53:00
   3:20'28"14 ; DC    ;  69,880 ;     mV ;       ; 01:53:00
   3:20'28"43 ; DC    ;  69,880 ;     mV ;       ; 01:53:01
   3:20'28"72 ; DC    ;  69,900 ;     mV ;       ; 01:53:01
   3:20'28"99 ; DC    ;  69,900 ;     mV ;       ; 01:53:01
   3:20'29"27 ; DC    ;  69,910 ;     mV ;       ; 01:53:01
   3:20'29"56 ; DC    ;  69,910 ;     mV ;       ; 01:53:02
   3:20'29"84 ; DC    ;  69,940 ;     mV ;       ; 01:53:02
   3:20'30"14 ; DC    ;  69,940 ;     mV ;       ; 01:53:02
   3:20'30"45 ; DC    ;  69,970 ;     mV ;       ; 01:53:03
   3:20'30"75 ; DC    ;  69,950 ;     mV ;       ; 01:53:03
   3:20'31"05 ; DC    ;  69,980 ;     mV ;       ; 01:53:03
   3:20'31"35 ; DC    ;  69,980 ;     mV ;       ; 01:53:04
   3:20'31"62 ; DC    ;  69,990 ;     mV ;       ; 01:53:04
   3:20'31"90 ; DC    ;  70,010 ;     mV ;       ; 01:53:04
   3:20'32"22 ; DC    ;  70,020 ;     mV ;       ; 01:53:04
   3:20'32"53 ; DC    ;  70,010 ;     mV ;       ; 01:53:05
   3:20'32"85 ; DC    ;  70,020 ;     mV ;       ; 01:53:05
   3:20'33"13 ; DC    ;  70,050 ;     mV ;       ; 01:53:05
   3:20'33"45 ; DC    ;  70,170 ;     mV ;       ; 01:53:06
   3:20'33"75 ; DC    ;  70,180 ;     mV ;       ; 01:53:06
   3:20'34"03 ; DC    ;  70,180 ;     mV ;       ; 01:53:06
   3:20'34"32 ; DC    ;  70,170 ;     mV ;       ; 01:53:06
   3:20'34"61 ; DC    ;  70,160 ;     mV ;       ; 01:53:07
   3:20'34"91 ; DC    ;  70,170 ;     mV ;       ; 01:53:07
   3:20'35"22 ; DC    ;  70,180 ;     mV ;       ; 01:53:07
   3:20'35"53 ; DC    ;  70,110 ;     mV ;       ; 01:53:08
   3:20'35"85 ; DC    ;  70,090 ;     mV ;       ; 01:53:08
   3:20'36"16 ; DC    ;  70,120 ;     mV ;       ; 01:53:08
   3:20'36"47 ; DC    ;  70,140 ;     mV ;       ; 01:53:09
   3:20'36"79 ; DC    ;  70,150 ;     mV ;       ; 01:53:09
   3:20'37"10 ; DC    ;  70,160 ;     mV ;       ; 01:53:09
   3:20'37"46 ; DC    ;  70,180 ;     mV ;       ; 01:53:10
   3:20'37"76 ; DC    ;  70,250 ;     mV ;       ; 01:53:10
   3:20'38"06 ; DC    ;  70,280 ;     mV ;       ; 01:53:10
   3:20'38"33 ; DC    ;  70,290 ;     mV ;       ; 01:53:11
   3:20'38"67 ; DC    ;  70,280 ;     mV ;       ; 01:53:11
   3:20'39"01 ; DC    ;  70,220 ;     mV ;       ; 01:53:11
   3:20'39"32 ; DC    ;  70,220 ;     mV ;       ; 01:53:11
   3:20'39"60 ; DC    ;  70,230 ;     mV ;       ; 01:53:12
   3:20'39"89 ; DC    ;  70,250 ;     mV ;       ; 01:53:12
   3:20'40"20 ; DC    ;  70,250 ;     mV ;       ; 01:53:12
   3:20'40"50 ; DC    ;  70,250 ;     mV ;       ; 01:53:13
   3:20'40"79 ; DC    ;  70,280 ;     mV ;       ; 01:53:13
   3:20'41"09 ; DC    ;  70,280 ;     mV ;       ; 01:53:13
   3:20'41"40 ; DC    ;  70,300 ;     mV ;       ; 01:53:14
   3:20'41"72 ; DC    ;  70,310 ;     mV ;       ; 01:53:14
   3:20'42"00 ; DC    ;  70,310 ;     mV ;       ; 01:53:14
   3:20'42"32 ; DC    ;  70,310 ;     mV ;       ; 01:53:14
   3:20'42"62 ; DC    ;  70,330 ;     mV ;       ; 01:53:15
   3:20'42"92 ; DC    ;  70,340 ;     mV ;       ; 01:53:15
   3:20'43"21 ; DC    ;  70,340 ;     mV ;       ; 01:53:15
   3:20'43"51 ; DC    ;  70,330 ;     mV ;       ; 01:53:16
   3:20'43"82 ; DC    ;  70,370 ;     mV ;       ; 01:53:16
   3:20'44"12 ; DC    ;  70,370 ;     mV ;       ; 01:53:16
   3:20'44"43 ; DC    ;  70,370 ;     mV ;       ; 01:53:17
   3:20'44"71 ; DC    ;  70,380 ;     mV ;       ; 01:53:17
   3:20'44"99 ; DC    ;  70,380 ;     mV ;       ; 01:53:17
   3:20'45"27 ; DC    ;  70,380 ;     mV ;       ; 01:53:17
   3:20'45"57 ; DC    ;  70,380 ;     mV ;       ; 01:53:18
   3:20'45"85 ; DC    ;  70,370 ;     mV ;       ; 01:53:18
   3:20'46"12 ; DC    ;  70,390 ;     mV ;       ; 01:53:18
   3:20'46"41 ; DC    ;  70,390 ;     mV ;       ; 01:53:19
   3:20'46"68 ; DC    ;  70,460 ;     mV ;       ; 01:53:19
   3:20'46"96 ; DC    ;  70,430 ;     mV ;       ; 01:53:19
   3:20'47"24 ; DC    ;  70,420 ;     mV ;       ; 01:53:19
   3:20'47"54 ; DC    ;  70,420 ;     mV ;       ; 01:53:20
   3:20'47"83 ; DC    ;  70,430 ;     mV ;       ; 01:53:20
   3:20'48"10 ; DC    ;  70,450 ;     mV ;       ; 01:53:20
   3:20'48"37 ; DC    ;  70,460 ;     mV ;       ; 01:53:21
   3:20'48"67 ; DC    ;  70,450 ;     mV ;       ; 01:53:21
   3:20'48"95 ; DC    ;  70,470 ;     mV ;       ; 01:53:21
   3:20'49"26 ; DC    ;  70,490 ;     mV ;       ; 01:53:21
   3:20'49"54 ; DC    ;  70,490 ;     mV ;       ; 01:53:22
   3:20'49"83 ; DC    ;  70,490 ;     mV ;       ; 01:53:22
   3:20'50"12 ; DC    ;  70,500 ;     mV ;       ; 01:53:22
   3:20'50"39 ; DC    ;  70,500 ;     mV ;       ; 01:53:23
   3:20'50"67 ; DC    ;  70,500 ;     mV ;       ; 01:53:23
   3:20'50"95 ; DC    ;  70,510 ;     mV ;       ; 01:53:23
   3:20'51"23 ; DC    ;  70,500 ;     mV ;       ; 01:53:23
   3:20'51"52 ; DC    ;  70,510 ;     mV ;       ; 01:53:24
   3:20'51"82 ; DC    ;  70,530 ;     mV ;       ; 01:53:24
   3:20'52"11 ; DC    ;  70,540 ;     mV ;       ; 01:53:24
   3:20'52"39 ; DC    ;  70,550 ;     mV ;       ; 01:53:25
   3:20'52"69 ; DC    ;  70,550 ;     mV ;       ; 01:53:25
   3:20'52"96 ; DC    ;  70,570 ;     mV ;       ; 01:53:25
   3:20'53"23 ; DC    ;  70,580 ;     mV ;       ; 01:53:25
   3:20'53"49 ; DC    ;  70,580 ;     mV ;       ; 01:53:26
   3:20'53"78 ; DC    ;  70,590 ;     mV ;       ; 01:53:26
   3:20'54"06 ; DC    ;  70,580 ;     mV ;       ; 01:53:26
   3:20'54"34 ; DC    ;  70,580 ;     mV ;       ; 01:53:27
   3:20'54"64 ; DC    ;  70,610 ;     mV ;       ; 01:53:27
   3:20'54"91 ; DC    ;  70,610 ;     mV ;       ; 01:53:27
   3:20'55"19 ; DC    ;  70,620 ;     mV ;       ; 01:53:27
   3:20'55"48 ; DC    ;  70,610 ;     mV ;       ; 01:53:28
   3:20'55"76 ; DC    ;  70,600 ;     mV ;       ; 01:53:28
   3:20'56"05 ; DC    ;  70,620 ;     mV ;       ; 01:53:28
   3:20'56"34 ; DC    ;  70,630 ;     mV ;       ; 01:53:29
   3:20'56"63 ; DC    ;  70,650 ;     mV ;       ; 01:53:29
   3:20'56"90 ; DC    ;  70,640 ;     mV ;       ; 01:53:29
   3:20'57"18 ; DC    ;  70,660 ;     mV ;       ; 01:53:29
   3:20'57"46 ; DC    ;  70,660 ;     mV ;       ; 01:53:30
   3:20'57"74 ; DC    ;  70,660 ;     mV ;       ; 01:53:30
   3:20'58"03 ; DC    ;  70,660 ;     mV ;       ; 01:53:30
   3:20'58"33 ; DC    ;  70,680 ;     mV ;       ; 01:53:30
   3:20'58"61 ; DC    ;  70,690 ;     mV ;       ; 01:53:31
   3:20'58"88 ; DC    ;  70,700 ;     mV ;       ; 01:53:31
   3:20'59"16 ; DC    ;  70,700 ;     mV ;       ; 01:53:31
   3:20'59"43 ; DC    ;  70,700 ;     mV ;       ; 01:53:32
   3:20'59"70 ; DC    ;  70,700 ;     mV ;       ; 01:53:32
   3:20'59"98 ; DC    ;  70,700 ;     mV ;       ; 01:53:32
   3:21'00"26 ; DC    ;  70,700 ;     mV ;       ; 01:53:32
   3:21'00"57 ; DC    ;  70,710 ;     mV ;       ; 01:53:33
   3:21'00"86 ; DC    ;  70,720 ;     mV ;       ; 01:53:33
   3:21'01"14 ; DC    ;  70,720 ;     mV ;       ; 01:53:33
   3:21'01"43 ; DC    ;  70,730 ;     mV ;       ; 01:53:34
   3:21'01"69 ; DC    ;  70,750 ;     mV ;       ; 01:53:34
   3:21'01"98 ; DC    ;  70,730 ;     mV ;       ; 01:53:34
   3:21'02"26 ; DC    ;  70,740 ;     mV ;       ; 01:53:34
   3:21'02"56 ; DC    ;  70,750 ;     mV ;       ; 01:53:35
   3:21'02"83 ; DC    ;  70,780 ;     mV ;       ; 01:53:35
   3:21'03"11 ; DC    ;  70,770 ;     mV ;       ; 01:53:35
   3:21'03"37 ; DC    ;  70,790 ;     mV ;       ; 01:53:36
   3:21'03"64 ; DC    ;  70,790 ;     mV ;       ; 01:53:36
   3:21'03"92 ; DC    ;  70,790 ;     mV ;       ; 01:53:36
   3:21'04"21 ; DC    ;  70,790 ;     mV ;       ; 01:53:36
   3:21'04"53 ; DC    ;  70,790 ;     mV ;       ; 01:53:37
   3:21'04"82 ; DC    ;  70,800 ;     mV ;       ; 01:53:37
   3:21'05"10 ; DC    ;  70,800 ;     mV ;       ; 01:53:37
   3:21'05"37 ; DC    ;  70,800 ;     mV ;       ; 01:53:38
   3:21'05"67 ; DC    ;  70,820 ;     mV ;       ; 01:53:38
   3:21'05"93 ; DC    ;  70,810 ;     mV ;       ; 01:53:38
   3:21'06"19 ; DC    ;  70,830 ;     mV ;       ; 01:53:38
   3:21'06"48 ; DC    ;  70,830 ;     mV ;       ; 01:53:39
   3:21'06"75 ; DC    ;  70,830 ;     mV ;       ; 01:53:39
   3:21'07"04 ; DC    ;  70,850 ;     mV ;       ; 01:53:39
   3:21'07"33 ; DC    ;  70,850 ;     mV ;       ; 01:53:40
   3:21'07"61 ; DC    ;  70,860 ;     mV ;       ; 01:53:40
   3:21'07"92 ; DC    ;  70,860 ;     mV ;       ; 01:53:40
   3:21'08"21 ; DC    ;  70,870 ;     mV ;       ; 01:53:40
   3:21'08"49 ; DC    ;  70,880 ;     mV ;       ; 01:53:41
   3:21'08"76 ; DC    ;  70,890 ;     mV ;       ; 01:53:41
   3:21'09"04 ; DC    ;  70,900 ;     mV ;       ; 01:53:41
   3:21'09"33 ; DC    ;  70,900 ;     mV ;       ; 01:53:41
   3:21'09"60 ; DC    ;  70,920 ;     mV ;       ; 01:53:42
   3:21'09"88 ; DC    ;  70,920 ;     mV ;       ; 01:53:42
   3:21'10"17 ; DC    ;  70,950 ;     mV ;       ; 01:53:42
   3:21'10"44 ; DC    ;  70,950 ;     mV ;       ; 01:53:43
   3:21'10"72 ; DC    ;  70,950 ;     mV ;       ; 01:53:43
   3:21'11"00 ; DC    ;  70,950 ;     mV ;       ; 01:53:43
   3:21'11"28 ; DC    ;  70,960 ;     mV ;       ; 01:53:43
   3:21'11"58 ; DC    ;  70,970 ;     mV ;       ; 01:53:44
   3:21'11"86 ; DC    ;  70,980 ;     mV ;       ; 01:53:44
   3:21'12"14 ; DC    ;  70,970 ;     mV ;       ; 01:53:44
   3:21'12"41 ; DC    ;  70,990 ;     mV ;       ; 01:53:45
   3:21'12"71 ; DC    ;  71,000 ;     mV ;       ; 01:53:45
   3:21'12"98 ; DC    ;  71,010 ;     mV ;       ; 01:53:45
   3:21'13"27 ; DC    ;  71,020 ;     mV ;       ; 01:53:45
   3:21'13"54 ; DC    ;  71,010 ;     mV ;       ; 01:53:46
   3:21'13"80 ; DC    ;  71,030 ;     mV ;       ; 01:53:46
   3:21'14"08 ; DC    ;  71,030 ;     mV ;       ; 01:53:46
   3:21'14"36 ; DC    ;  71,050 ;     mV ;       ; 01:53:47
   3:21'14"64 ; DC    ;  71,030 ;     mV ;       ; 01:53:47
   3:21'14"90 ; DC    ;  71,040 ;     mV ;       ; 01:53:47
   3:21'15"16 ; DC    ;  71,080 ;     mV ;       ; 01:53:47
   3:21'15"44 ; DC    ;  71,090 ;     mV ;       ; 01:53:48
   3:21'15"72 ; DC    ;  71,070 ;     mV ;       ; 01:53:48
   3:21'15"99 ; DC    ;  71,080 ;     mV ;       ; 01:53:48
   3:21'16"27 ; DC    ;  71,070 ;     mV ;       ; 01:53:48
   3:21'16"55 ; DC    ;  71,090 ;     mV ;       ; 01:53:49
   3:21'16"85 ; DC    ;  71,080 ;     mV ;       ; 01:53:49
   3:21'17"13 ; DC    ;  71,080 ;     mV ;       ; 01:53:49
   3:21'17"40 ; DC    ;  71,090 ;     mV ;       ; 01:53:50
   3:21'17"68 ; DC    ;  71,090 ;     mV ;       ; 01:53:50
   3:21'17"96 ; DC    ;  71,100 ;     mV ;       ; 01:53:50
   3:21'18"24 ; DC    ;  71,100 ;     mV ;       ; 01:53:50
   3:21'18"51 ; DC    ;  71,110 ;     mV ;       ; 01:53:51
   3:21'18"79 ; DC    ;  71,110 ;     mV ;       ; 01:53:51
   3:21'19"05 ; DC    ;  71,110 ;     mV ;       ; 01:53:51
   3:21'19"34 ; DC    ;  71,110 ;     mV ;       ; 01:53:52
   3:21'19"62 ; DC    ;  71,130 ;     mV ;       ; 01:53:52
   3:21'19"91 ; DC    ;  71,140 ;     mV ;       ; 01:53:52
   3:21'20"19 ; DC    ;  71,130 ;     mV ;       ; 01:53:52
   3:21'20"46 ; DC    ;  71,170 ;     mV ;       ; 01:53:53
   3:21'20"74 ; DC    ;  71,170 ;     mV ;       ; 01:53:53
   3:21'21"02 ; DC    ;  71,170 ;     mV ;       ; 01:53:53
   3:21'21"29 ; DC    ;  71,170 ;     mV ;       ; 01:53:53
   3:21'21"55 ; DC    ;  71,150 ;     mV ;       ; 01:53:54
   3:21'21"84 ; DC    ;  71,170 ;     mV ;       ; 01:53:54
   3:21'22"10 ; DC    ;  71,180 ;     mV ;       ; 01:53:54
   3:21'22"37 ; DC    ;  71,200 ;     mV ;       ; 01:53:55
   3:21'22"65 ; DC    ;  71,190 ;     mV ;       ; 01:53:55
   3:21'22"93 ; DC    ;  71,200 ;     mV ;       ; 01:53:55
   3:21'23"21 ; DC    ;  71,200 ;     mV ;       ; 01:53:55
   3:21'23"50 ; DC    ;  71,220 ;     mV ;       ; 01:53:56
   3:21'23"78 ; DC    ;  71,230 ;     mV ;       ; 01:53:56
   3:21'24"05 ; DC    ;  71,240 ;     mV ;       ; 01:53:56
   3:21'24"34 ; DC    ;  71,250 ;     mV ;       ; 01:53:57
   3:21'24"62 ; DC    ;  71,250 ;     mV ;       ; 01:53:57
   3:21'24"91 ; DC    ;  71,250 ;     mV ;       ; 01:53:57
   3:21'25"19 ; DC    ;  71,270 ;     mV ;       ; 01:53:57
   3:21'25"49 ; DC    ;  71,270 ;     mV ;       ; 01:53:58
   3:21'25"78 ; DC    ;  71,280 ;     mV ;       ; 01:53:58
   3:21'26"07 ; DC    ;  71,290 ;     mV ;       ; 01:53:58
   3:21'26"34 ; DC    ;  71,290 ;     mV ;       ; 01:53:59
   3:21'26"60 ; DC    ;  71,280 ;     mV ;       ; 01:53:59
   3:21'26"88 ; DC    ;  71,280 ;     mV ;       ; 01:53:59
   3:21'27"15 ; DC    ;  71,280 ;     mV ;       ; 01:53:59
   3:21'27"43 ; DC    ;  71,310 ;     mV ;       ; 01:54:00
   3:21'27"69 ; DC    ;  71,290 ;     mV ;       ; 01:54:00
   3:21'27"97 ; DC    ;  71,310 ;     mV ;       ; 01:54:00
   3:21'28"25 ; DC    ;  71,310 ;     mV ;       ; 01:54:00
   3:21'28"55 ; DC    ;  71,310 ;     mV ;       ; 01:54:01
   3:21'28"83 ; DC    ;  71,340 ;     mV ;       ; 01:54:01
   3:21'29"16 ; DC    ;  71,340 ;     mV ;       ; 01:54:01
   3:21'29"47 ; DC    ;  71,320 ;     mV ;       ; 01:54:02
   3:21'29"75 ; DC    ;  71,340 ;     mV ;       ; 01:54:02
   3:21'30"04 ; DC    ;  71,350 ;     mV ;       ; 01:54:02
   3:21'30"30 ; DC    ;  71,350 ;     mV ;       ; 01:54:02
   3:21'30"58 ; DC    ;  71,350 ;     mV ;       ; 01:54:03
   3:21'30"86 ; DC    ;  71,380 ;     mV ;       ; 01:54:03
   3:21'31"13 ; DC    ;  71,370 ;     mV ;       ; 01:54:03
   3:21'31"40 ; DC    ;  71,380 ;     mV ;       ; 01:54:04
   3:21'31"69 ; DC    ;  71,360 ;     mV ;       ; 01:54:04
   3:21'31"96 ; DC    ;  71,380 ;     mV ;       ; 01:54:04
   3:21'32"25 ; DC    ;  71,370 ;     mV ;       ; 01:54:04
   3:21'32"52 ; DC    ;  71,370 ;     mV ;       ; 01:54:05
   3:21'32"80 ; DC    ;  71,390 ;     mV ;       ; 01:54:05
   3:21'33"08 ; DC    ;  71,390 ;     mV ;       ; 01:54:05
   3:21'33"36 ; DC    ;  71,400 ;     mV ;       ; 01:54:06
   3:21'33"63 ; DC    ;  71,410 ;     mV ;       ; 01:54:06
   3:21'33"90 ; DC    ;  71,410 ;     mV ;       ; 01:54:06
   3:21'34"17 ; DC    ;  71,410 ;     mV ;       ; 01:54:06
   3:21'34"45 ; DC    ;  71,420 ;     mV ;       ; 01:54:07
   3:21'34"73 ; DC    ;  71,420 ;     mV ;       ; 01:54:07
   3:21'35"01 ; DC    ;  71,410 ;     mV ;       ; 01:54:07
   3:21'35"28 ; DC    ;  71,400 ;     mV ;       ; 01:54:07
   3:21'35"56 ; DC    ;  71,440 ;     mV ;       ; 01:54:08
   3:21'35"84 ; DC    ;  71,460 ;     mV ;       ; 01:54:08
   3:21'36"10 ; DC    ;  71,450 ;     mV ;       ; 01:54:08
   3:21'36"38 ; DC    ;  71,460 ;     mV ;       ; 01:54:09
   3:21'36"66 ; DC    ;  71,480 ;     mV ;       ; 01:54:09
   3:21'36"94 ; DC    ;  71,470 ;     mV ;       ; 01:54:09
   3:21'37"25 ; DC    ;  71,470 ;     mV ;       ; 01:54:09
   3:21'37"53 ; DC    ;  71,480 ;     mV ;       ; 01:54:10
   3:21'37"79 ; DC    ;  71,480 ;     mV ;       ; 01:54:10
   3:21'38"05 ; DC    ;  71,500 ;     mV ;       ; 01:54:10
   3:21'38"34 ; DC    ;  71,490 ;     mV ;       ; 01:54:11
   3:21'38"61 ; DC    ;  71,500 ;     mV ;       ; 01:54:11
   3:21'38"90 ; DC    ;  71,500 ;     mV ;       ; 01:54:11
   3:21'39"16 ; DC    ;  71,510 ;     mV ;       ; 01:54:11
   3:21'39"44 ; DC    ;  71,510 ;     mV ;       ; 01:54:12
   3:21'39"71 ; DC    ;  71,520 ;     mV ;       ; 01:54:12
   3:21'39"99 ; DC    ;  71,530 ;     mV ;       ; 01:54:12
   3:21'40"28 ; DC    ;  71,520 ;     mV ;       ; 01:54:12
   3:21'40"57 ; DC    ;  71,560 ;     mV ;       ; 01:54:13
   3:21'40"87 ; DC    ;  71,550 ;     mV ;       ; 01:54:13
   3:21'41"15 ; DC    ;  71,540 ;     mV ;       ; 01:54:13
   3:21'41"43 ; DC    ;  71,550 ;     mV ;       ; 01:54:14
   3:21'41"70 ; DC    ;  71,550 ;     mV ;       ; 01:54:14
   3:21'42"00 ; DC    ;  71,560 ;     mV ;       ; 01:54:14
   3:21'42"30 ; DC    ;  71,560 ;     mV ;       ; 01:54:14
   3:21'42"57 ; DC    ;  71,560 ;     mV ;       ; 01:54:15
   3:21'42"86 ; DC    ;  71,560 ;     mV ;       ; 01:54:15
   3:21'43"14 ; DC    ;  71,580 ;     mV ;       ; 01:54:15
   3:21'43"41 ; DC    ;  71,580 ;     mV ;       ; 01:54:16
   3:21'43"70 ; DC    ;  71,580 ;     mV ;       ; 01:54:16
   3:21'43"99 ; DC    ;  71,560 ;     mV ;       ; 01:54:16
   3:21'44"27 ; DC    ;  71,580 ;     mV ;       ; 01:54:16
   3:21'44"56 ; DC    ;  71,590 ;     mV ;       ; 01:54:17
   3:21'44"84 ; DC    ;  71,600 ;     mV ;       ; 01:54:17
   3:21'45"13 ; DC    ;  71,610 ;     mV ;       ; 01:54:17
   3:21'45"41 ; DC    ;  71,630 ;     mV ;       ; 01:54:18
   3:21'45"69 ; DC    ;  71,600 ;     mV ;       ; 01:54:18
   3:21'45"96 ; DC    ;  71,610 ;     mV ;       ; 01:54:18
   3:21'46"24 ; DC    ;  71,640 ;     mV ;       ; 01:54:18
   3:21'46"52 ; DC    ;  71,640 ;     mV ;       ; 01:54:19
   3:21'46"79 ; DC    ;  71,640 ;     mV ;       ; 01:54:19
   3:21'47"07 ; DC    ;  71,650 ;     mV ;       ; 01:54:19
   3:21'47"34 ; DC    ;  71,650 ;     mV ;       ; 01:54:20
   3:21'47"62 ; DC    ;  71,640 ;     mV ;       ; 01:54:20
   3:21'47"90 ; DC    ;  71,640 ;     mV ;       ; 01:54:20
   3:21'48"19 ; DC    ;  71,660 ;     mV ;       ; 01:54:20
   3:21'48"47 ; DC    ;  71,660 ;     mV ;       ; 01:54:21
   3:21'48"76 ; DC    ;  71,660 ;     mV ;       ; 01:54:21
   3:21'49"05 ; DC    ;  71,670 ;     mV ;       ; 01:54:21
   3:21'49"32 ; DC    ;  71,670 ;     mV ;       ; 01:54:21
   3:21'49"61 ; DC    ;  71,670 ;     mV ;       ; 01:54:22
   3:21'49"89 ; DC    ;  71,690 ;     mV ;       ; 01:54:22
   3:21'50"17 ; DC    ;  71,690 ;     mV ;       ; 01:54:22
   3:21'50"43 ; DC    ;  71,700 ;     mV ;       ; 01:54:23
   3:21'50"70 ; DC    ;  71,710 ;     mV ;       ; 01:54:23
   3:21'50"98 ; DC    ;  71,710 ;     mV ;       ; 01:54:23
   3:21'51"24 ; DC    ;  71,700 ;     mV ;       ; 01:54:23
   3:21'51"51 ; DC    ;  71,720 ;     mV ;       ; 01:54:24
   3:21'51"78 ; DC    ;  71,730 ;     mV ;       ; 01:54:24
   3:21'52"05 ; DC    ;  71,730 ;     mV ;       ; 01:54:24
   3:21'52"33 ; DC    ;  71,720 ;     mV ;       ; 01:54:25
   3:21'52"64 ; DC    ;  71,720 ;     mV ;       ; 01:54:25
   3:21'52"94 ; DC    ;  71,730 ;     mV ;       ; 01:54:25
   3:21'53"21 ; DC    ;  71,750 ;     mV ;       ; 01:54:25
   3:21'53"50 ; DC    ;  71,740 ;     mV ;       ; 01:54:26
   3:21'53"78 ; DC    ;  71,750 ;     mV ;       ; 01:54:26
   3:21'54"05 ; DC    ;  71,750 ;     mV ;       ; 01:54:26
   3:21'54"33 ; DC    ;  71,760 ;     mV ;       ; 01:54:27
   3:21'54"60 ; DC    ;  71,760 ;     mV ;       ; 01:54:27
   3:21'54"87 ; DC    ;  71,780 ;     mV ;       ; 01:54:27
   3:21'55"13 ; DC    ;  71,790 ;     mV ;       ; 01:54:27
   3:21'55"42 ; DC    ;  71,780 ;     mV ;       ; 01:54:28
   3:21'55"70 ; DC    ;  71,780 ;     mV ;       ; 01:54:28
   3:21'55"98 ; DC    ;  71,800 ;     mV ;       ; 01:54:28
   3:21'56"24 ; DC    ;  71,790 ;     mV ;       ; 01:54:28
   3:21'56"52 ; DC    ;  71,810 ;     mV ;       ; 01:54:29
   3:21'56"79 ; DC    ;  71,810 ;     mV ;       ; 01:54:29
   3:21'57"07 ; DC    ;  71,810 ;     mV ;       ; 01:54:29
   3:21'57"33 ; DC    ;  71,790 ;     mV ;       ; 01:54:30
   3:21'57"61 ; DC    ;  71,790 ;     mV ;       ; 01:54:30
   3:21'57"89 ; DC    ;  71,790 ;     mV ;       ; 01:54:30
   3:21'58"16 ; DC    ;  71,840 ;     mV ;       ; 01:54:30
   3:21'58"44 ; DC    ;  71,840 ;     mV ;       ; 01:54:31
   3:21'58"72 ; DC    ;  71,870 ;     mV ;       ; 01:54:31
   3:21'59"01 ; DC    ;  71,860 ;     mV ;       ; 01:54:31
   3:21'59"30 ; DC    ;  71,850 ;     mV ;       ; 01:54:31
   3:21'59"59 ; DC    ;  71,850 ;     mV ;       ; 01:54:32
   3:21'59"87 ; DC    ;  71,860 ;     mV ;       ; 01:54:32
   3:22'00"14 ; DC    ;  71,830 ;     mV ;       ; 01:54:32
   3:22'00"42 ; DC    ;  71,850 ;     mV ;       ; 01:54:33
   3:22'00"68 ; DC    ;  71,860 ;     mV ;       ; 01:54:33
   3:22'00"96 ; DC    ;  71,870 ;     mV ;       ; 01:54:33
   3:22'01"25 ; DC    ;  71,880 ;     mV ;       ; 01:54:33
   3:22'01"54 ; DC    ;  71,880 ;     mV ;       ; 01:54:34
   3:22'01"84 ; DC    ;  71,880 ;     mV ;       ; 01:54:34
   3:22'02"13 ; DC    ;  71,900 ;     mV ;       ; 01:54:34
   3:22'02"40 ; DC    ;  71,900 ;     mV ;       ; 01:54:35
   3:22'02"67 ; DC    ;  71,890 ;     mV ;       ; 01:54:35
   3:22'02"95 ; DC    ;  71,900 ;     mV ;       ; 01:54:35
   3:22'03"23 ; DC    ;  71,890 ;     mV ;       ; 01:54:35
   3:22'03"49 ; DC    ;  71,900 ;     mV ;       ; 01:54:36
   3:22'03"76 ; DC    ;  71,890 ;     mV ;       ; 01:54:36
   3:22'04"04 ; DC    ;  71,900 ;     mV ;       ; 01:54:36
   3:22'04"32 ; DC    ;  71,900 ;     mV ;       ; 01:54:36
   3:22'04"64 ; DC    ;  71,910 ;     mV ;       ; 01:54:37
   3:22'04"91 ; DC    ;  71,910 ;     mV ;       ; 01:54:37
   3:22'05"21 ; DC    ;  71,910 ;     mV ;       ; 01:54:37
   3:22'05"49 ; DC    ;  71,930 ;     mV ;       ; 01:54:38
   3:22'05"78 ; DC    ;  71,940 ;     mV ;       ; 01:54:38
   3:22'06"05 ; DC    ;  71,940 ;     mV ;       ; 01:54:38
   3:22'06"33 ; DC    ;  71,940 ;     mV ;       ; 01:54:39
   3:22'06"61 ; DC    ;  71,960 ;     mV ;       ; 01:54:39
   3:22'06"89 ; DC    ;  71,960 ;     mV ;       ; 01:54:39
   3:22'07"17 ; DC    ;  71,940 ;     mV ;       ; 01:54:39
   3:22'07"43 ; DC    ;  71,960 ;     mV ;       ; 01:54:40
   3:22'07"70 ; DC    ;  71,960 ;     mV ;       ; 01:54:40
   3:22'07"98 ; DC    ;  71,970 ;     mV ;       ; 01:54:40
   3:22'08"24 ; DC    ;  71,980 ;     mV ;       ; 01:54:40
   3:22'08"51 ; DC    ;  71,960 ;     mV ;       ; 01:54:41
   3:22'08"78 ; DC    ;  71,970 ;     mV ;       ; 01:54:41
   3:22'09"06 ; DC    ;  71,990 ;     mV ;       ; 01:54:41
   3:22'09"34 ; DC    ;  71,960 ;     mV ;       ; 01:54:42
   3:22'09"60 ; DC    ;  71,960 ;     mV ;       ; 01:54:42
   3:22'09"97 ; DC    ;  71,980 ;     mV ;       ; 01:54:42
   3:22'10"26 ; DC    ;  71,980 ;     mV ;       ; 01:54:42
   3:22'10"60 ; DC    ;  71,960 ;     mV ;       ; 01:54:43
   3:22'10"98 ; DC    ;  71,970 ;     mV ;       ; 01:54:43
   3:22'11"24 ; DC    ;  71,980 ;     mV ;       ; 01:54:43
   3:22'11"50 ; DC    ;  71,980 ;     mV ;       ; 01:54:44
   3:22'11"78 ; DC    ;  71,990 ;     mV ;       ; 01:54:44
   3:22'12"06 ; DC    ;  72,000 ;     mV ;       ; 01:54:44
   3:22'12"34 ; DC    ;  72,010 ;     mV ;       ; 01:54:45
   3:22'12"62 ; DC    ;  72,010 ;     mV ;       ; 01:54:45
   3:22'12"89 ; DC    ;  72,010 ;     mV ;       ; 01:54:45
   3:22'13"17 ; DC    ;  72,010 ;     mV ;       ; 01:54:45
   3:22'13"47 ; DC    ;  72,010 ;     mV ;       ; 01:54:46
   3:22'13"74 ; DC    ;  72,030 ;     mV ;       ; 01:54:46
   3:22'14"02 ; DC    ;  72,040 ;     mV ;       ; 01:54:46
   3:22'14"29 ; DC    ;  72,050 ;     mV ;       ; 01:54:46
   3:22'14"57 ; DC    ;  72,050 ;     mV ;       ; 01:54:47
   3:22'14"85 ; DC    ;  72,050 ;     mV ;       ; 01:54:47
   3:22'15"13 ; DC    ;  72,050 ;     mV ;       ; 01:54:47
   3:22'15"40 ; DC    ;  72,080 ;     mV ;       ; 01:54:48
   3:22'15"68 ; DC    ;  72,070 ;     mV ;       ; 01:54:48
   3:22'15"94 ; DC    ;  72,070 ;     mV ;       ; 01:54:48
   3:22'16"21 ; DC    ;  72,070 ;     mV ;       ; 01:54:48
   3:22'16"48 ; DC    ;  72,070 ;     mV ;       ; 01:54:49
   3:22'16"78 ; DC    ;  72,080 ;     mV ;       ; 01:54:49
   3:22'17"09 ; DC    ;  72,080 ;     mV ;       ; 01:54:49
   3:22'17"39 ; DC    ;  72,090 ;     mV ;       ; 01:54:50
   3:22'17"69 ; DC    ;  72,080 ;     mV ;       ; 01:54:50
   3:22'17"96 ; DC    ;  72,080 ;     mV ;       ; 01:54:50
   3:22'18"24 ; DC    ;  72,100 ;     mV ;       ; 01:54:50
   3:22'18"52 ; DC    ;  72,100 ;     mV ;       ; 01:54:51
   3:22'18"81 ; DC    ;  72,100 ;     mV ;       ; 01:54:51
   3:22'19"10 ; DC    ;  72,110 ;     mV ;       ; 01:54:51
   3:22'19"37 ; DC    ;  72,110 ;     mV ;       ; 01:54:52
   3:22'19"65 ; DC    ;  72,080 ;     mV ;       ; 01:54:52
   3:22'19"93 ; DC    ;  72,090 ;     mV ;       ; 01:54:52
   3:22'20"24 ; DC    ;  72,110 ;     mV ;       ; 01:54:52
   3:22'20"51 ; DC    ;  72,120 ;     mV ;       ; 01:54:53
   3:22'20"79 ; DC    ;  72,110 ;     mV ;       ; 01:54:53
   3:22'21"05 ; DC    ;  72,120 ;     mV ;       ; 01:54:53
   3:22'21"33 ; DC    ;  72,120 ;     mV ;       ; 01:54:53
   3:22'21"60 ; DC    ;  72,110 ;     mV ;       ; 01:54:54
   3:22'21"88 ; DC    ;  72,110 ;     mV ;       ; 01:54:54
   3:22'22"15 ; DC    ;  72,120 ;     mV ;       ; 01:54:54
   3:22'22"43 ; DC    ;  72,130 ;     mV ;       ; 01:54:55
   3:22'22"71 ; DC    ;  72,110 ;     mV ;       ; 01:54:55
   3:22'22"99 ; DC    ;  72,140 ;     mV ;       ; 01:54:55
   3:22'23"26 ; DC    ;  72,130 ;     mV ;       ; 01:54:55
   3:22'23"54 ; DC    ;  72,130 ;     mV ;       ; 01:54:56
   3:22'23"83 ; DC    ;  72,150 ;     mV ;       ; 01:54:56
   3:22'24"10 ; DC    ;  72,140 ;     mV ;       ; 01:54:56
   3:22'24"38 ; DC    ;  72,130 ;     mV ;       ; 01:54:57
   3:22'24"65 ; DC    ;  72,140 ;     mV ;       ; 01:54:57
   3:22'24"93 ; DC    ;  72,160 ;     mV ;       ; 01:54:57
   3:22'25"19 ; DC    ;  72,170 ;     mV ;       ; 01:54:57
   3:22'25"48 ; DC    ;  72,170 ;     mV ;       ; 01:54:58
   3:22'25"77 ; DC    ;  72,190 ;     mV ;       ; 01:54:58
   3:22'26"04 ; DC    ;  72,180 ;     mV ;       ; 01:54:58
   3:22'26"30 ; DC    ;  72,200 ;     mV ;       ; 01:54:58
   3:22'26"58 ; DC    ;  72,180 ;     mV ;       ; 01:54:59
   3:22'26"87 ; DC    ;  72,180 ;     mV ;       ; 01:54:59
   3:22'27"13 ; DC    ;  72,200 ;     mV ;       ; 01:54:59
   3:22'27"41 ; DC    ;  72,200 ;     mV ;       ; 01:55:00
   3:22'27"68 ; DC    ;  72,200 ;     mV ;       ; 01:55:00
   3:22'27"94 ; DC    ;  72,210 ;     mV ;       ; 01:55:00
   3:22'28"22 ; DC    ;  72,210 ;     mV ;       ; 01:55:00
   3:22'28"49 ; DC    ;  72,210 ;     mV ;       ; 01:55:01
   3:22'28"77 ; DC    ;  72,210 ;     mV ;       ; 01:55:01
   3:22'29"05 ; DC    ;  72,220 ;     mV ;       ; 01:55:01
   3:22'29"34 ; DC    ;  72,220 ;     mV ;       ; 01:55:02
   3:22'29"62 ; DC    ;  72,230 ;     mV ;       ; 01:55:02
   3:22'29"90 ; DC    ;  72,230 ;     mV ;       ; 01:55:02
   3:22'30"18 ; DC    ;  72,250 ;     mV ;       ; 01:55:02
   3:22'30"47 ; DC    ;  72,230 ;     mV ;       ; 01:55:03
   3:22'30"76 ; DC    ;  72,240 ;     mV ;       ; 01:55:03
   3:22'31"06 ; DC    ;  72,260 ;     mV ;       ; 01:55:03
   3:22'31"34 ; DC    ;  72,270 ;     mV ;       ; 01:55:04
   3:22'31"60 ; DC    ;  72,270 ;     mV ;       ; 01:55:04
   3:22'31"86 ; DC    ;  72,260 ;     mV ;       ; 01:55:04
   3:22'32"14 ; DC    ;  72,300 ;     mV ;       ; 01:55:04
   3:22'32"44 ; DC    ;  72,300 ;     mV ;       ; 01:55:05
   3:22'32"71 ; DC    ;  72,270 ;     mV ;       ; 01:55:05
   3:22'32"99 ; DC    ;  72,280 ;     mV ;       ; 01:55:05
   3:22'33"26 ; DC    ;  72,280 ;     mV ;       ; 01:55:05
   3:22'33"55 ; DC    ;  72,310 ;     mV ;       ; 01:55:06
   3:22'33"82 ; DC    ;  72,310 ;     mV ;       ; 01:55:06
   3:22'34"10 ; DC    ;  72,310 ;     mV ;       ; 01:55:06
   3:22'34"40 ; DC    ;  72,300 ;     mV ;       ; 01:55:07
   3:22'34"68 ; DC    ;  72,320 ;     mV ;       ; 01:55:07
   3:22'34"97 ; DC    ;  72,320 ;     mV ;       ; 01:55:07
   3:22'35"24 ; DC    ;  72,330 ;     mV ;       ; 01:55:07
   3:22'35"53 ; DC    ;  72,340 ;     mV ;       ; 01:55:08
   3:22'35"81 ; DC    ;  72,340 ;     mV ;       ; 01:55:08
   3:22'36"09 ; DC    ;  72,340 ;     mV ;       ; 01:55:08
   3:22'36"35 ; DC    ;  72,340 ;     mV ;       ; 01:55:09
   3:22'36"64 ; DC    ;  72,360 ;     mV ;       ; 01:55:09
   3:22'36"92 ; DC    ;  72,360 ;     mV ;       ; 01:55:09
   3:22'37"19 ; DC    ;  72,360 ;     mV ;       ; 01:55:09
   3:22'37"47 ; DC    ;  72,360 ;     mV ;       ; 01:55:10
   3:22'37"75 ; DC    ;  72,350 ;     mV ;       ; 01:55:10
   3:22'38"03 ; DC    ;  72,380 ;     mV ;       ; 01:55:10
   3:22'38"31 ; DC    ;  72,370 ;     mV ;       ; 01:55:10
   3:22'38"57 ; DC    ;  72,370 ;     mV ;       ; 01:55:11
   3:22'38"85 ; DC    ;  72,360 ;     mV ;       ; 01:55:11
   3:22'39"12 ; DC    ;  72,360 ;     mV ;       ; 01:55:11
   3:22'39"38 ; DC    ;  72,370 ;     mV ;       ; 01:55:12
   3:22'39"64 ; DC    ;  72,370 ;     mV ;       ; 01:55:12
   3:22'39"91 ; DC    ;  72,380 ;     mV ;       ; 01:55:12
   3:22'40"20 ; DC    ;  72,380 ;     mV ;       ; 01:55:12
   3:22'40"48 ; DC    ;  72,380 ;     mV ;       ; 01:55:13
   3:22'40"77 ; DC    ;  72,370 ;     mV ;       ; 01:55:13
   3:22'41"05 ; DC    ;  72,380 ;     mV ;       ; 01:55:13
   3:22'41"35 ; DC    ;  72,380 ;     mV ;       ; 01:55:14
   3:22'41"63 ; DC    ;  72,380 ;     mV ;       ; 01:55:14
   3:22'41"91 ; DC    ;  72,400 ;     mV ;       ; 01:55:14
   3:22'42"20 ; DC    ;  72,400 ;     mV ;       ; 01:55:14
   3:22'42"49 ; DC    ;  72,430 ;     mV ;       ; 01:55:15
   3:22'42"80 ; DC    ;  72,420 ;     mV ;       ; 01:55:15
   3:22'43"11 ; DC    ;  72,440 ;     mV ;       ; 01:55:15
   3:22'43"39 ; DC    ;  72,440 ;     mV ;       ; 01:55:16
   3:22'43"68 ; DC    ;  72,450 ;     mV ;       ; 01:55:16
   3:22'43"96 ; DC    ;  72,450 ;     mV ;       ; 01:55:16
   3:22'44"24 ; DC    ;  72,430 ;     mV ;       ; 01:55:16
   3:22'44"55 ; DC    ;  72,440 ;     mV ;       ; 01:55:17
   3:22'44"83 ; DC    ;  72,440 ;     mV ;       ; 01:55:17
   3:22'45"12 ; DC    ;  72,450 ;     mV ;       ; 01:55:17
   3:22'45"40 ; DC    ;  72,440 ;     mV ;       ; 01:55:18
   3:22'45"68 ; DC    ;  72,460 ;     mV ;       ; 01:55:18
   3:22'45"97 ; DC    ;  72,460 ;     mV ;       ; 01:55:18
   3:22'46"25 ; DC    ;  72,450 ;     mV ;       ; 01:55:18
   3:22'46"52 ; DC    ;  72,440 ;     mV ;       ; 01:55:19
   3:22'46"81 ; DC    ;  72,440 ;     mV ;       ; 01:55:19
   3:22'47"08 ; DC    ;  72,440 ;     mV ;       ; 01:55:19
   3:22'47"37 ; DC    ;  72,440 ;     mV ;       ; 01:55:20
   3:22'47"65 ; DC    ;  72,460 ;     mV ;       ; 01:55:20
   3:22'47"94 ; DC    ;  72,450 ;     mV ;       ; 01:55:20
   3:22'48"21 ; DC    ;  72,470 ;     mV ;       ; 01:55:20
   3:22'48"49 ; DC    ;  72,480 ;     mV ;       ; 01:55:21
   3:22'48"77 ; DC    ;  72,500 ;     mV ;       ; 01:55:21
   3:22'49"04 ; DC    ;  72,510 ;     mV ;       ; 01:55:21
   3:22'49"30 ; DC    ;  72,500 ;     mV ;       ; 01:55:21
   3:22'49"58 ; DC    ;  72,500 ;     mV ;       ; 01:55:22
   3:22'49"86 ; DC    ;  72,510 ;     mV ;       ; 01:55:22
   3:22'50"16 ; DC    ;  72,530 ;     mV ;       ; 01:55:22
   3:22'50"45 ; DC    ;  72,530 ;     mV ;       ; 01:55:23
   3:22'50"72 ; DC    ;  72,520 ;     mV ;       ; 01:55:23
   3:22'51"01 ; DC    ;  72,520 ;     mV ;       ; 01:55:23
   3:22'51"28 ; DC    ;  72,540 ;     mV ;       ; 01:55:23
   3:22'51"59 ; DC    ;  72,540 ;     mV ;       ; 01:55:24
   3:22'51"85 ; DC    ;  72,540 ;     mV ;       ; 01:55:24
   3:22'52"12 ; DC    ;  72,530 ;     mV ;       ; 01:55:24
   3:22'52"40 ; DC    ;  72,540 ;     mV ;       ; 01:55:25
   3:22'52"68 ; DC    ;  72,540 ;     mV ;       ; 01:55:25
   3:22'52"96 ; DC    ;  72,530 ;     mV ;       ; 01:55:25
   3:22'53"23 ; DC    ;  72,550 ;     mV ;       ; 01:55:25
   3:22'53"53 ; DC    ;  72,530 ;     mV ;       ; 01:55:26
   3:22'53"80 ; DC    ;  72,550 ;     mV ;       ; 01:55:26
   3:22'54"09 ; DC    ;  72,560 ;     mV ;       ; 01:55:26
   3:22'54"36 ; DC    ;  72,550 ;     mV ;       ; 01:55:27
   3:22'54"64 ; DC    ;  72,540 ;     mV ;       ; 01:55:27
   3:22'54"95 ; DC    ;  72,550 ;     mV ;       ; 01:55:27
   3:22'55"21 ; DC    ;  72,560 ;     mV ;       ; 01:55:27
   3:22'55"48 ; DC    ;  72,560 ;     mV ;       ; 01:55:28
   3:22'55"76 ; DC    ;  72,550 ;     mV ;       ; 01:55:28
   3:22'56"05 ; DC    ;  72,550 ;     mV ;       ; 01:55:28
   3:22'56"33 ; DC    ;  72,550 ;     mV ;       ; 01:55:28
   3:22'56"60 ; DC    ;  72,530 ;     mV ;       ; 01:55:29
   3:22'56"86 ; DC    ;  72,540 ;     mV ;       ; 01:55:29
   3:22'57"14 ; DC    ;  72,540 ;     mV ;       ; 01:55:29
   3:22'57"42 ; DC    ;  72,560 ;     mV ;       ; 01:55:30
   3:22'57"70 ; DC    ;  72,560 ;     mV ;       ; 01:55:30
   3:22'57"98 ; DC    ;  72,550 ;     mV ;       ; 01:55:30
   3:22'58"26 ; DC    ;  72,560 ;     mV ;       ; 01:55:30
   3:22'58"53 ; DC    ;  72,580 ;     mV ;       ; 01:55:31
   3:22'58"81 ; DC    ;  72,580 ;     mV ;       ; 01:55:31
   3:22'59"08 ; DC    ;  72,580 ;     mV ;       ; 01:55:31
   3:22'59"36 ; DC    ;  72,570 ;     mV ;       ; 01:55:32
   3:22'59"65 ; DC    ;  72,590 ;     mV ;       ; 01:55:32
   3:22'59"94 ; DC    ;  72,580 ;     mV ;       ; 01:55:32
   3:23'00"23 ; DC    ;  72,600 ;     mV ;       ; 01:55:32
   3:23'00"51 ; DC    ;  72,610 ;     mV ;       ; 01:55:33
   3:23'00"79 ; DC    ;  72,620 ;     mV ;       ; 01:55:33
   3:23'01"07 ; DC    ;  72,600 ;     mV ;       ; 01:55:33
   3:23'01"35 ; DC    ;  72,610 ;     mV ;       ; 01:55:34
   3:23'01"62 ; DC    ;  72,620 ;     mV ;       ; 01:55:34
   3:23'01"92 ; DC    ;  72,610 ;     mV ;       ; 01:55:34
   3:23'02"21 ; DC    ;  72,630 ;     mV ;       ; 01:55:34
   3:23'02"50 ; DC    ;  72,620 ;     mV ;       ; 01:55:35
   3:23'02"80 ; DC    ;  72,620 ;     mV ;       ; 01:55:35
   3:23'03"07 ; DC    ;  72,610 ;     mV ;       ; 01:55:35
   3:23'03"35 ; DC    ;  72,600 ;     mV ;       ; 01:55:36
   3:23'03"64 ; DC    ;  72,620 ;     mV ;       ; 01:55:36
   3:23'03"92 ; DC    ;  72,600 ;     mV ;       ; 01:55:36
   3:23'04"18 ; DC    ;  72,600 ;     mV ;       ; 01:55:36
   3:23'04"44 ; DC    ;  72,620 ;     mV ;       ; 01:55:37
   3:23'04"72 ; DC    ;  72,630 ;     mV ;       ; 01:55:37
   3:23'04"99 ; DC    ;  72,640 ;     mV ;       ; 01:55:37
   3:23'05"28 ; DC    ;  72,640 ;     mV ;       ; 01:55:37
   3:23'05"57 ; DC    ;  72,620 ;     mV ;       ; 01:55:38
   3:23'05"86 ; DC    ;  72,650 ;     mV ;       ; 01:55:38
   3:23'06"15 ; DC    ;  72,660 ;     mV ;       ; 01:55:38
   3:23'06"43 ; DC    ;  72,650 ;     mV ;       ; 01:55:39
   3:23'06"71 ; DC    ;  72,670 ;     mV ;       ; 01:55:39
   3:23'07"00 ; DC    ;  72,660 ;     mV ;       ; 01:55:39
   3:23'07"30 ; DC    ;  72,670 ;     mV ;       ; 01:55:39
   3:23'07"59 ; DC    ;  72,670 ;     mV ;       ; 01:55:40
   3:23'07"88 ; DC    ;  72,670 ;     mV ;       ; 01:55:40
   3:23'08"18 ; DC    ;  72,680 ;     mV ;       ; 01:55:40
   3:23'08"50 ; DC    ;  72,680 ;     mV ;       ; 01:55:41
   3:23'08"78 ; DC    ;  72,690 ;     mV ;       ; 01:55:41
   3:23'09"05 ; DC    ;  72,700 ;     mV ;       ; 01:55:41
   3:23'09"33 ; DC    ;  72,690 ;     mV ;       ; 01:55:42
   3:23'09"62 ; DC    ;  72,690 ;     mV ;       ; 01:55:42
   3:23'09"89 ; DC    ;  72,680 ;     mV ;       ; 01:55:42
   3:23'10"19 ; DC    ;  72,680 ;     mV ;       ; 01:55:42
   3:23'10"50 ; DC    ;  72,680 ;     mV ;       ; 01:55:43
   3:23'10"77 ; DC    ;  72,680 ;     mV ;       ; 01:55:43
   3:23'11"08 ; DC    ;  72,680 ;     mV ;       ; 01:55:43
   3:23'11"37 ; DC    ;  72,720 ;     mV ;       ; 01:55:44
   3:23'11"65 ; DC    ;  72,720 ;     mV ;       ; 01:55:44
   3:23'11"94 ; DC    ;  72,720 ;     mV ;       ; 01:55:44
   3:23'12"23 ; DC    ;  72,720 ;     mV ;       ; 01:55:44
   3:23'12"50 ; DC    ;  72,740 ;     mV ;       ; 01:55:45
   3:23'12"79 ; DC    ;  72,740 ;     mV ;       ; 01:55:45
   3:23'13"07 ; DC    ;  72,740 ;     mV ;       ; 01:55:45
   3:23'13"35 ; DC    ;  72,740 ;     mV ;       ; 01:55:46
   3:23'13"65 ; DC    ;  72,760 ;     mV ;       ; 01:55:46
   3:23'13"92 ; DC    ;  72,760 ;     mV ;       ; 01:55:46
   3:23'14"43 ; DC    ;  72,760 ;     mV ;       ; 01:55:47
   3:23'14"71 ; DC    ;  72,750 ;     mV ;       ; 01:55:47
   3:23'14"99 ; DC    ;  72,750 ;     mV ;       ; 01:55:47
   3:23'15"29 ; DC    ;  72,760 ;     mV ;       ; 01:55:47
   3:23'15"57 ; DC    ;  72,770 ;     mV ;       ; 01:55:48
   3:23'15"85 ; DC    ;  72,790 ;     mV ;       ; 01:55:48
   3:23'16"12 ; DC    ;  72,780 ;     mV ;       ; 01:55:48
   3:23'16"44 ; DC    ;  72,780 ;     mV ;       ; 01:55:49
   3:23'16"73 ; DC    ;  72,780 ;     mV ;       ; 01:55:49
   3:23'16"99 ; DC    ;  72,760 ;     mV ;       ; 01:55:49
   3:23'17"28 ; DC    ;  72,770 ;     mV ;       ; 01:55:49
   3:23'17"55 ; DC    ;  72,770 ;     mV ;       ; 01:55:50
   3:23'17"84 ; DC    ;  72,780 ;     mV ;       ; 01:55:50
   3:23'18"16 ; DC    ;  72,780 ;     mV ;       ; 01:55:50
   3:23'18"44 ; DC    ;  72,790 ;     mV ;       ; 01:55:51
   3:23'18"72 ; DC    ;  72,790 ;     mV ;       ; 01:55:51
   3:23'19"02 ; DC    ;  72,790 ;     mV ;       ; 01:55:51
   3:23'19"32 ; DC    ;  72,790 ;     mV ;       ; 01:55:51
   3:23'19"61 ; DC    ;  72,800 ;     mV ;       ; 01:55:52
   3:23'19"90 ; DC    ;  72,800 ;     mV ;       ; 01:55:52
   3:23'20"18 ; DC    ;  72,800 ;     mV ;       ; 01:55:52
   3:23'20"48 ; DC    ;  72,790 ;     mV ;       ; 01:55:53
   3:23'20"76 ; DC    ;  72,800 ;     mV ;       ; 01:55:53
   3:23'21"06 ; DC    ;  72,810 ;     mV ;       ; 01:55:53
   3:23'21"35 ; DC    ;  72,820 ;     mV ;       ; 01:55:54
   3:23'21"62 ; DC    ;  72,840 ;     mV ;       ; 01:55:54
   3:23'21"91 ; DC    ;  72,840 ;     mV ;       ; 01:55:54
   3:23'22"19 ; DC    ;  72,840 ;     mV ;       ; 01:55:54
   3:23'22"48 ; DC    ;  72,850 ;     mV ;       ; 01:55:55
   3:23'22"76 ; DC    ;  72,840 ;     mV ;       ; 01:55:55
   3:23'23"04 ; DC    ;  72,820 ;     mV ;       ; 01:55:55
   3:23'23"31 ; DC    ;  72,820 ;     mV ;       ; 01:55:55
   3:23'23"57 ; DC    ;  72,860 ;     mV ;       ; 01:55:56
   3:23'23"84 ; DC    ;  72,850 ;     mV ;       ; 01:55:56
   3:23'24"12 ; DC    ;  72,840 ;     mV ;       ; 01:55:56
   3:23'24"38 ; DC    ;  72,840 ;     mV ;       ; 01:55:57
   3:23'24"67 ; DC    ;  72,850 ;     mV ;       ; 01:55:57
   3:23'24"93 ; DC    ;  72,830 ;     mV ;       ; 01:55:57
   3:23'25"19 ; DC    ;  72,840 ;     mV ;       ; 01:55:57
   3:23'25"47 ; DC    ;  72,840 ;     mV ;       ; 01:55:58
   3:23'25"75 ; DC    ;  72,850 ;     mV ;       ; 01:55:58
   3:23'26"02 ; DC    ;  72,840 ;     mV ;       ; 01:55:58
   3:23'26"29 ; DC    ;  72,860 ;     mV ;       ; 01:55:58
   3:23'26"58 ; DC    ;  72,870 ;     mV ;       ; 01:55:59
   3:23'26"85 ; DC    ;  72,880 ;     mV ;       ; 01:55:59
   3:23'27"13 ; DC    ;  72,870 ;     mV ;       ; 01:55:59
   3:23'27"41 ; DC    ;  72,870 ;     mV ;       ; 01:56:00
   3:23'27"71 ; DC    ;  72,890 ;     mV ;       ; 01:56:00
   3:23'27"99 ; DC    ;  72,870 ;     mV ;       ; 01:56:00
   3:23'28"28 ; DC    ;  72,870 ;     mV ;       ; 01:56:00
   3:23'28"54 ; DC    ;  72,880 ;     mV ;       ; 01:56:01
   3:23'28"82 ; DC    ;  72,870 ;     mV ;       ; 01:56:01
   3:23'29"08 ; DC    ;  72,870 ;     mV ;       ; 01:56:01
   3:23'29"36 ; DC    ;  72,850 ;     mV ;       ; 01:56:02
   3:23'29"64 ; DC    ;  72,840 ;     mV ;       ; 01:56:02
   3:23'29"92 ; DC    ;  72,870 ;     mV ;       ; 01:56:02
   3:23'30"21 ; DC    ;  72,860 ;     mV ;       ; 01:56:02
   3:23'30"49 ; DC    ;  72,880 ;     mV ;       ; 01:56:03
   3:23'30"78 ; DC    ;  72,880 ;     mV ;       ; 01:56:03
   3:23'31"09 ; DC    ;  72,880 ;     mV ;       ; 01:56:03
   3:23'31"38 ; DC    ;  72,890 ;     mV ;       ; 01:56:04
   3:23'31"66 ; DC    ;  72,880 ;     mV ;       ; 01:56:04
   3:23'31"96 ; DC    ;  72,900 ;     mV ;       ; 01:56:04
   3:23'32"26 ; DC    ;  72,910 ;     mV ;       ; 01:56:04
   3:23'32"55 ; DC    ;  72,930 ;     mV ;       ; 01:56:05
   3:23'32"85 ; DC    ;  72,940 ;     mV ;       ; 01:56:05
   3:23'33"15 ; DC    ;  72,930 ;     mV ;       ; 01:56:05
   3:23'33"43 ; DC    ;  72,920 ;     mV ;       ; 01:56:06
   3:23'33"72 ; DC    ;  72,920 ;     mV ;       ; 01:56:06
   3:23'34"01 ; DC    ;  72,910 ;     mV ;       ; 01:56:06
   3:23'34"30 ; DC    ;  72,920 ;     mV ;       ; 01:56:06
   3:23'34"57 ; DC    ;  72,910 ;     mV ;       ; 01:56:07
   3:23'34"85 ; DC    ;  72,910 ;     mV ;       ; 01:56:07
   3:23'35"14 ; DC    ;  72,910 ;     mV ;       ; 01:56:07
   3:23'35"45 ; DC    ;  72,930 ;     mV ;       ; 01:56:08
   3:23'35"72 ; DC    ;  72,920 ;     mV ;       ; 01:56:08
   3:23'36"02 ; DC    ;  72,930 ;     mV ;       ; 01:56:08
   3:23'36"32 ; DC    ;  72,930 ;     mV ;       ; 01:56:08
   3:23'36"59 ; DC    ;  72,940 ;     mV ;       ; 01:56:09
   3:23'36"88 ; DC    ;  72,940 ;     mV ;       ; 01:56:09
   3:23'37"19 ; DC    ;  72,950 ;     mV ;       ; 01:56:09
   3:23'37"51 ; DC    ;  72,950 ;     mV ;       ; 01:56:10
   3:23'37"83 ; DC    ;  72,950 ;     mV ;       ; 01:56:10
   3:23'38"12 ; DC    ;  72,950 ;     mV ;       ; 01:56:10
   3:23'38"44 ; DC    ;  72,950 ;     mV ;       ; 01:56:11
   3:23'38"74 ; DC    ;  72,980 ;     mV ;       ; 01:56:11
   3:23'39"04 ; DC    ;  72,960 ;     mV ;       ; 01:56:11
   3:23'39"32 ; DC    ;  72,960 ;     mV ;       ; 01:56:11
   3:23'39"62 ; DC    ;  72,980 ;     mV ;       ; 01:56:12
   3:23'39"91 ; DC    ;  72,980 ;     mV ;       ; 01:56:12
   3:23'40"19 ; DC    ;  72,980 ;     mV ;       ; 01:56:12
   3:23'40"50 ; DC    ;  72,980 ;     mV ;       ; 01:56:13
   3:23'40"77 ; DC    ;  72,990 ;     mV ;       ; 01:56:13
   3:23'41"10 ; DC    ;  72,990 ;     mV ;       ; 01:56:13
   3:23'41"40 ; DC    ;  72,990 ;     mV ;       ; 01:56:14
   3:23'41"69 ; DC    ;  72,990 ;     mV ;       ; 01:56:14
   3:23'41"96 ; DC    ;  73,010 ;     mV ;       ; 01:56:14
   3:23'42"23 ; DC    ;  73,000 ;     mV ;       ; 01:56:14
   3:23'42"53 ; DC    ;  73,000 ;     mV ;       ; 01:56:15
   3:23'42"81 ; DC    ;  73,000 ;     mV ;       ; 01:56:15
   3:23'43"11 ; DC    ;  72,990 ;     mV ;       ; 01:56:15
   3:23'43"38 ; DC    ;  73,010 ;     mV ;       ; 01:56:16
   3:23'43"64 ; DC    ;  73,010 ;     mV ;       ; 01:56:16
   3:23'43"94 ; DC    ;  73,020 ;     mV ;       ; 01:56:16
   3:23'44"22 ; DC    ;  73,020 ;     mV ;       ; 01:56:16
   3:23'44"51 ; DC    ;  73,020 ;     mV ;       ; 01:56:17
   3:23'44"80 ; DC    ;  73,020 ;     mV ;       ; 01:56:17
   3:23'45"10 ; DC    ;  73,030 ;     mV ;       ; 01:56:17
   3:23'45"38 ; DC    ;  73,020 ;     mV ;       ; 01:56:18
   3:23'45"66 ; DC    ;  73,020 ;     mV ;       ; 01:56:18
   3:23'45"95 ; DC    ;  73,030 ;     mV ;       ; 01:56:18
   3:23'46"23 ; DC    ;  73,040 ;     mV ;       ; 01:56:18
   3:23'46"50 ; DC    ;  73,040 ;     mV ;       ; 01:56:19
   3:23'46"79 ; DC    ;  73,030 ;     mV ;       ; 01:56:19
   3:23'47"08 ; DC    ;  73,030 ;     mV ;       ; 01:56:19
   3:23'47"36 ; DC    ;  73,040 ;     mV ;       ; 01:56:20
   3:23'47"63 ; DC    ;  73,040 ;     mV ;       ; 01:56:20
   3:23'47"91 ; DC    ;  73,040 ;     mV ;       ; 01:56:20
   3:23'48"19 ; DC    ;  73,030 ;     mV ;       ; 01:56:20
   3:23'48"50 ; DC    ;  73,050 ;     mV ;       ; 01:56:21
   3:23'48"83 ; DC    ;  73,070 ;     mV ;       ; 01:56:21
   3:23'49"10 ; DC    ;  73,050 ;     mV ;       ; 01:56:21
   3:23'49"38 ; DC    ;  73,070 ;     mV ;       ; 01:56:22
   3:23'49"67 ; DC    ;  73,070 ;     mV ;       ; 01:56:22
   3:23'49"95 ; DC    ;  73,070 ;     mV ;       ; 01:56:22
   3:23'50"22 ; DC    ;  73,070 ;     mV ;       ; 01:56:22
   3:23'50"50 ; DC    ;  73,080 ;     mV ;       ; 01:56:23
   3:23'50"78 ; DC    ;  73,070 ;     mV ;       ; 01:56:23
   3:23'51"06 ; DC    ;  73,090 ;     mV ;       ; 01:56:23
   3:23'51"35 ; DC    ;  73,080 ;     mV ;       ; 01:56:24
   3:23'51"63 ; DC    ;  73,070 ;     mV ;       ; 01:56:24
   3:23'51"91 ; DC    ;  73,080 ;     mV ;       ; 01:56:24
   3:23'52"18 ; DC    ;  73,080 ;     mV ;       ; 01:56:24
   3:23'52"46 ; DC    ;  73,080 ;     mV ;       ; 01:56:25
   3:23'52"75 ; DC    ;  73,070 ;     mV ;       ; 01:56:25
   3:23'53"02 ; DC    ;  73,090 ;     mV ;       ; 01:56:25
   3:23'53"31 ; DC    ;  73,080 ;     mV ;       ; 01:56:25
   3:23'53"60 ; DC    ;  73,080 ;     mV ;       ; 01:56:26
   3:23'53"91 ; DC    ;  73,090 ;     mV ;       ; 01:56:26
   3:23'54"22 ; DC    ;  73,090 ;     mV ;       ; 01:56:26
   3:23'54"52 ; DC    ;  73,100 ;     mV ;       ; 01:56:27
   3:23'54"79 ; DC    ;  73,090 ;     mV ;       ; 01:56:27
   3:23'55"06 ; DC    ;  73,100 ;     mV ;       ; 01:56:27
   3:23'55"34 ; DC    ;  73,090 ;     mV ;       ; 01:56:28
   3:23'55"62 ; DC    ;  73,090 ;     mV ;       ; 01:56:28
   3:23'55"90 ; DC    ;  73,090 ;     mV ;       ; 01:56:28
   3:23'56"19 ; DC    ;  73,080 ;     mV ;       ; 01:56:28
   3:23'56"48 ; DC    ;  73,090 ;     mV ;       ; 01:56:29
   3:23'56"82 ; DC    ;  73,090 ;     mV ;       ; 01:56:29
   3:23'57"12 ; DC    ;  73,080 ;     mV ;       ; 01:56:29
   3:23'57"42 ; DC    ;  73,090 ;     mV ;       ; 01:56:30
   3:23'57"70 ; DC    ;  73,080 ;     mV ;       ; 01:56:30
   3:23'57"99 ; DC    ;  73,080 ;     mV ;       ; 01:56:30
   3:23'58"28 ; DC    ;  73,090 ;     mV ;       ; 01:56:30
   3:23'58"57 ; DC    ;  73,100 ;     mV ;       ; 01:56:31
   3:23'58"85 ; DC    ;  73,100 ;     mV ;       ; 01:56:31
   3:23'59"17 ; DC    ;  73,110 ;     mV ;       ; 01:56:31
   3:23'59"44 ; DC    ;  73,100 ;     mV ;       ; 01:56:32
   3:23'59"73 ; DC    ;  73,110 ;     mV ;       ; 01:56:32
   3:24'00"01 ; DC    ;  73,100 ;     mV ;       ; 01:56:32
   3:24'00"30 ; DC    ;  73,120 ;     mV ;       ; 01:56:32
   3:24'00"63 ; DC    ;  73,120 ;     mV ;       ; 01:56:33
   3:24'00"92 ; DC    ;  73,110 ;     mV ;       ; 01:56:33
   3:24'01"22 ; DC    ;  73,110 ;     mV ;       ; 01:56:33
   3:24'01"50 ; DC    ;  73,110 ;     mV ;       ; 01:56:34
   3:24'01"78 ; DC    ;  73,130 ;     mV ;       ; 01:56:34
   3:24'02"06 ; DC    ;  73,130 ;     mV ;       ; 01:56:34
   3:24'02"35 ; DC    ;  73,130 ;     mV ;       ; 01:56:35
   3:24'02"64 ; DC    ;  73,120 ;     mV ;       ; 01:56:35
   3:24'02"91 ; DC    ;  73,120 ;     mV ;       ; 01:56:35
   3:24'03"19 ; DC    ;  73,120 ;     mV ;       ; 01:56:35
   3:24'03"47 ; DC    ;  73,100 ;     mV ;       ; 01:56:36
   3:24'03"77 ; DC    ;  73,120 ;     mV ;       ; 01:56:36
   3:24'04"08 ; DC    ;  73,120 ;     mV ;       ; 01:56:36
   3:24'04"39 ; DC    ;  73,120 ;     mV ;       ; 01:56:37
   3:24'04"67 ; DC    ;  73,120 ;     mV ;       ; 01:56:37
   3:24'04"97 ; DC    ;  73,130 ;     mV ;       ; 01:56:37
   3:24'05"26 ; DC    ;  73,140 ;     mV ;       ; 01:56:37
   3:24'05"55 ; DC    ;  73,150 ;     mV ;       ; 01:56:38
   3:24'05"84 ; DC    ;  73,130 ;     mV ;       ; 01:56:38
   3:24'06"10 ; DC    ;  73,130 ;     mV ;       ; 01:56:38
   3:24'06"39 ; DC    ;  73,140 ;     mV ;       ; 01:56:39
   3:24'06"66 ; DC    ;  73,140 ;     mV ;       ; 01:56:39
   3:24'06"96 ; DC    ;  73,150 ;     mV ;       ; 01:56:39
   3:24'07"26 ; DC    ;  73,170 ;     mV ;       ; 01:56:39
   3:24'07"56 ; DC    ;  73,150 ;     mV ;       ; 01:56:40
   3:24'07"84 ; DC    ;  73,150 ;     mV ;       ; 01:56:40
   3:24'08"12 ; DC    ;  73,170 ;     mV ;       ; 01:56:40
   3:24'08"40 ; DC    ;  73,170 ;     mV ;       ; 01:56:41
   3:24'08"74 ; DC    ;  73,170 ;     mV ;       ; 01:56:41
   3:24'09"01 ; DC    ;  73,160 ;     mV ;       ; 01:56:41
   3:24'09"27 ; DC    ;  73,160 ;     mV ;       ; 01:56:41
   3:24'09"54 ; DC    ;  73,160 ;     mV ;       ; 01:56:42
   3:24'09"81 ; DC    ;  73,150 ;     mV ;       ; 01:56:42
   3:24'10"09 ; DC    ;  73,160 ;     mV ;       ; 01:56:42
   3:24'10"35 ; DC    ;  73,170 ;     mV ;       ; 01:56:43
   3:24'10"63 ; DC    ;  73,160 ;     mV ;       ; 01:56:43
   3:24'10"92 ; DC    ;  73,180 ;     mV ;       ; 01:56:43
   3:24'11"18 ; DC    ;  73,170 ;     mV ;       ; 01:56:43
   3:24'11"45 ; DC    ;  73,180 ;     mV ;       ; 01:56:44
   3:24'11"73 ; DC    ;  73,190 ;     mV ;       ; 01:56:44
   3:24'12"01 ; DC    ;  73,190 ;     mV ;       ; 01:56:44
   3:24'12"27 ; DC    ;  73,190 ;     mV ;       ; 01:56:44
   3:24'12"56 ; DC    ;  73,180 ;     mV ;       ; 01:56:45
   3:24'12"84 ; DC    ;  73,180 ;     mV ;       ; 01:56:45
   3:24'13"10 ; DC    ;  73,190 ;     mV ;       ; 01:56:45
   3:24'13"38 ; DC    ;  73,170 ;     mV ;       ; 01:56:46
   3:24'13"65 ; DC    ;  73,170 ;     mV ;       ; 01:56:46
   3:24'13"93 ; DC    ;  73,200 ;     mV ;       ; 01:56:46
   3:24'14"20 ; DC    ;  73,190 ;     mV ;       ; 01:56:46
   3:24'14"48 ; DC    ;  73,170 ;     mV ;       ; 01:56:47
   3:24'14"76 ; DC    ;  73,180 ;     mV ;       ; 01:56:47
   3:24'15"05 ; DC    ;  73,190 ;     mV ;       ; 01:56:47
   3:24'15"33 ; DC    ;  73,180 ;     mV ;       ; 01:56:47
   3:24'15"60 ; DC    ;  73,180 ;     mV ;       ; 01:56:48
   3:24'15"86 ; DC    ;  73,220 ;     mV ;       ; 01:56:48
   3:24'16"15 ; DC    ;  73,220 ;     mV ;       ; 01:56:48
   3:24'16"43 ; DC    ;  73,220 ;     mV ;       ; 01:56:49
   3:24'16"72 ; DC    ;  73,210 ;     mV ;       ; 01:56:49
   3:24'16"99 ; DC    ;  73,210 ;     mV ;       ; 01:56:49
   3:24'17"28 ; DC    ;  73,200 ;     mV ;       ; 01:56:49
   3:24'17"56 ; DC    ;  73,210 ;     mV ;       ; 01:56:50
   3:24'17"86 ; DC    ;  73,200 ;     mV ;       ; 01:56:50
   3:24'18"14 ; DC    ;  73,200 ;     mV ;       ; 01:56:50
   3:24'18"42 ; DC    ;  73,200 ;     mV ;       ; 01:56:51
   3:24'18"71 ; DC    ;  73,190 ;     mV ;       ; 01:56:51
   3:24'18"99 ; DC    ;  73,200 ;     mV ;       ; 01:56:51
   3:24'19"29 ; DC    ;  73,210 ;     mV ;       ; 01:56:51
   3:24'19"59 ; DC    ;  73,220 ;     mV ;       ; 01:56:52
   3:24'19"89 ; DC    ;  73,210 ;     mV ;       ; 01:56:52
   3:24'20"18 ; DC    ;  73,210 ;     mV ;       ; 01:56:52
   3:24'20"46 ; DC    ;  73,200 ;     mV ;       ; 01:56:53
   3:24'20"74 ; DC    ;  73,200 ;     mV ;       ; 01:56:53
   3:24'21"00 ; DC    ;  73,200 ;     mV ;       ; 01:56:53
   3:24'21"30 ; DC    ;  73,210 ;     mV ;       ; 01:56:53
   3:24'21"57 ; DC    ;  73,210 ;     mV ;       ; 01:56:54
   3:24'21"86 ; DC    ;  73,210 ;     mV ;       ; 01:56:54
   3:24'22"13 ; DC    ;  73,220 ;     mV ;       ; 01:56:54
   3:24'22"41 ; DC    ;  73,220 ;     mV ;       ; 01:56:55
   3:24'22"71 ; DC    ;  73,240 ;     mV ;       ; 01:56:55
   3:24'22"98 ; DC    ;  73,230 ;     mV ;       ; 01:56:55
   3:24'23"27 ; DC    ;  73,230 ;     mV ;       ; 01:56:55
   3:24'23"57 ; DC    ;  73,240 ;     mV ;       ; 01:56:56
   3:24'23"85 ; DC    ;  73,230 ;     mV ;       ; 01:56:56
   3:24'24"13 ; DC    ;  73,240 ;     mV ;       ; 01:56:56
   3:24'24"43 ; DC    ;  73,240 ;     mV ;       ; 01:56:57
   3:24'24"72 ; DC    ;  73,240 ;     mV ;       ; 01:56:57
   3:24'24"99 ; DC    ;  73,240 ;     mV ;       ; 01:56:57
   3:24'25"26 ; DC    ;  73,240 ;     mV ;       ; 01:56:57
   3:24'25"52 ; DC    ;  73,230 ;     mV ;       ; 01:56:58
   3:24'25"79 ; DC    ;  73,220 ;     mV ;       ; 01:56:58
   3:24'26"07 ; DC    ;  73,220 ;     mV ;       ; 01:56:58
   3:24'26"35 ; DC    ;  73,210 ;     mV ;       ; 01:56:59
   3:24'26"68 ; DC    ;  73,210 ;     mV ;       ; 01:56:59
   3:24'26"95 ; DC    ;  73,220 ;     mV ;       ; 01:56:59
   3:24'27"21 ; DC    ;  72,980 ;     mV ;       ; 01:56:59
   3:24'27"49 ; DC    ;  72,840 ;     mV ;       ; 01:57:00
   3:24'27"76 ; DC    ;  72,760 ;     mV ;       ; 01:57:00
   3:24'28"02 ; DC    ;  72,700 ;     mV ;       ; 01:57:00
   3:24'28"29 ; DC    ;  72,640 ;     mV ;       ; 01:57:00
   3:24'28"57 ; DC    ;  72,600 ;     mV ;       ; 01:57:01
   3:24'28"88 ; DC    ;  72,550 ;     mV ;       ; 01:57:01
   3:24'29"17 ; DC    ;  72,500 ;     mV ;       ; 01:57:01
   3:24'29"43 ; DC    ;  72,490 ;     mV ;       ; 01:57:02
   3:24'29"69 ; DC    ;  72,470 ;     mV ;       ; 01:57:02
   3:24'29"97 ; DC    ;  72,420 ;     mV ;       ; 01:57:02
   3:24'30"24 ; DC    ;  72,420 ;     mV ;       ; 01:57:02
   3:24'30"52 ; DC    ;  72,370 ;     mV ;       ; 01:57:03
   3:24'30"80 ; DC    ;  72,350 ;     mV ;       ; 01:57:03
   3:24'31"09 ; DC    ;  72,310 ;     mV ;       ; 01:57:03
   3:24'31"37 ; DC    ;  72,270 ;     mV ;       ; 01:57:04
   3:24'31"65 ; DC    ;  72,240 ;     mV ;       ; 01:57:04
   3:24'31"96 ; DC    ;  72,210 ;     mV ;       ; 01:57:04
   3:24'32"28 ; DC    ;  72,200 ;     mV ;       ; 01:57:04
   3:24'32"57 ; DC    ;  72,170 ;     mV ;       ; 01:57:05
   3:24'32"86 ; DC    ;  72,170 ;     mV ;       ; 01:57:05
   3:24'33"15 ; DC    ;  72,110 ;     mV ;       ; 01:57:05
   3:24'33"44 ; DC    ;  72,100 ;     mV ;       ; 01:57:06
   3:24'33"73 ; DC    ;  72,070 ;     mV ;       ; 01:57:06
   3:24'34"00 ; DC    ;  72,060 ;     mV ;       ; 01:57:06
   3:24'34"28 ; DC    ;  72,050 ;     mV ;       ; 01:57:06
   3:24'34"56 ; DC    ;  72,020 ;     mV ;       ; 01:57:07
   3:24'34"85 ; DC    ;  72,000 ;     mV ;       ; 01:57:07
   3:24'35"12 ; DC    ;  71,970 ;     mV ;       ; 01:57:07
   3:24'35"40 ; DC    ;  71,970 ;     mV ;       ; 01:57:08
   3:24'39"89 ; DC    ;  71,970 ;     mV ;       ; 01:57:12
   3:24'40"26 ; DC    ;  71,700 ;     mV ;       ; 01:57:12
   3:24'40"56 ; DC    ;  71,670 ;     mV ;       ; 01:57:13
   3:24'40"88 ; DC    ;  71,650 ;     mV ;       ; 01:57:13
   3:24'41"17 ; DC    ;  71,670 ;     mV ;       ; 01:57:13
   3:24'41"49 ; DC    ;  71,660 ;     mV ;       ; 01:57:14
   3:24'41"80 ; DC    ;  71,600 ;     mV ;       ; 01:57:14
   3:24'42"13 ; DC    ;  71,590 ;     mV ;       ; 01:57:14
   3:24'42"45 ; DC    ;  71,580 ;     mV ;       ; 01:57:15
   3:24'42"76 ; DC    ;  71,560 ;     mV ;       ; 01:57:15
   3:24'43"06 ; DC    ;  71,540 ;     mV ;       ; 01:57:15
   3:24'43"36 ; DC    ;  71,520 ;     mV ;       ; 01:57:16
   3:24'43"67 ; DC    ;  71,500 ;     mV ;       ; 01:57:16
   3:24'43"99 ; DC    ;  71,500 ;     mV ;       ; 01:57:16
   3:24'44"29 ; DC    ;  71,460 ;     mV ;       ; 01:57:16
   3:24'44"60 ; DC    ;  71,450 ;     mV ;       ; 01:57:17
   3:24'44"92 ; DC    ;  71,460 ;     mV ;       ; 01:57:17
   3:24'45"25 ; DC    ;  71,460 ;     mV ;       ; 01:57:17
   3:24'45"61 ; DC    ;  71,430 ;     mV ;       ; 01:57:18
   3:24'45"92 ; DC    ;  71,420 ;     mV ;       ; 01:57:18
   3:24'46"26 ; DC    ;  71,430 ;     mV ;       ; 01:57:18
   3:24'46"58 ; DC    ;  71,410 ;     mV ;       ; 01:57:19
   3:24'46"88 ; DC    ;  71,400 ;     mV ;       ; 01:57:19
   3:24'47"20 ; DC    ;  71,380 ;     mV ;       ; 01:57:19
   3:24'47"51 ; DC    ;  71,360 ;     mV ;       ; 01:57:20
   3:24'47"81 ; DC    ;  71,340 ;     mV ;       ; 01:57:20
   3:24'48"14 ; DC    ;  71,320 ;     mV ;       ; 01:57:20
   3:24'48"46 ; DC    ;  71,300 ;     mV ;       ; 01:57:21
   3:24'48"78 ; DC    ;  71,300 ;     mV ;       ; 01:57:21
   3:24'49"09 ; DC    ;  71,270 ;     mV ;       ; 01:57:21
   3:24'49"41 ; DC    ;  71,270 ;     mV ;       ; 01:57:22
   3:24'49"72 ; DC    ;  71,270 ;     mV ;       ; 01:57:22
   3:24'50"01 ; DC    ;  71,250 ;     mV ;       ; 01:57:22
   3:24'50"31 ; DC    ;  71,240 ;     mV ;       ; 01:57:22
   3:24'50"61 ; DC    ;  71,220 ;     mV ;       ; 01:57:23
   3:24'50"91 ; DC    ;  71,210 ;     mV ;       ; 01:57:23
   3:24'51"22 ; DC    ;  71,190 ;     mV ;       ; 01:57:23
   3:24'51"52 ; DC    ;  71,190 ;     mV ;       ; 01:57:24
   3:24'51"85 ; DC    ;  71,190 ;     mV ;       ; 01:57:24
   3:24'52"16 ; DC    ;  71,160 ;     mV ;       ; 01:57:24
   3:24'52"50 ; DC    ;  71,140 ;     mV ;       ; 01:57:25
   3:24'52"79 ; DC    ;  71,130 ;     mV ;       ; 01:57:25
   3:24'53"09 ; DC    ;  71,110 ;     mV ;       ; 01:57:25
   3:24'53"41 ; DC    ;  71,110 ;     mV ;       ; 01:57:26
   3:24'53"72 ; DC    ;  71,090 ;     mV ;       ; 01:57:26
   3:24'54"02 ; DC    ;  71,090 ;     mV ;       ; 01:57:26
   3:24'54"32 ; DC    ;  71,080 ;     mV ;       ; 01:57:26
   3:24'54"65 ; DC    ;  71,070 ;     mV ;       ; 01:57:27
   3:24'54"95 ; DC    ;  71,060 ;     mV ;       ; 01:57:27
   3:24'55"23 ; DC    ;  71,050 ;     mV ;       ; 01:57:27
   3:24'55"51 ; DC    ;  71,040 ;     mV ;       ; 01:57:28
   3:24'55"79 ; DC    ;  71,040 ;     mV ;       ; 01:57:28
   3:24'56"08 ; DC    ;  71,000 ;     mV ;       ; 01:57:28
   3:24'56"36 ; DC    ;  71,000 ;     mV ;       ; 01:57:29
   3:24'56"64 ; DC    ;  71,000 ;     mV ;       ; 01:57:29
   3:24'56"92 ; DC    ;  71,000 ;     mV ;       ; 01:57:29
   3:24'57"19 ; DC    ;  70,980 ;     mV ;       ; 01:57:29
   3:24'57"50 ; DC    ;  70,960 ;     mV ;       ; 01:57:30
   3:24'57"77 ; DC    ;  70,950 ;     mV ;       ; 01:57:30
   3:24'58"08 ; DC    ;  70,930 ;     mV ;       ; 01:57:30
   3:24'58"38 ; DC    ;  70,930 ;     mV ;       ; 01:57:31
   3:24'58"68 ; DC    ;  70,910 ;     mV ;       ; 01:57:31
   3:24'58"99 ; DC    ;  70,930 ;     mV ;       ; 01:57:31
   3:24'59"31 ; DC    ;  70,910 ;     mV ;       ; 01:57:31
   3:24'59"70 ; DC    ;  70,920 ;     mV ;       ; 01:57:32
   3:25'00"03 ; DC    ;  70,910 ;     mV ;       ; 01:57:32
   3:25'00"33 ; DC    ;  70,900 ;     mV ;       ; 01:57:33
   3:25'00"71 ; DC    ;  70,870 ;     mV ;       ; 01:57:33
   3:25'01"02 ; DC    ;  70,860 ;     mV ;       ; 01:57:33
   3:25'01"34 ; DC    ;  70,860 ;     mV ;       ; 01:57:34
   3:25'01"69 ; DC    ;  70,860 ;     mV ;       ; 01:57:34
   3:25'02"00 ; DC    ;  70,840 ;     mV ;       ; 01:57:34
   3:25'02"30 ; DC    ;  70,820 ;     mV ;       ; 01:57:34
   3:25'02"58 ; DC    ;  70,830 ;     mV ;       ; 01:57:35
   3:25'02"88 ; DC    ;  70,800 ;     mV ;       ; 01:57:35
   3:25'03"17 ; DC    ;  70,810 ;     mV ;       ; 01:57:35
   3:25'03"48 ; DC    ;  70,800 ;     mV ;       ; 01:57:36
   3:25'03"77 ; DC    ;  70,780 ;     mV ;       ; 01:57:36
   3:25'04"06 ; DC    ;  70,790 ;     mV ;       ; 01:57:36
   3:25'04"36 ; DC    ;  70,780 ;     mV ;       ; 01:57:37
   3:25'04"66 ; DC    ;  70,770 ;     mV ;       ; 01:57:37
   3:25'04"97 ; DC    ;  70,750 ;     mV ;       ; 01:57:37
   3:25'05"28 ; DC    ;  70,740 ;     mV ;       ; 01:57:37
   3:25'05"59 ; DC    ;  70,730 ;     mV ;       ; 01:57:38
   3:25'05"90 ; DC    ;  70,710 ;     mV ;       ; 01:57:38
   3:25'06"20 ; DC    ;  70,720 ;     mV ;       ; 01:57:38
   3:25'06"52 ; DC    ;  70,690 ;     mV ;       ; 01:57:39
   3:25'06"85 ; DC    ;  70,700 ;     mV ;       ; 01:57:39
   3:25'07"13 ; DC    ;  70,700 ;     mV ;       ; 01:57:39
   3:25'07"41 ; DC    ;  70,690 ;     mV ;       ; 01:57:40
   3:25'07"73 ; DC    ;  70,690 ;     mV ;       ; 01:57:40
   3:25'08"03 ; DC    ;  70,690 ;     mV ;       ; 01:57:40
   3:25'08"37 ; DC    ;  70,690 ;     mV ;       ; 01:57:41
   3:25'08"67 ; DC    ;  70,680 ;     mV ;       ; 01:57:41
   3:25'08"98 ; DC    ;  70,670 ;     mV ;       ; 01:57:41
   3:25'09"30 ; DC    ;  70,650 ;     mV ;       ; 01:57:41
   3:25'09"61 ; DC    ;  70,650 ;     mV ;       ; 01:57:42
   3:25'09"92 ; DC    ;  70,630 ;     mV ;       ; 01:57:42
   3:25'10"19 ; DC    ;  70,630 ;     mV ;       ; 01:57:42
   3:25'10"48 ; DC    ;  70,630 ;     mV ;       ; 01:57:43
   3:25'10"76 ; DC    ;  70,630 ;     mV ;       ; 01:57:43
   3:25'11"04 ; DC    ;  70,610 ;     mV ;       ; 01:57:43
   3:25'11"33 ; DC    ;  70,590 ;     mV ;       ; 01:57:43
   3:25'11"61 ; DC    ;  70,590 ;     mV ;       ; 01:57:44
   3:25'11"89 ; DC    ;  70,580 ;     mV ;       ; 01:57:44
   3:25'12"17 ; DC    ;  70,580 ;     mV ;       ; 01:57:44
   3:25'12"45 ; DC    ;  70,580 ;     mV ;       ; 01:57:45
   3:25'12"73 ; DC    ;  70,570 ;     mV ;       ; 01:57:45
   3:25'13"01 ; DC    ;  70,550 ;     mV ;       ; 01:57:45
   3:25'13"27 ; DC    ;  70,550 ;     mV ;       ; 01:57:45
   3:25'13"56 ; DC    ;  70,550 ;     mV ;       ; 01:57:46
   3:25'13"84 ; DC    ;  70,550 ;     mV ;       ; 01:57:46
   3:25'14"12 ; DC    ;  70,530 ;     mV ;       ; 01:57:46
   3:25'14"39 ; DC    ;  70,510 ;     mV ;       ; 01:57:47
   3:25'14"67 ; DC    ;  70,510 ;     mV ;       ; 01:57:47
   3:25'14"93 ; DC    ;  70,480 ;     mV ;       ; 01:57:47
   3:25'15"23 ; DC    ;  70,490 ;     mV ;       ; 01:57:47
   3:25'15"52 ; DC    ;  70,500 ;     mV ;       ; 01:57:48
   3:25'15"80 ; DC    ;  70,480 ;     mV ;       ; 01:57:48
   3:25'16"09 ; DC    ;  70,470 ;     mV ;       ; 01:57:48
   3:25'16"37 ; DC    ;  70,480 ;     mV ;       ; 01:57:49
   3:25'16"69 ; DC    ;  70,480 ;     mV ;       ; 01:57:49
   3:25'16"96 ; DC    ;  70,460 ;     mV ;       ; 01:57:49
   3:25'17"28 ; DC    ;  70,450 ;     mV ;       ; 01:57:49
   3:25'17"56 ; DC    ;  70,440 ;     mV ;       ; 01:57:50
   3:25'17"92 ; DC    ;  70,430 ;     mV ;       ; 01:57:50
   3:25'18"26 ; DC    ;  70,400 ;     mV ;       ; 01:57:50
   3:25'18"55 ; DC    ;  70,410 ;     mV ;       ; 01:57:51
   3:25'18"85 ; DC    ;  70,410 ;     mV ;       ; 01:57:51
   3:25'19"14 ; DC    ;  70,400 ;     mV ;       ; 01:57:51
   3:25'19"41 ; DC    ;  70,410 ;     mV ;       ; 01:57:52
   3:25'19"71 ; DC    ;  70,420 ;     mV ;       ; 01:57:52
   3:25'19"99 ; DC    ;  70,410 ;     mV ;       ; 01:57:52
   3:25'20"29 ; DC    ;  70,400 ;     mV ;       ; 01:57:52
   3:25'20"57 ; DC    ;  70,400 ;     mV ;       ; 01:57:53
   3:25'20"87 ; DC    ;  70,390 ;     mV ;       ; 01:57:53
   3:25'21"15 ; DC    ;  70,390 ;     mV ;       ; 01:57:53
   3:25'21"44 ; DC    ;  70,370 ;     mV ;       ; 01:57:54
   3:25'21"73 ; DC    ;  70,370 ;     mV ;       ; 01:57:54
   3:25'22"03 ; DC    ;  70,370 ;     mV ;       ; 01:57:54
   3:25'22"34 ; DC    ;  70,350 ;     mV ;       ; 01:57:55
   3:25'22"63 ; DC    ;  70,340 ;     mV ;       ; 01:57:55
   3:25'22"96 ; DC    ;  70,320 ;     mV ;       ; 01:57:55
   3:25'23"26 ; DC    ;  70,310 ;     mV ;       ; 01:57:55
   3:25'23"55 ; DC    ;  70,320 ;     mV ;       ; 01:57:56
   3:25'23"85 ; DC    ;  70,320 ;     mV ;       ; 01:57:56
   3:25'24"13 ; DC    ;  70,320 ;     mV ;       ; 01:57:56
   3:25'24"43 ; DC    ;  70,320 ;     mV ;       ; 01:57:57
   3:25'24"69 ; DC    ;  70,320 ;     mV ;       ; 01:57:57
   3:25'24"98 ; DC    ;  70,310 ;     mV ;       ; 01:57:57
   3:25'25"30 ; DC    ;  70,300 ;     mV ;       ; 01:57:57
   3:25'25"60 ; DC    ;  70,290 ;     mV ;       ; 01:57:58
   3:25'25"91 ; DC    ;  70,280 ;     mV ;       ; 01:57:58
   3:25'26"23 ; DC    ;  70,290 ;     mV ;       ; 01:57:58
   3:25'26"55 ; DC    ;  70,260 ;     mV ;       ; 01:57:59
   3:25'26"86 ; DC    ;  70,260 ;     mV ;       ; 01:57:59
   3:25'27"17 ; DC    ;  70,260 ;     mV ;       ; 01:57:59
   3:25'27"51 ; DC    ;  70,230 ;     mV ;       ; 01:58:00
   3:25'27"83 ; DC    ;  70,240 ;     mV ;       ; 01:58:00
   3:25'28"14 ; DC    ;  70,240 ;     mV ;       ; 01:58:00
   3:25'28"49 ; DC    ;  70,220 ;     mV ;       ; 01:58:01
   3:25'28"77 ; DC    ;  70,230 ;     mV ;       ; 01:58:01
   3:25'29"09 ; DC    ;  70,210 ;     mV ;       ; 01:58:01
   3:25'29"39 ; DC    ;  70,190 ;     mV ;       ; 01:58:02
   3:25'29"67 ; DC    ;  70,190 ;     mV ;       ; 01:58:02
   3:25'29"95 ; DC    ;  70,190 ;     mV ;       ; 01:58:02
   3:25'30"26 ; DC    ;  70,160 ;     mV ;       ; 01:58:02
   3:25'30"58 ; DC    ;  70,160 ;     mV ;       ; 01:58:03
   3:25'30"89 ; DC    ;  70,160 ;     mV ;       ; 01:58:03
   3:25'31"18 ; DC    ;  70,150 ;     mV ;       ; 01:58:03
   3:25'31"46 ; DC    ;  70,150 ;     mV ;       ; 01:58:04
   3:25'31"77 ; DC    ;  70,140 ;     mV ;       ; 01:58:04
   3:25'32"07 ; DC    ;  70,120 ;     mV ;       ; 01:58:04
   3:25'32"35 ; DC    ;  70,140 ;     mV ;       ; 01:58:05
   3:25'32"68 ; DC    ;  70,130 ;     mV ;       ; 01:58:05
   3:25'32"96 ; DC    ;  70,130 ;     mV ;       ; 01:58:05
   3:25'33"26 ; DC    ;  70,130 ;     mV ;       ; 01:58:05
   3:25'33"57 ; DC    ;  70,120 ;     mV ;       ; 01:58:06
   3:25'33"87 ; DC    ;  70,120 ;     mV ;       ; 01:58:06
   3:25'34"18 ; DC    ;  70,120 ;     mV ;       ; 01:58:06
   3:25'34"48 ; DC    ;  70,100 ;     mV ;       ; 01:58:07
   3:25'34"78 ; DC    ;  70,110 ;     mV ;       ; 01:58:07
   3:25'35"10 ; DC    ;  70,120 ;     mV ;       ; 01:58:07
   3:25'35"40 ; DC    ;  70,080 ;     mV ;       ; 01:58:08
   3:25'35"72 ; DC    ;  70,100 ;     mV ;       ; 01:58:08
   3:25'36"01 ; DC    ;  70,090 ;     mV ;       ; 01:58:08
   3:25'36"35 ; DC    ;  70,090 ;     mV ;       ; 01:58:09
   3:25'36"63 ; DC    ;  70,090 ;     mV ;       ; 01:58:09
   3:25'36"91 ; DC    ;  70,070 ;     mV ;       ; 01:58:09
   3:25'37"21 ; DC    ;  70,040 ;     mV ;       ; 01:58:09
   3:25'37"50 ; DC    ;  70,040 ;     mV ;       ; 01:58:10
   3:25'37"82 ; DC    ;  70,010 ;     mV ;       ; 01:58:10
   3:25'38"12 ; DC    ;  70,040 ;     mV ;       ; 01:58:10
   3:25'38"42 ; DC    ;  70,040 ;     mV ;       ; 01:58:11
   3:25'38"71 ; DC    ;  70,040 ;     mV ;       ; 01:58:11
   3:25'39"01 ; DC    ;  70,020 ;     mV ;       ; 01:58:11
   3:25'39"31 ; DC    ;  70,020 ;     mV ;       ; 01:58:11
   3:25'39"62 ; DC    ;  70,020 ;     mV ;       ; 01:58:12
   3:25'39"93 ; DC    ;  70,000 ;     mV ;       ; 01:58:12
   3:25'40"23 ; DC    ;  70,000 ;     mV ;       ; 01:58:12
   3:25'40"56 ; DC    ;  69,990 ;     mV ;       ; 01:58:13
   3:25'40"85 ; DC    ;  69,980 ;     mV ;       ; 01:58:13
   3:25'41"21 ; DC    ;  69,990 ;     mV ;       ; 01:58:13
   3:25'41"49 ; DC    ;  69,980 ;     mV ;       ; 01:58:14
   3:25'41"78 ; DC    ;  69,970 ;     mV ;       ; 01:58:14
   3:25'42"08 ; DC    ;  69,970 ;     mV ;       ; 01:58:14
   3:25'42"38 ; DC    ;  69,960 ;     mV ;       ; 01:58:15
   3:25'42"69 ; DC    ;  69,940 ;     mV ;       ; 01:58:15
   3:25'42"99 ; DC    ;  69,930 ;     mV ;       ; 01:58:15
   3:25'43"29 ; DC    ;  69,930 ;     mV ;       ; 01:58:15
   3:25'43"60 ; DC    ;  69,920 ;     mV ;       ; 01:58:16
   3:25'43"87 ; DC    ;  69,920 ;     mV ;       ; 01:58:16
   3:25'44"16 ; DC    ;  69,920 ;     mV ;       ; 01:58:16
   3:25'44"43 ; DC    ;  69,920 ;     mV ;       ; 01:58:17
   3:25'44"73 ; DC    ;  69,910 ;     mV ;       ; 01:58:17
   3:25'45"04 ; DC    ;  69,900 ;     mV ;       ; 01:58:17
   3:25'45"34 ; DC    ;  69,910 ;     mV ;       ; 01:58:18
   3:25'45"62 ; DC    ;  69,910 ;     mV ;       ; 01:58:18
   3:25'45"92 ; DC    ;  69,910 ;     mV ;       ; 01:58:18
   3:25'46"25 ; DC    ;  69,880 ;     mV ;       ; 01:58:18
   3:25'46"59 ; DC    ;  69,900 ;     mV ;       ; 01:58:19
   3:25'46"88 ; DC    ;  69,890 ;     mV ;       ; 01:58:19
   3:25'47"20 ; DC    ;  69,900 ;     mV ;       ; 01:58:19
   3:25'47"50 ; DC    ;  69,900 ;     mV ;       ; 01:58:20
   3:25'47"79 ; DC    ;  69,880 ;     mV ;       ; 01:58:20
   3:25'48"16 ; DC    ;  69,870 ;     mV ;       ; 01:58:20
   3:25'48"46 ; DC    ;  69,860 ;     mV ;       ; 01:58:21
   3:25'48"77 ; DC    ;  69,860 ;     mV ;       ; 01:58:21
   3:25'49"05 ; DC    ;  69,850 ;     mV ;       ; 01:58:21
   3:25'49"35 ; DC    ;  69,870 ;     mV ;       ; 01:58:22
   3:25'49"65 ; DC    ;  69,850 ;     mV ;       ; 01:58:22
   3:25'49"95 ; DC    ;  69,830 ;     mV ;       ; 01:58:22
   3:25'50"24 ; DC    ;  69,820 ;     mV ;       ; 01:58:22
   3:25'50"52 ; DC    ;  69,840 ;     mV ;       ; 01:58:23
   3:25'50"86 ; DC    ;  69,830 ;     mV ;       ; 01:58:23
   3:25'51"15 ; DC    ;  69,820 ;     mV ;       ; 01:58:23
   3:25'51"45 ; DC    ;  69,830 ;     mV ;       ; 01:58:24
   3:25'51"77 ; DC    ;  69,810 ;     mV ;       ; 01:58:24
   3:25'52"05 ; DC    ;  69,810 ;     mV ;       ; 01:58:24
   3:25'52"34 ; DC    ;  69,800 ;     mV ;       ; 01:58:25
   3:25'52"64 ; DC    ;  69,800 ;     mV ;       ; 01:58:25
   3:25'52"92 ; DC    ;  69,790 ;     mV ;       ; 01:58:25
   3:25'53"20 ; DC    ;  69,790 ;     mV ;       ; 01:58:25
   3:25'53"46 ; DC    ;  69,770 ;     mV ;       ; 01:58:26
   3:25'53"73 ; DC    ;  69,760 ;     mV ;       ; 01:58:26
   3:25'54"01 ; DC    ;  69,780 ;     mV ;       ; 01:58:26
   3:25'54"30 ; DC    ;  69,780 ;     mV ;       ; 01:58:26
   3:25'54"58 ; DC    ;  69,760 ;     mV ;       ; 01:58:27
   3:25'54"87 ; DC    ;  69,760 ;     mV ;       ; 01:58:27
   3:25'55"15 ; DC    ;  69,740 ;     mV ;       ; 01:58:27
   3:25'55"45 ; DC    ;  69,740 ;     mV ;       ; 01:58:28
   3:25'55"74 ; DC    ;  69,750 ;     mV ;       ; 01:58:28
   3:25'56"03 ; DC    ;  69,730 ;     mV ;       ; 01:58:28
   3:25'56"32 ; DC    ;  69,730 ;     mV ;       ; 01:58:28
   3:25'56"60 ; DC    ;  69,720 ;     mV ;       ; 01:58:29
   3:25'56"90 ; DC    ;  69,730 ;     mV ;       ; 01:58:29
   3:25'57"20 ; DC    ;  69,700 ;     mV ;       ; 01:58:29
   3:25'57"52 ; DC    ;  69,730 ;     mV ;       ; 01:58:30
   3:25'57"81 ; DC    ;  69,730 ;     mV ;       ; 01:58:30
   3:25'58"09 ; DC    ;  69,710 ;     mV ;       ; 01:58:30
   3:25'58"35 ; DC    ;  69,720 ;     mV ;       ; 01:58:31
   3:25'58"99 ; DC    ;  69,700 ;     mV ;       ; 01:58:31
   3:25'59"28 ; DC    ;  69,690 ;     mV ;       ; 01:58:31
   3:25'59"56 ; DC    ;  69,680 ;     mV ;       ; 01:58:32
   3:25'59"82 ; DC    ;  69,660 ;     mV ;       ; 01:58:32
   3:26'00"09 ; DC    ;  69,660 ;     mV ;       ; 01:58:32
   3:26'00"36 ; DC    ;  69,670 ;     mV ;       ; 01:58:33
   3:26'00"65 ; DC    ;  69,680 ;     mV ;       ; 01:58:33
   3:26'00"94 ; DC    ;  69,680 ;     mV ;       ; 01:58:33
   3:26'01"22 ; DC    ;  69,680 ;     mV ;       ; 01:58:33
   3:26'01"50 ; DC    ;  69,680 ;     mV ;       ; 01:58:34
   3:26'01"77 ; DC    ;  69,670 ;     mV ;       ; 01:58:34
   3:26'02"06 ; DC    ;  69,670 ;     mV ;       ; 01:58:34
   3:26'02"34 ; DC    ;  69,670 ;     mV ;       ; 01:58:35
   3:26'02"64 ; DC    ;  69,650 ;     mV ;       ; 01:58:35
   3:26'02"92 ; DC    ;  69,640 ;     mV ;       ; 01:58:35
   3:26'03"20 ; DC    ;  69,630 ;     mV ;       ; 01:58:35
   3:26'03"49 ; DC    ;  69,630 ;     mV ;       ; 01:58:36
   3:26'03"78 ; DC    ;  69,620 ;     mV ;       ; 01:58:36
   3:26'04"08 ; DC    ;  69,620 ;     mV ;       ; 01:58:36
   3:26'04"38 ; DC    ;  69,630 ;     mV ;       ; 01:58:37
   3:26'04"66 ; DC    ;  69,600 ;     mV ;       ; 01:58:37
   3:26'04"92 ; DC    ;  69,600 ;     mV ;       ; 01:58:37
   3:26'05"23 ; DC    ;  69,580 ;     mV ;       ; 01:58:37
   3:26'05"51 ; DC    ;  69,600 ;     mV ;       ; 01:58:38
   3:26'05"79 ; DC    ;  69,580 ;     mV ;       ; 01:58:38
   3:26'06"08 ; DC    ;  69,580 ;     mV ;       ; 01:58:38
   3:26'06"35 ; DC    ;  69,580 ;     mV ;       ; 01:58:39
   3:26'06"63 ; DC    ;  69,570 ;     mV ;       ; 01:58:39
   3:26'06"91 ; DC    ;  69,570 ;     mV ;       ; 01:58:39
   3:26'07"17 ; DC    ;  69,570 ;     mV ;       ; 01:58:39
   3:26'07"44 ; DC    ;  69,570 ;     mV ;       ; 01:58:40
   3:26'07"73 ; DC    ;  69,570 ;     mV ;       ; 01:58:40
   3:26'08"01 ; DC    ;  69,570 ;     mV ;       ; 01:58:40
   3:26'08"30 ; DC    ;  69,570 ;     mV ;       ; 01:58:40
   3:26'08"58 ; DC    ;  69,550 ;     mV ;       ; 01:58:41
   3:26'08"86 ; DC    ;  69,550 ;     mV ;       ; 01:58:41
   3:26'09"12 ; DC    ;  69,560 ;     mV ;       ; 01:58:41
   3:26'09"38 ; DC    ;  69,550 ;     mV ;       ; 01:58:42
   3:26'09"66 ; DC    ;  69,550 ;     mV ;       ; 01:58:42
   3:26'09"95 ; DC    ;  69,530 ;     mV ;       ; 01:58:42
   3:26'10"22 ; DC    ;  69,530 ;     mV ;       ; 01:58:42
   3:26'10"50 ; DC    ;  69,540 ;     mV ;       ; 01:58:43
   3:26'10"78 ; DC    ;  69,510 ;     mV ;       ; 01:58:43
   3:26'11"05 ; DC    ;  69,510 ;     mV ;       ; 01:58:43
   3:26'11"35 ; DC    ;  69,530 ;     mV ;       ; 01:58:44
   3:26'11"62 ; DC    ;  69,520 ;     mV ;       ; 01:58:44
   3:26'11"90 ; DC    ;  69,520 ;     mV ;       ; 01:58:44
   3:26'12"16 ; DC    ;  69,500 ;     mV ;       ; 01:58:44
   3:26'12"43 ; DC    ;  69,500 ;     mV ;       ; 01:58:45
   3:26'12"70 ; DC    ;  69,490 ;     mV ;       ; 01:58:45
   3:26'12"99 ; DC    ;  69,490 ;     mV ;       ; 01:58:45
   3:26'13"28 ; DC    ;  69,490 ;     mV ;       ; 01:58:45
   3:26'13"55 ; DC    ;  69,490 ;     mV ;       ; 01:58:46
   3:26'13"83 ; DC    ;  69,480 ;     mV ;       ; 01:58:46
   3:26'14"11 ; DC    ;  69,470 ;     mV ;       ; 01:58:46
   3:26'14"39 ; DC    ;  69,480 ;     mV ;       ; 01:58:47
   3:26'14"67 ; DC    ;  69,480 ;     mV ;       ; 01:58:47
   3:26'14"94 ; DC    ;  69,450 ;     mV ;       ; 01:58:47
   3:26'15"21 ; DC    ;  69,460 ;     mV ;       ; 01:58:47
   3:26'15"50 ; DC    ;  69,470 ;     mV ;       ; 01:58:48
   3:26'15"77 ; DC    ;  69,430 ;     mV ;       ; 01:58:48
   3:26'16"05 ; DC    ;  69,450 ;     mV ;       ; 01:58:48
   3:26'16"33 ; DC    ;  69,420 ;     mV ;       ; 01:58:48
   3:26'16"60 ; DC    ;  69,440 ;     mV ;       ; 01:58:49
   3:26'16"88 ; DC    ;  69,420 ;     mV ;       ; 01:58:49
   3:26'17"16 ; DC    ;  69,410 ;     mV ;       ; 01:58:49
   3:26'17"42 ; DC    ;  69,420 ;     mV ;       ; 01:58:50
   3:26'17"70 ; DC    ;  69,400 ;     mV ;       ; 01:58:50
   3:26'17"98 ; DC    ;  69,400 ;     mV ;       ; 01:58:50
   3:26'18"25 ; DC    ;  69,420 ;     mV ;       ; 01:58:50
   3:26'18"53 ; DC    ;  69,420 ;     mV ;       ; 01:58:51
   3:26'18"80 ; DC    ;  69,410 ;     mV ;       ; 01:58:51
   3:26'19"09 ; DC    ;  69,420 ;     mV ;       ; 01:58:51
   3:26'19"35 ; DC    ;  69,420 ;     mV ;       ; 01:58:52
   3:26'19"64 ; DC    ;  69,430 ;     mV ;       ; 01:58:52
   3:26'19"91 ; DC    ;  69,420 ;     mV ;       ; 01:58:52
   3:26'20"21 ; DC    ;  69,390 ;     mV ;       ; 01:58:52
   3:26'20"48 ; DC    ;  69,390 ;     mV ;       ; 01:58:53
   3:26'20"77 ; DC    ;  69,400 ;     mV ;       ; 01:58:53
   3:26'21"06 ; DC    ;  69,380 ;     mV ;       ; 01:58:53
   3:26'21"36 ; DC    ;  69,390 ;     mV ;       ; 01:58:54
   3:26'21"65 ; DC    ;  69,380 ;     mV ;       ; 01:58:54
   3:26'21"94 ; DC    ;  69,380 ;     mV ;       ; 01:58:54
   3:26'22"23 ; DC    ;  69,370 ;     mV ;       ; 01:58:54
   3:26'22"51 ; DC    ;  69,390 ;     mV ;       ; 01:58:55
   3:26'22"79 ; DC    ;  69,370 ;     mV ;       ; 01:58:55
   3:26'23"07 ; DC    ;  69,370 ;     mV ;       ; 01:58:55
   3:26'23"34 ; DC    ;  69,390 ;     mV ;       ; 01:58:56
   3:26'23"61 ; DC    ;  69,380 ;     mV ;       ; 01:58:56
   3:26'23"89 ; DC    ;  69,380 ;     mV ;       ; 01:58:56
   3:26'24"19 ; DC    ;  69,380 ;     mV ;       ; 01:58:56
   3:26'24"46 ; DC    ;  69,380 ;     mV ;       ; 01:58:57
   3:26'24"73 ; DC    ;  69,390 ;     mV ;       ; 01:58:57
   3:26'24"99 ; DC    ;  69,350 ;     mV ;       ; 01:58:57
   3:26'25"27 ; DC    ;  69,350 ;     mV ;       ; 01:58:57
   3:26'25"56 ; DC    ;  69,330 ;     mV ;       ; 01:58:58
   3:26'25"85 ; DC    ;  69,340 ;     mV ;       ; 01:58:58
   3:26'26"13 ; DC    ;  69,330 ;     mV ;       ; 01:58:58
   3:26'26"42 ; DC    ;  69,340 ;     mV ;       ; 01:58:59
   3:26'26"69 ; DC    ;  69,320 ;     mV ;       ; 01:58:59
   3:26'27"00 ; DC    ;  69,320 ;     mV ;       ; 01:58:59
   3:26'27"27 ; DC    ;  69,320 ;     mV ;       ; 01:58:59
   3:26'27"56 ; DC    ;  69,320 ;     mV ;       ; 01:59:00
   3:26'27"86 ; DC    ;  69,310 ;     mV ;       ; 01:59:00
   3:26'28"15 ; DC    ;  69,300 ;     mV ;       ; 01:59:00
   3:26'28"45 ; DC    ;  69,310 ;     mV ;       ; 01:59:01
   3:26'28"72 ; DC    ;  69,300 ;     mV ;       ; 01:59:01
   3:26'29"02 ; DC    ;  69,310 ;     mV ;       ; 01:59:01
   3:26'29"29 ; DC    ;  69,310 ;     mV ;       ; 01:59:01
   3:26'29"55 ; DC    ;  69,330 ;     mV ;       ; 01:59:02
   3:26'29"83 ; DC    ;  69,310 ;     mV ;       ; 01:59:02
   3:26'30"11 ; DC    ;  69,290 ;     mV ;       ; 01:59:02
   3:26'30"44 ; DC    ;  69,290 ;     mV ;       ; 01:59:03
   3:26'30"73 ; DC    ;  69,270 ;     mV ;       ; 01:59:03
   3:26'31"04 ; DC    ;  69,300 ;     mV ;       ; 01:59:03
   3:26'31"33 ; DC    ;  69,290 ;     mV ;       ; 01:59:03
   3:26'31"60 ; DC    ;  69,290 ;     mV ;       ; 01:59:04
   3:26'31"89 ; DC    ;  69,270 ;     mV ;       ; 01:59:04
   3:26'32"16 ; DC    ;  69,280 ;     mV ;       ; 01:59:04
   3:26'32"43 ; DC    ;  69,280 ;     mV ;       ; 01:59:05
   3:26'32"72 ; DC    ;  69,270 ;     mV ;       ; 01:59:05
   3:26'33"01 ; DC    ;  69,270 ;     mV ;       ; 01:59:05
   3:26'33"32 ; DC    ;  69,250 ;     mV ;       ; 01:59:05
   3:26'33"61 ; DC    ;  69,260 ;     mV ;       ; 01:59:06
   3:26'33"89 ; DC    ;  69,280 ;     mV ;       ; 01:59:06
   3:26'34"17 ; DC    ;  69,250 ;     mV ;       ; 01:59:06
   3:26'34"44 ; DC    ;  69,250 ;     mV ;       ; 01:59:07
   3:26'34"72 ; DC    ;  69,230 ;     mV ;       ; 01:59:07
   3:26'34"99 ; DC    ;  69,220 ;     mV ;       ; 01:59:07
   3:26'35"29 ; DC    ;  69,240 ;     mV ;       ; 01:59:07
   3:26'35"57 ; DC    ;  69,220 ;     mV ;       ; 01:59:08
   3:26'35"85 ; DC    ;  69,220 ;     mV ;       ; 01:59:08
   3:26'36"13 ; DC    ;  69,220 ;     mV ;       ; 01:59:08
   3:26'36"40 ; DC    ;  69,210 ;     mV ;       ; 01:59:09
   3:26'36"67 ; DC    ;  69,220 ;     mV ;       ; 01:59:09
   3:26'36"95 ; DC    ;  69,210 ;     mV ;       ; 01:59:09
   3:26'37"21 ; DC    ;  69,210 ;     mV ;       ; 01:59:09
   3:26'37"48 ; DC    ;  69,210 ;     mV ;       ; 01:59:10
   3:26'37"74 ; DC    ;  69,210 ;     mV ;       ; 01:59:10
   3:26'38"02 ; DC    ;  69,210 ;     mV ;       ; 01:59:10
   3:26'38"30 ; DC    ;  69,210 ;     mV ;       ; 01:59:10
   3:26'38"58 ; DC    ;  69,210 ;     mV ;       ; 01:59:11
   3:26'38"89 ; DC    ;  69,200 ;     mV ;       ; 01:59:11
   3:26'39"20 ; DC    ;  69,190 ;     mV ;       ; 01:59:11
   3:26'39"49 ; DC    ;  69,190 ;     mV ;       ; 01:59:12
   3:26'39"76 ; DC    ;  69,190 ;     mV ;       ; 01:59:12
   3:26'40"04 ; DC    ;  69,190 ;     mV ;       ; 01:59:12
   3:26'40"31 ; DC    ;  69,180 ;     mV ;       ; 01:59:12
   3:26'40"60 ; DC    ;  69,160 ;     mV ;       ; 01:59:13
   3:26'40"88 ; DC    ;  69,180 ;     mV ;       ; 01:59:13
   3:26'41"16 ; DC    ;  69,170 ;     mV ;       ; 01:59:13
   3:26'41"46 ; DC    ;  69,160 ;     mV ;       ; 01:59:14
   3:26'41"77 ; DC    ;  69,150 ;     mV ;       ; 01:59:14
   3:26'42"05 ; DC    ;  69,150 ;     mV ;       ; 01:59:14
   3:26'42"34 ; DC    ;  69,140 ;     mV ;       ; 01:59:15
   3:26'43"80 ; DC    ;  69,110 ;     mV ;       ; 01:59:16
   3:26'44"09 ; DC    ;  69,130 ;     mV ;       ; 01:59:16
   3:26'44"37 ; DC    ;  69,130 ;     mV ;       ; 01:59:17
   3:26'44"67 ; DC    ;  69,120 ;     mV ;       ; 01:59:17
   3:26'46"15 ; DC    ;  69,130 ;     mV ;       ; 01:59:18
   3:26'46"45 ; DC    ;  69,110 ;     mV ;       ; 01:59:19
   3:26'46"74 ; DC    ;  69,100 ;     mV ;       ; 01:59:19
   3:26'47"02 ; DC    ;  69,110 ;     mV ;       ; 01:59:19
   3:26'47"33 ; DC    ;  69,110 ;     mV ;       ; 01:59:19
   3:26'47"64 ; DC    ;  69,100 ;     mV ;       ; 01:59:20
   3:26'47"98 ; DC    ;  69,100 ;     mV ;       ; 01:59:20
   3:26'48"27 ; DC    ;  69,090 ;     mV ;       ; 01:59:20
   3:26'48"57 ; DC    ;  69,100 ;     mV ;       ; 01:59:21
   3:26'48"87 ; DC    ;  69,100 ;     mV ;       ; 01:59:21
   3:26'49"17 ; DC    ;  69,110 ;     mV ;       ; 01:59:21
   3:26'49"46 ; DC    ;  69,110 ;     mV ;       ; 01:59:22
   3:26'49"76 ; DC    ;  69,070 ;     mV ;       ; 01:59:22
   3:26'50"07 ; DC    ;  69,070 ;     mV ;       ; 01:59:22
   3:26'50"36 ; DC    ;  69,070 ;     mV ;       ; 01:59:23
   3:26'50"66 ; DC    ;  69,060 ;     mV ;       ; 01:59:23
   3:26'50"96 ; DC    ;  69,060 ;     mV ;       ; 01:59:23
   3:26'51"26 ; DC    ;  69,050 ;     mV ;       ; 01:59:23
   3:26'51"56 ; DC    ;  69,070 ;     mV ;       ; 01:59:24
   3:26'51"88 ; DC    ;  69,050 ;     mV ;       ; 01:59:24
   3:26'52"16 ; DC    ;  69,030 ;     mV ;       ; 01:59:24
   3:26'52"46 ; DC    ;  69,030 ;     mV ;       ; 01:59:25
   3:26'52"76 ; DC    ;  69,030 ;     mV ;       ; 01:59:25
   3:26'53"03 ; DC    ;  69,010 ;     mV ;       ; 01:59:25
   3:26'53"35 ; DC    ;  69,020 ;     mV ;       ; 01:59:26
   3:26'53"61 ; DC    ;  69,040 ;     mV ;       ; 01:59:26
   3:26'53"90 ; DC    ;  69,080 ;     mV ;       ; 01:59:26
   3:26'54"16 ; DC    ;  69,050 ;     mV ;       ; 01:59:26
   3:26'54"45 ; DC    ;  69,030 ;     mV ;       ; 01:59:27
   3:26'54"74 ; DC    ;  69,020 ;     mV ;       ; 01:59:27
   3:26'55"02 ; DC    ;  69,020 ;     mV ;       ; 01:59:27
   3:26'55"31 ; DC    ;  69,020 ;     mV ;       ; 01:59:27
   3:26'55"59 ; DC    ;  69,010 ;     mV ;       ; 01:59:28
   3:26'55"89 ; DC    ;  69,000 ;     mV ;       ; 01:59:28
   3:26'56"19 ; DC    ;  69,020 ;     mV ;       ; 01:59:28
   3:26'56"50 ; DC    ;  69,030 ;     mV ;       ; 01:59:29
   3:26'56"78 ; DC    ;  69,020 ;     mV ;       ; 01:59:29
   3:26'57"06 ; DC    ;  69,000 ;     mV ;       ; 01:59:29
   3:26'57"62 ; DC    ;  69,030 ;     mV ;       ; 01:59:30
   3:26'57"92 ; DC    ;  69,000 ;     mV ;       ; 01:59:30
   3:26'58"22 ; DC    ;  68,990 ;     mV ;       ; 01:59:30
   3:26'58"53 ; DC    ;  69,010 ;     mV ;       ; 01:59:31
   3:26'58"83 ; DC    ;  69,000 ;     mV ;       ; 01:59:31
   3:26'59"17 ; DC    ;  68,990 ;     mV ;       ; 01:59:31
   3:26'59"46 ; DC    ;  68,980 ;     mV ;       ; 01:59:32
   3:26'59"80 ; DC    ;  68,990 ;     mV ;       ; 01:59:32
   3:27'00"12 ; DC    ;  68,970 ;     mV ;       ; 01:59:32
   3:27'00"42 ; DC    ;  68,980 ;     mV ;       ; 01:59:33
   3:27'00"77 ; DC    ;  68,980 ;     mV ;       ; 01:59:33
   3:27'01"10 ; DC    ;  68,990 ;     mV ;       ; 01:59:33
   3:27'01"41 ; DC    ;  68,990 ;     mV ;       ; 01:59:34
   3:27'07"83 ; DC    ;  68,980 ;     mV ;       ; 01:59:40
   3:27'08"15 ; DC    ;  68,920 ;     mV ;       ; 01:59:40
   3:27'08"45 ; DC    ;  68,920 ;     mV ;       ; 01:59:41
   3:27'08"77 ; DC    ;  68,890 ;     mV ;       ; 01:59:41
   3:27'09"07 ; DC    ;  68,900 ;     mV ;       ; 01:59:41
   3:27'09"35 ; DC    ;  68,900 ;     mV ;       ; 01:59:42
   3:27'09"64 ; DC    ;  68,900 ;     mV ;       ; 01:59:42
   3:27'09"94 ; DC    ;  68,900 ;     mV ;       ; 01:59:42
   3:27'10"23 ; DC    ;  68,890 ;     mV ;       ; 01:59:42
   3:27'10"51 ; DC    ;  68,900 ;     mV ;       ; 01:59:43
   3:27'10"80 ; DC    ;  68,890 ;     mV ;       ; 01:59:43
   3:27'11"08 ; DC    ;  68,890 ;     mV ;       ; 01:59:43
   3:27'11"35 ; DC    ;  68,870 ;     mV ;       ; 01:59:44
   3:27'11"62 ; DC    ;  68,870 ;     mV ;       ; 01:59:44
   3:27'11"92 ; DC    ;  68,880 ;     mV ;       ; 01:59:44
   3:27'12"19 ; DC    ;  68,880 ;     mV ;       ; 01:59:44
   3:27'12"48 ; DC    ;  68,870 ;     mV ;       ; 01:59:45
   3:27'12"78 ; DC    ;  68,870 ;     mV ;       ; 01:59:45
   3:27'13"07 ; DC    ;  68,870 ;     mV ;       ; 01:59:45
   3:27'13"36 ; DC    ;  68,860 ;     mV ;       ; 01:59:46
   3:27'13"65 ; DC    ;  68,870 ;     mV ;       ; 01:59:46
   3:27'13"93 ; DC    ;  68,850 ;     mV ;       ; 01:59:46
   3:27'14"24 ; DC    ;  68,870 ;     mV ;       ; 01:59:46
   3:27'14"51 ; DC    ;  68,850 ;     mV ;       ; 01:59:47
   3:27'14"79 ; DC    ;  68,840 ;     mV ;       ; 01:59:47
   3:27'15"05 ; DC    ;  68,840 ;     mV ;       ; 01:59:47
   3:27'15"34 ; DC    ;  68,850 ;     mV ;       ; 01:59:48
   3:27'15"63 ; DC    ;  68,850 ;     mV ;       ; 01:59:48
   3:27'15"93 ; DC    ;  68,820 ;     mV ;       ; 01:59:48
   3:27'16"21 ; DC    ;  68,830 ;     mV ;       ; 01:59:48
   3:27'16"50 ; DC    ;  68,830 ;     mV ;       ; 01:59:49
   3:27'16"77 ; DC    ;  68,850 ;     mV ;       ; 01:59:49
   3:27'17"05 ; DC    ;  68,850 ;     mV ;       ; 01:59:49
   3:27'17"34 ; DC    ;  68,840 ;     mV ;       ; 01:59:50
   3:27'17"62 ; DC    ;  68,830 ;     mV ;       ; 01:59:50
   3:27'17"93 ; DC    ;  68,820 ;     mV ;       ; 01:59:50
   3:27'18"21 ; DC    ;  68,820 ;     mV ;       ; 01:59:50
   3:27'18"51 ; DC    ;  68,830 ;     mV ;       ; 01:59:51
   3:27'18"79 ; DC    ;  68,830 ;     mV ;       ; 01:59:51
   3:27'19"07 ; DC    ;  68,830 ;     mV ;       ; 01:59:51
   3:27'19"35 ; DC    ;  68,820 ;     mV ;       ; 01:59:52
   3:27'19"63 ; DC    ;  68,820 ;     mV ;       ; 01:59:52
   3:27'19"90 ; DC    ;  68,830 ;     mV ;       ; 01:59:52
   3:27'20"18 ; DC    ;  68,800 ;     mV ;       ; 01:59:52
   3:27'20"49 ; DC    ;  68,820 ;     mV ;       ; 01:59:53
   3:27'20"79 ; DC    ;  68,820 ;     mV ;       ; 01:59:53
   3:27'21"09 ; DC    ;  68,800 ;     mV ;       ; 01:59:53
   3:27'21"42 ; DC    ;  68,800 ;     mV ;       ; 01:59:54
   3:27'21"70 ; DC    ;  68,800 ;     mV ;       ; 01:59:54
   3:27'22"32 ; DC    ;  68,820 ;     mV ;       ; 01:59:54
   3:27'22"62 ; DC    ;  68,810 ;     mV ;       ; 01:59:55
   3:27'22"89 ; DC    ;  68,810 ;     mV ;       ; 01:59:55
   3:27'23"17 ; DC    ;  68,790 ;     mV ;       ; 01:59:55
   3:27'23"46 ; DC    ;  68,800 ;     mV ;       ; 01:59:56
   3:27'23"76 ; DC    ;  68,800 ;     mV ;       ; 01:59:56
   3:27'24"07 ; DC    ;  68,800 ;     mV ;       ; 01:59:56
   3:27'24"36 ; DC    ;  68,790 ;     mV ;       ; 01:59:57
   3:27'24"74 ; DC    ;  68,780 ;     mV ;       ; 01:59:57
   3:27'25"02 ; DC    ;  68,790 ;     mV ;       ; 01:59:57
   3:27'25"32 ; DC    ;  68,770 ;     mV ;       ; 01:59:57
   3:27'25"59 ; DC    ;  68,780 ;     mV ;       ; 01:59:58
   3:27'25"90 ; DC    ;  68,780 ;     mV ;       ; 01:59:58
   3:27'26"19 ; DC    ;  68,780 ;     mV ;       ; 01:59:58
   3:27'26"53 ; DC    ;  68,770 ;     mV ;       ; 01:59:59
   3:27'26"85 ; DC    ;  68,770 ;     mV ;       ; 01:59:59
   3:27'27"17 ; DC    ;  68,770 ;     mV ;       ; 01:59:59
   3:27'27"46 ; DC    ;  68,760 ;     mV ;       ; 02:00:00
